0,436
0,435
0,434
0,433
0,432
0,431
0,430
0,429
0,428
0,427
0,426
0,425
0,424
69,3
69,2
0,423
69,1
69,0
0,422
0,421
0,420
68,3
68,2
0,419
0,418
0,417
68,1
68,0
0,416
0,415
67,3
67,2
0,414
67,1
67,0
0,413
0,412
0,411
66,3
66,2
66,1
66,0
65,3
65,2
65,1
65,0
64,3
64,2
64,1
64,0
0,410
0,409
63,3
63,2
63,1
63,0
62,3
62,2
62,1
62,0
61,3
61,2
61,1
61,0
0,408
0,407
60,3
60,2
60,1
60,0
59,6
59,5
59,4
59,3
59,2
59,1
59,0
58,7
58,6
58,5
58,4
0,406
0,386
58,3
58,2
0,9
58,1
58,0
57,35
3,2
10,85
10,245
10,301
10,108
10,102
10,152
10,169
10,203
10,2
10,3
11,9
11,26
11,22
