#FORMAT: BEACON
#PREFIX: http://d-nb.info/gnd/ 
#ALTFEED: http://www.historische-kommission-muenchen-editionen.de/beacond/beacon_AlbertinaKünstlerGND.csv.txt
#FEED: http://www.historische-kommission-muenchen-editionen.de/beacond/albertina.php?beacon
#TARGET: http://www.historische-kommission-muenchen-editionen.de/beacond/albertina.php?pnd={ID}
#MESSAGE: Albertina. Sammlungen Online
#INSTITUTION: Albertina, Wien / GND Liste: Alexander Pointner <a.pointner@albertina.at> 
#DESCRIPTION: Künstler in der Albertina. Sammlungen Online (3100) 
#TIMESTAMP: 2014-05-15
122846842
7518709-7
118643525
118500023
119196484
1021859214
130075248
118896644
118847139
118886509
119540355
110682696
119369125
118643703
116005912
118500473
118500481
116006374
11624187X
118500570
118647024
135676940
119299798
118911562
119342529
124079091
117750492
119125846
119497832
143836056
119344483
118501429
119477874
118501461
12498407X
1037502469
123351995
118501666
118501682
118501755
11864792X
119161915
135862221
118502069
1030146322
118502093
120567970
118644815
138529949
140704329
120739674
119012758
118502182
118502204
118502220
118502239
118502255
118648381
118648527
118830651
13650602X
123455235
135708885
119203979
128959363
118502433
11864498X
118502557
122235401
118502573
12911832X
1032785616
1030563152
129533335
136414982
118830686
122521811
130531324
123330688
122799879
136692087
13969594X
118849344
121461335
1019260580
129817953
117661716
119128969
11864954X
118503316
119218283
13757567X
118916351
143488147
11864971X
119120879
118819879
118503715
118503723
118503731
119060558
130553093
118503782
118830848
118745905
118649949
118503871
118503995
11909696X
126131481
11766281X
122961552
118504398
2030321-X
121973468
138541442
118504606
118504614
137798482
122634071
118646125
128698373
118892959
11920083X
119200848
118842846
119047713
118504932
124126820
118504975
120844761
136355552
102447748
128908467
11865098X
129100072
116377135
119139138
116376929
128856556
121420833
118960903
119011875
121329356
119467836
128609265
123794412
124485790
124534767
118651498
130098140
1036127206
118923811
118829505
119372819
11850570X
123220610
1018720871
141661186
120856263
118651730
118977547
1017915350
139258310
11604103X
118651978
119286564
118702009
118506153
137215231
141657480
118506188
119234890
119070081
118887815
133150321
118506307
140465820
118506331
119142201
118652230
124235816
130103209
129123056
1041292198
118506382
130060453
119264900
118506439
102004943X
1020868953
138177430
118657100
131574035
118652427
118978128
141881453
119255227
118506595
122908899
131854135
118506617
119484587
119256908
138800456
116062460
133965015
116063319
133984524
118506838
11882953X
118968580
118849549
100024173
129060216
133274292
118657437
11850701X
119237601
136351719
11865750X
126003904
119024098
119077043
129124435
119118254
137248997
116085517
122317580
120588188
118850814
118653865
118507559
118507621
130414042
119008440
116096438
135895014
118507745
101046588
119021692
118507796
122583035
118507826
118930192
110805216
119383330
130217700
118888692
118508210
111939968
116107278
122491084
129977462
125011296
118654772
18946318X
118508318
118508326
1019717319
118508466
118654942
132720841
126389217
1022836978
119078244
118655140
118655183
118637819
129454257
124118895
129812943
1037732847
118831844
12328631X
107746581
117584991
122958748
143805517
129768294
126034311
122148649
101934802X
124417701
118658336
128406585
138573433
118655906
138573581
135978807
121089185
128423749
118844296
12681838X
133725774
116146230
118509926
174381735
117589543
189365161
119090864
118896261
119053454
118821571
121025365
121593681
1038657350
118831666
116162317
116164492
119122219
131419439
118663216
129036293
118510878
118510975
118511289
116191708
118173650
119093588
119390531
128797177
11885030X
119424215
118511378
119038560
118796526
118658972
118511513
133453588
120409232
119275902
118511599
119270056
118511645
1021330493
119285746
135549442
118663925
11851170X
122384148
118910906
138755701
13889809X
137576080
116204303
1012395529
124186475
118660500
118936301
118660527
116224959
124483860
118512900
119040948
119365286
119357895
118853007
120669226
118659278
139264973
126218692
12306175X
11901159X
118513281
129128627
118661728
136219845
136219659
119025175
118513745
121923827
133703800
11851380X
124831311
1017884625
132381168
118662155
129605603
11893810X
11945081X
122718011
118659456
118662244
118816640
174323972
122395549
130073512
124986269
122011449
11896206X
124327672
118659537
119229196
139062467
123060532
129856053
118659588
12458229X
119546159
119423413
132260042
1038282314
118780891
119248980
118673076
135556317
129756210
118936972
123115027
118810766
118659820
119317753
118514504
118839233
118514571
118852744
119211696
129063150
123667313
123667437
118514806
118809725
116469986
143913417
118514970
119296764
118673912
119395509
118515195
118515209
128608102
119179466
135647223
116519053
1012390365
118167472
124858678
17316921X
1024481913
118167375
118674382
116726245
118674013
118674005
118516329
140702865
123658217
10006096X
135788005
120641569
133149021
118516612
118664301
121761029
119296209
174302657
118931083
132344297
142870307
118665138
118665200
118517147
102445052
118517767
135706653
118517880
136186866
118982397
118517236
136508197
118665693
117668001
121083373
123230829
118518291
116430907
130614386
118834460
118518364
174192207
11851850X
174298560
124269931
124561446
174192339
118834770
130175323
130184187
128867574
118518674
116436689
120158531
119554275
135931983
120616971
116436956
118638203
116442832
118518771
119165457
118518860
119540266
118904566
118666983
130042153
134029186
121050947
128610212
119172798
123796873
118519093
116452722
118967282
141949554
11866848X
118519204
118519212
102421978
121526860
128514051
1025307836
118668536
118519255
118668544
118668595
118519352
122539435
118872486
133444090
118870645
118904132
138379750
121997979
119044021
123386004
13416671X
135719410
119503069
100076262
1019154020
121500403
136667031
13311449X
118638319
123688566
118519964
118519980
174193971
102490783
12312798X
119233096
122101359
118520121
137541287
123089131
122521307
119091593
174194447
118520431
129391255
11852044X
118925113
118524208
142197300
118520512
137754426
123082854
11879969X
118520660
116510560
119193892
119500639
118814451
1028018843
119148668
134089316
139385312
1036630110
118676318
118521225
118874233
136054307
123434262
118871404
118838261
121159175
118669575
118521292
118676512
123825547
136946593
122823583
139024344
118521349
118676547
128576847
122944909
123078369
129630217
1018014586
129985694
118839764
121917754
11852173X
118853740
129621293
138887993
123593794
129101095
123852161
13399807X
130120022
119339382
118522078
139656316
141576014
118522140
142596167
120494809
104319925
119426021
136260764
118862383
123484634
119014459
118676903
118522256
11867692X
119206064
129841188
118638599
118792105
118677004
122817575
173171095
118522450
119459574
174196911
119381699
120294109
118913905
119242427
126291381
123958563
140787194
118522582
118522590
121932508
119248506
118522728
13579644X
122340566
121337243
133006514
121532895
131754955
122235800
118670786
123896452
133903826
123734053
118677675
122116305
12307763X
122810775
118678493
118678558
122964314
118670883
118678566
138919216
118843982
118761129
118523481
118810847
118888811
118678744
118670999
102194920
134107640
11602819X
118671057
118523880
143625020
122399331
117622710
118523945
128571993
1020941537
172711509
118774859
11918141X
12280659X
132252082
116057688
139081895
122905040
120193329
122150325
118524240
123820529
118524283
118524291
12972680X
116056827
118837125
118666053
127830928
118524461
124496776
121907120
118524496
11852450X
123076455
122515617
122955986
161088880
118679430
122371186
118671464
119355396
119293293
121990028
116073640
118524755
123352886
118671634
118870890
119228416
130150495
119380641
12214516X
119298937
118746324
123248728
136655343
118936786
118671979
118679546
118525999
140938435
118526103
119169339
128866969
123761506
129165085
135697611
1038038049
138790833
121128725
1037969146
116172576
118638831
118638858
1019762926
11910895X
118680358
118680374
116159081
116159138
118526804
118526839
122441311
130051969
119275287
100546307
119183471
116190647
122417682
116196793
129954845
129101982
119359383
124150748
123765161
122123395
139937129
118527681
122344774
121807193
121097552
121097439
137823045
12186572X
12226648X
124779484
118681125
118527983
116235373
118672657
116235411
119357712
118879685
131666150
1013810635
141907800
119000776
119356198
122568389
122968840
123345057
11852786X
117751669
13227275X
121922235
118681370
118888358
121797678
133444015
121132889
133446077
118528386
136691919
118687565
119300419
117496782
1037092813
118924966
118687743
118528831
124495591
119154544
118687824
172946263
123153484
116357037
118529072
119015854
133067521
1031779531
138762759
142593591
118688251
11928085X
129102687
11641801X
116418095
119150875
119240874
118688480
135904889
119001136
119453959
129108715
129108693
118810936
11771206X
13068208X
130680397
116476931
118530267
122312910
118932748
119026694
129274623
119294753
11868485X
119198797
118684892
121505014
116505036
122053257
2010293-8
11853050X
129102873
124135900
122175204
119125021
118530747
118901885
129102903
129287083
116556625
118530895
130054275
11922593X
128960620
134020731
118862626
116585749
1013163400
12091008X
1019769629
11886257X
118531557
116326174
11943184X
121772551
118685627
137181337
122259793
118682962
121693546
118925377
118531824
118683004
132483564
124418333
135994403
130635731
118686275
116425156
116437561
118532308
118532391
116460210
135982642
116461942
11868664X
11886520X
128616296
141082119
124413781
121813738
135852544
118683500
118532731
117507369
118935356
118687328
11900013X
11890440X
142069787
1021284998
121602036
132656221
121690318
118533495
13391982X
140126716
118954253
118956736
119042614
116603364
123380103
11945890X
118534025
121094111
118534017
124577903
118692089
118692097
104377852
118840428
11869216X
118918877
118684191
137621949
136326137
118692011
14373539X
118534432
116676396
116677015
128593873
118692348
118503081
130137200
123585465
142941123
130440221
119053985
102458979
118639080
122328922
129725102
118919466
129068403
120739615
11920925X
118534769
1020543671
143245511
118692836
120668327
119510731
130881805
118959298
116771321
123345537
116774290
116781475
12910387X
118825518
116786477
119335840
121463311
118535889
116806702
118703277
118703285
137509030
118536362
118703358
12311893X
129103896
118536435
119233630
118693972
118968696
118694189
11869409X
123613353
116874260
142592110
12891341X
100130623
118536745
118689185
123581354
100811957
118662953
118662961
18843013X
129067881
129171557
132238756
128580356
118900927
118900919
118900900
124221009
119167476
128649798
118630903
119214954
118537075
129952176
116449276
118985264
124190847
121225542
1031726705
118689762
122238702
122238621
136375480
118689789
118537814
118537822
118689797
119245108
139378685
118537903
121620468
11773215X
119319926
116495480
118690027
118690205
118716697
11853839X
137512791
13882116X
119284936
1042528020
118538675
136429424
129639168
130589845
131787365
119324695
1018919988
118538896
116595671
118538969
11661451X
124251625
122094204
118834886
118539086
118717227
118539094
11869460X
11871726X
121808653
137745109
119189771
104310499
1012621847
121514129
11869507X
137195230
118884840
135761387
1024090590
118950134
118639242
136488951
142028533
102522669
11668514X
12219098X
1037337131
1032508221
103750746
118695908
119200023
118540416
119525984
118540610
123414253
11891880X
1037011325
118933159
118540742
122782259
118696602
116788313
118540904
119213192
119396831
129781363
122806670
118541064
118541072
118696009
14199214X
119135248
117551139
130166529
119243059
11869698X
11869703X
118697064
1011177242
117752436
135900085
118697080
118541439
118541471
118901397
128873884
123520002
128490012
118541676
121286673
130118257
130167010
118718762
116832622
118718789
140264256
124315356
118697781
123972000
119172089
118697846
118718959
11686625X
118718975
134091027
118542656
118542672
116887796
122011600
118542907
119381230
119119110
110149238
122004795
118543091
12064987X
133903842
122913930
119254948
118901834
118543539
123253705
129087890
120682435
117576182
118543261
118719173
118957368
119205637
118543342
118843834
122414217
118699695
1036715973
139434569
116350873
118921584
118544268
118544306
143821474
1041862253
118700456
121063089
131721771
118719904
135993148
1023991799
12918358X
119531224
119290286
119256754
118701002
116412240
124403867
118545221
1019864826
124051219
131504479
13150438X
131504541
118545329
1037988590
129201456
118545450
124556981
118701312
119534053
118701363
140909842
13707283X
116482990
136277713
119318652
142894028
118546406
118701894
118546597
118546678
116515937
118773399
11885092X
135625203
118819046
11854716X
118893173
116549467
119373033
125085370
138834008
118547488
119020157
1012185397
118547658
119000148
128994908
116571330
131575392
116605170
1026692504
123036534
118022377
123348404
118709917
122775279
12995361X
124221785
123128757
119346761
132875330
1026849322
118548972
128868929
126727112
135671051
143682466
118710494
142601764
118549316
1026436850
118549405
129154121
132406225
101063024
119298791
11870396X
115506527
118704052
116768754
119062852
12918988X
118774743
119532190
118550497
121091201
136180035
129174327
118704753
118774441
133277453
118704982
133184552
134068068
118551469
1011871556
118774530
1012912485
117525677
123488893
118551817
129462438
138850089
124500153
119024845
123992338
119356015
13136653X
130039136
118552341
129222909
118845446
11855252X
118552678
123091985
118552708
118552805
137927002
130183482
118746812
11870639X
118552929
118552953
118553070
118979841
118706551
1037339177
101842668X
1012013057
118552058
118706810
1012022943
118553313
123468493
119441969
121677095
126882789
118983431
14003062X
118774875
119265931
122582519
102508585
116981636
11888140X
118687077
128508175
132584557
118552201
118707124
118553771
118835262
123258685
118553917
118553925
121354334
129807273
1011891956
118554115
117539139
118815296
119144573
118707582
100608930
117051764
133913708
118846914
138864225
123989582
131522639
117062324
118708198
104310219
14142009X
124165044
139590870
118708449
124461255
132552272
132727110
11905101X
129946109
11855560X
115866655
117204994
118710990
113743149
119298880
117049735
129197785
132946769
11871127X
1027789943
133985016
136764525
132217554
128963131
124164722
119035472
118556967
136263224
118557025
117083259
118914405
118841882
118557157
137847947
1019741252
119427605
118997068
121161870
101211376
136366155
1037340116
118712764
136328598
118776398
119159090
118558331
104279850
131445049
102524475
136061850
11888560X
143084763
119531526
129083607
118925318
174227531
116026286
117565121
118714864
10918825X
118881434
119003147
123898226
129630942
118559737
123018927
143066528
116061995
174228589
119289431
123984971
118930435
118721224
118560751
120916363
119092727
119119811
119124238
119333430
118561588
118561626
119139006
128358076
13209696X
132559900
118561871
118561901
120786974
129313041
118970364
11885500X
122132807
116175494
118562398
118562452
116187999
1013623398
1014608023
118625721
119119757
142593516
118562762
118562827
118562924
118562967
118723464
119498162
118563211
118812602
133181502
130210196
116228024
133256294
118563289
119494566
118563335
118989537
11578134X
129125431
11623542X
132037297
119447630
118563629
119543451
119080958
118563769
129704083
119376725
118777572
118777580
13201517X
118723928
118563890
136106196
118724010
121928845
118564129
118724258
119351188
118713558
118564218
118724193
118564722
118564781
11912761X
11856482X
119152444
118564943
1015186858
1013863143
116302860
116293160
118565044
121749584
1013878981
118713981
119352869
118565354
119213990
118880519
118841548
124048862
116343834
119018276
1012776824
103751149
136439926
118715380
129127256
129284114
118715615
1020869364
174319150
124159621
129224839
118724436
132156113
119521105
122744667
13618832X
120533421
122583787
116559314
11872469X
1017833621
119320460
118567365
118724932
118567551
116599944
118567586
122092864
118567993
122352688
118725378
118725408
11659165X
118725440
121110559
128681314
118568191
1037532848
129207594
130216488
13731261X
122119363
117573752
104188626
13661812X
118725734
130216380
118968718
118778420
124986102
123192862
128845074
131421921
119052636
124985734
122303660
118778595
124319165
119322870
116684151
132539454
116703350
174307942
102548854
116720697
118569503
12977930X
12401741X
189484381
118778811
116736801
118938584
118569880
118569937
11856997X
130217328
118778927
122239377
142594067
118726757
116770988
138933030
124042627
103102701
118779141
123825792
118676873
128866748
140524541
143764071
123162939
118914022
129078395
12190816X
118998420
118960709
102822514
119001004
129228672
123657105
118570994
116860669
132382822
118571117
118727192
118571222
121089401
118727303
124016626
119524368
121751651
102571929
119101971
118571516
139435603
118571524
119080966
11900285X
174320426
118640445
124596681
123700035
137539665
142591548
1019342498
119320444
132649276
118855549
130271829
136668534
1019353171
118729314
118998250
121091031
118572636
128493062
116996080
118572695
123974461
1019259809
138838283
13578834X
119202379
174164491
118572873
118779966
119147262
129078476
138828342
129070416
118780077
119002205
118780115
118573373
118947648
123154375
118573470
133653943
129695238
120231603
118811436
118728768
122613805
118761412
119121204
134255488
119208342
12442869X
118816047
11857423X
117213713
118800868
117245631
118574450
119240106
118729152
118780530
118780549
127803157
123468914
119440628
140416714
117296724
123029953
118780808
118575082
117297798
122834771
118575112
102560722
122558871
121499162
118575511
118575767
118821830
123206545
118729918
118575864
118575910
118781197
121034658
142838292
1038774144
103342000X
122131924
174241925
129726036
118576208
118730223
118730274
129042242
118730347
119246449
1036564541
118640836
128512962
118598694
118781529
11857700X
132511541
133788660
124508901
119292807
118940554
1020702672
12207288X
122165446
122181123
118577336
118577417
119414651
11857745X
142965529
119238020
116760230
118577573
122019318
124418775
119000849
118577662
11906278X
121195600
11857793X
141836261
116782234
119532158
121474704
119261197
13699430X
143942565
118731157
11776065X
119146762
123569761
118578618
118578669
102833729
11857874X
121823768
119114356
122093798
118578847
104140674
11857910X
1044376805
118579185
124346529
118782681
118887262
11929575X
129095818
122786637
119493330
119222892
118729942
119317761
118579843
140336427
138906750
119273985
122702190
118782851
118732641
118782967
122109899
129742953
139523456
129210005
189376651
118546961
118687387
129763608
139179461
189374470
1043302247
118949373
122786084
118580647
12238489X
118783270
123589959
116882204
118580914
118581090
119363577
118581082
118783440
118954717
11906023X
118783548
116954817
116956291
116956879
119312956
118977156
118733257
117555916
139148213
13834387X
121987000
123029082
117017590
119317915
118582143
12468677X
135785499
122048156
135764351
122045742
118783823
122259998
117028622
11858233X
1011479850
118582364
121689352
118582550
132223333
189411503
121294951
118784137
118582712
1023330814
122460278
14349032X
118582933
118582941
132522462
119481251
138396531
134188357
118583204
1017200939
118949381
118850903
138914168
124520073
12984134X
119560496
138410488
118882368
124363261
118911112
188445331
118830643
131504444
11858345X
128584467
129266272
118784609
118583654
124368611
118583875
121809889
118784803
129225010
121745783
116916249
118736949
118935054
118737112
1023724820
1029908850
119320800
118832182
118737260
118737554
118584715
119132311
119376717
118641220
1038499321
101390415X
123173892
1035706040
11758018X
118584871
129655945
121463486
129178802
117592641
117592757
117596205
119337975
119189100
119277298
118585738
118585525
120215942
130121258
119430282
121843688
118735373
1037881222
120972638
1031483764
1028018320
115264086
118586181
119206749
116879815
118586254
119244845
124163629
118785648
121589811
116885165
119086255
103755586
120965828
130368792
13802443X
118586807
122072766
129771686
118738488
119531992
122988426
130498114
101140141X
117551244
130123404
119179547
1029687587
119090708
118587501
136149871
129841293
121966674
138137951
117001848
133572846
11858815X
118735543
118588494
138923302
122850297
132726920
118818880
121083446
119406810
1015947352
117060429
129559040
1024631265
138047332
133618544
118735691
1029590354
119516551
118736140
118589180
118735802
119060612
11759282X
13217572X
100955800
117098639
118786792
117106704
117106690
123798345
117122165
117594237
1038714044
118787136
118736426
121166341
119547937
118641425
115676317
118590243
118869469
1030277249
122183843
132860821
118590421
11859043X
118787292
1022164686
118738887
118590944
118840266
118816950
121091007
124093841
119347776
11927695X
118591274
124404103
118591339
118899988
11878935X
121626342
132687062
119117851
118953494
122377842
118641484
133824799
129565067
129565148
133824764
118591886
118852507
12440975X
118591924
119287684
118591932
122808274
119038196
118591975
140040749
116060425
12987308X
132301849
116069767
1025616286
118881701
1032883898
118592335
118905880
137512945
118592394
118850326
119234238
119024144
124036465
129609471
124407374
133031411
115866558
139195521
1034446150
122224655
118592807
124414559
119091771
118740091
140470999
118592904
1019745665
118593056
1037141601
129676713
1011601869
120637162
116135190
11925008X
118740660
129085154
133485285
100745628
118821490
11884041X
139172807
1025911628
118792032
123379636
118594206
118898639
137673620
118594249
119412977
119189550
119304457
141426497
103107819
119182823
116185910
118641662
118792245
118792261
129168092
11618969X
118594575
118594559
115363416
118594613
119112981
118594672
118792407
128815140
172697271
123128358
1036277275
118741047
11937627X
101869062X
11915255X
118792628
118595245
116247983
123299446
138939446
103085432
120110210
118973401
139310304
118741381
118638696
118595555
118595679
130494771
103085297
123599733
119001128
119437090
122036182
119484668
119178672
116269588
1034185985
13233612X
129096261
119209993
137350872
123076439
119296500
118596047
1019172347
118741691
120905183
11859608X
118596187
118596217
116282061
122150554
118741837
116282266
119248794
124493238
103084053
119006472
117696811
1021107719
119109077
119340879
119019752
13036732X
119072432
12892571X
119072424
130061557
119467364
119456915
140773312
1027026206
118742930
118741667
118846027
11890406X
132522349
172549108
138364397
119499223
116317140
116317183
118793799
133764478
118892711
118940147
136979904
1023896532
101937523X
132345692
11874352X
118787675
118597787
118787683
116324554
118787748
118787764
118914448
118597930
118787799
118598031
119020017
128892838
118748998
125990413
119527723
118749234
118598619
1030609780
118749382
123072263
12445917X
118743740
122324757
129059072
119168596
116391693
118599119
119429438
13063316X
131653083
118967436
1027645208
119293595
174308205
118744305
1027646387
126810176
128393580
101920822
118599585
121262340
122783689
11859964X
118788329
116437618
122044037
118599690
118599712
118599755
1025067266
129183172
124464564
118788442
118744615
131652087
118826387
1012400808
101314132
116503076
118788604
118835696
118788655
118744941
1017439508
118600486
118957376
118600419
118600621
117532525
118600729
118992767
118992759
116545615
134103831
133353591
11878885X
121667715
1013753836
119041308
119287919
129704431
1042038457
118745514
119322919
119028816
118601482
118601490
11883570X
123058880
126788863
120568055
130135259
131045458
11896710X
139244352
118601717
118641999
118993070
1042065713
118941224
118749455
119004283
118602217
118791036
118602403
121473880
118791060
133972623
117534110
118749609
118888544
13923506X
129182362
118749625
103117660
131858947
118749641
137423152
118791141
1025226305
119136635
130137243
119188945
128432063
12342593X
122413423
118602047
139978720
102863918X
118745816
118814206
120115530
119078880
118603086
128485035
12244826X
118858955
118603345
116662689
118603353
118603361
136793487
124999212
118603434
122661036
123100917
118603485
1038829399
133578402
11860354X
119516446
116670509
119334690
116702176
122771729
118603930
118750283
132828081
118604082
118987224
118604155
120723336
174266014
138078106
119349183
118996444
124707777
118604090
189740841
135560802
126790949
118745328
116713321
121915808
142053929
118793977
121357813
11949888X
143733370
1020723955
118647652
1016545975
121978788
138085803
118750682
118604813
118604821
118794078
135892392
119258897
1028381808
119011190
118794280
118850296
122507436
123678145
133320650
118935321
11893533X
12387484X
118794396
115749438
118956337
118794426
118799770
143740709
119006561
118794604
118838741
129241741
118838709
119322005
189733489
117094595
118748181
118606115
122437985
1020481161
119048833
133085244
118606522
11874836X
13812440X
119315904
122154770
118606832
118975072
118606840
119552337
118811940
11912405X
11902571X
117195278
118968416
133046958
115799877
132713535
1019536020
117224189
118794973
134064429
139568166
118607499
131666274
12926380X
129263818
129248517
1011438925
118755161
118759299
118980718
118608088
103765816
119148544
138240442
133188183
118997629
119345714
104160802
121651363
118608770
118892983
128677007
136281699
118759795
118795244
138174105
118759949
119307308
118760017
133855376
120303388
11910637X
121297713
138182701
118609815
118609823
118609874
1031823816
116902329
118759051
120773163
142611263
103184287X
1031946454
118758896
118610430
119472058
129284130
118610228
118881418
118758969
138194742
139381295
122902637
128482362
118930370
120533251
117025569
117026174
118894242
11706078X
129264016
118761919
138217467
1032937076
117108847
118843974
117751472
174270143
117192759
12283710X
130117714
119441020
13049416X
119015056
138357129
138359563
119187841
121089703
11876294X
119369303
1028281056
119142368
118925369
133972593
131514563
138571902
127971130
118612271
118612298
133116735
119153955
119186993
117654876
118760467
118612700
118612751
11745480X
118843524
117471542
119509113
118867199
122953371
122177886
123029872
118613154
119131994
118796267
123249511
137930283
119295369
118613502
129411418
13842683X
138427186
117624950
118754092
119197766
140597026
174313144
118765108
120054876
124306934
1033998893
119425157
11861424X
129292249
117383252
120499274
119006944
122656849
142125296
123055520
119457415
118614762
118765728
119090058
1023569248
11896643X
118614940
138463719
133144003
121151611
118797743
129760668
121320987
118748602
129873136
117452963
118797921
119325438
118027042
13852856X
119077914
130439983
121808521
118615785
118615793
105136077
133202615
122298543
129113395
120021080
124355897
1037332962
142128961
118616307
122971809
118826085
117486817
12173322X
124247792
1035577283
118824732
137763670
131968963
121660885
129180335
139628738
118752855
118798545
130368741
124798764
121193993
115694161
119183749
119114895
121488225
127875123
138518971
117255807
11861746X
118753282
119043181
117258512
118753320
1028520573
118812092
118753460
1036469646
118753584
119072521
119408155
136107893
124488536
1038822572
142551163
100792553
133261727
1045054909
1021269867
117264571
117265381
11726539X
11935635X
118618539
130159050
120864967
138553505
122372840
117266299
118910183
118554786
117305359
117305715
118755730
1019703830
11896609X
118618989
1018966633
122038924
1017133824
118799169
1027983979
11875601X
119117517
104066202
119128284
1038281180
13574055X
118939459
118619543
117363596
119094282
119155230
11903770X
117372870
118913069
132414791
129091723
119530570
118799487
11862010X
11738285X
124061168
16317414-3
117679186
174336063
119430584
119373742
129283711
138583528
120128764
11862041X
118753851
104372923
118620770
119140624
118801600
138491690
118907832
120617692
11938213X
11880166X
118913816
102856613
118649620
138610320
130163619
122941659
12301011X
142741515
118622064
124692133
118757180
143414674
119402424
119074958
188443045
118622625
118642820
118622838
122748255
118622854
129890863
118758349
119010186
119195909
118642197
118882929
123330653
139160647
141375531
123396832
130164828
124856195
119295954
119164213
122446879
143515470
119306158
11862346X
133451666
118760742
121158160
121193047
122015134
120998289
120130939
11915708X
134051238
118623818
129897744
1019759690
1025297237
1015858961
118760955
129042633
129459550
133572161
119512742
124274714
12357353X
119206285
118855417
119500795
117438715
132431971
128230304
123039428
129123765
12275297X
122735358
128389222
118763350
138806152
128351314
138806411
129042951
118625446
138806691
117293741
121627225
129268496
119184958
119135507
133120651
123190142
118625837
118803697
138806969
118935593
117680931
11734057X
119291703
129238724
118626043
119303183
138529701
122268857
119469200
188444521
122125312
118803921
174283385
12137727X
134020642
118626205
118626213
119551489
118767402
118622994
118626337
118767461
118804111
117368601
118626426
123032296
120640945
118767909
118977369
118977350
122384040
120647257
128537531
11921332X
121004740
138807434
129308838
137354258
138807515
104058250
118626590
119015471
118966928
118728075
118626647
117390216
139078126
121660923
122962567
119554348
1021187291
135892295
1041896271
118914014
118768417
119194406
117702633
119475804
130340936
131428950
123017416
139079319
118768654
118768662
119084139
104114614
139081887
135618738
118805525
124288502
118768808
118805568
1026848938
117530034
117463191
118627481
117478245
139083855
115792120
119180561
118873415
118770241
117489352
119320207
118579371
121066215
118720260
135972965
120564939
118643177
118805762
121320936
118770454
118805797
121635775
13908441X
118628003
119039575
118805878
119555468
118770543
12161977X
132862573
118805886
124564070
141516429
118936298
1026029619
124873642
123957303
123071704
118831461
118628631
139094423
118628674
118628984
11862900X
117132063
119001225
118629220
136278035
119134233
11903803X
118764403
122269950
118629433
118629492
118629530
119865181
12491571X
124915744
11906085X
118806491
118630180
120307790
1026072255
118766422
1012585115
118924737
134126831
131789422
133002977
118942603
104199148
118631365
11883083X
139103287
13791394X
123458625
118767135
122463757
118806823
119193744
123595282
119291320
1033483036
118860143
130179353
122390555
118632124
118632256
118895567
123941458
118807234
139105859
119314851
119314878
117579963
118632671
102571704X
189545933
118632787
11738027X
117383805
122384202
118841378
130184497
118910922
14237427X
118835769
1042842280
118876104
1011672979
121978877
118633821
122699955
129216321
119312999
124805558
122520416
130893250
118634151
118634208
117424072
117446254
131893505
142664995
130367257
118634658
118838415
118999729
1012920224
118771175
118635093
124418619
120881098
118918400
1019756551
118635263
120564823
118969137
122025091
138829217
119060221
118771450
118881787
133414108
1043614001
129293717
12885443X
104361432X
124409334
118635751
118636057
118643479
123616832
124416519
1020903988
118782991
118772333
132482924
118772384
129112860
10201451-6
123508827
118636529
119276739
118636677
118636758
122439481
119347261
129015032
117597503
118636863
137274335
138519404
121671704
116995149
104206543
117004669
139720693
118812297
122092597
119091712
118637207
118912860
118808613
118637312
138137625
118637339
123680859
11702225X
12487472X
123574250
118592602
