#FORMAT: BEACON
#PREFIX: http://d-nb.info/gnd/ 
#ALTFEED: http://www.historische-kommission-muenchen-editionen.de/beacond/beacon_apw_digital.txt
#FEED: http://www.historische-kommission-muenchen-editionen.de/beacond/apw-digital.php?beacon
#TARGET: http://www.historische-kommission-muenchen-editionen.de/beacond/apw-digital.php?pnd={ID}
#ALTTARGET: http://apw.digitale-sammlungen.de/biopics/start.html?gnd=GND{ID}
#MESSAGE: Personen in apw.digitale-sammlungen.de
#INSTITUTION: Acta Pacis Westfalicae
#DESCRIPTION: Personen in der Onlinefassung der APW 
#TIMESTAMP: 2014-02-15
|2
130048585|1
133223892|1
1014024765|1
1014025044|1
118500562|1
1014025419|1
130574813|1
100008275|1
1019670614|1
11647677X|1
1020180919|1
1011850419|1
1019155620|1
1020054743|1
11864436X|1
1014034256|1
115466975|1
118501763|1
1014034523|1
1014034965|1
1014035597|1
1018927603|1
1018927662|1
136375766|1
1014035953|1
1020169486|1
1020169931|1
1019153059|1
119271001|1
124326080|1
1014036569|1
1014037905|1
119263580|1
137537980|1
1014038030|1
100730019|1
122714520|1
1013423577|1
119118416|1
119130947|1
118144677|1
1020079290|1
104173300|1
102309833|1
118820206|1
1014061962|1
1014062136|1
1014062322|1
1019275510|1
1014062659|1
1014107377|1
104298227|1
1014107482|1
143596179|1
1014107490|1
1020043601|1
1014107504|1
1014107539|1
118893300|1
104358467|1
115793615|1
104333456|1
1014107571|1
137401604|1
100758843|1
1020047577|1
143699520|1
101410761X|1
104270136|1
118713302|1
143798030|1
122824458|1
1019670746|1
1014138140|1
129458139|1
132102315|1
1014142350|1
118632876|1
10003148X|1
115857400|1
115842004|1
11871693X|1
1014145066|1
1014145341|1
1014174481|1
118859617|1
118699091|1
142470864|1
142462780|1
1018930310|1
1015371329|1
1014184541|1
116048611|1
1014184827|1
122970470|1
101418519X|1
1014185327|1
1014185602|1
101423042X|1
13583919X|1
1014232015|1
1014231396|1
1014232155|1
118507079|1
101423252X|1
1014232597|1
132312115|1
1014233097|1
1014233313|1
120100045|1
10030673X|1
118771841|1
119105691|1
118579355|1
120099942|1
118782711|1
128898860|1
1019274964|1
1019275715|1
101893152X|1
1014244269|1
1014244412|1
135904315|1
1014244668|1
1014244862|1
1014245036|1
1014245214|1
1014245419|1
1014246679|1
1014250250|1
1014256402|1
1014246776|1
102169403|1
141853654|1
120668696|1
1014256623|1
135924685|1
1014256844|1
1020090618|1
121853632|1
1020091118|1
11924358X|1
1014279720|1
122962060|1
136979092|1
115745866|1
100033970|1
1019276266|1
1014280869|1
1014280966|1
135542626|1
101428497X|1
124627307|1
1014286492|1
117751235|1
1014350220|1
1014353505|1
1014354315|1
101432488|1
1011418096|1
141936347|1
141936495|1
1014358329|1
1014358566|1
1014358906|1
1014359104|1
12912849X|1
1014384206|1
1018932011|1
124657788|1
120188686|1
124938965|1
1014385547|1
100043119|1
102018096X|1
1014413192|1
1014413338|1
1014413362|1
1019276886|1
12139980X|1
1014414229|1
1014442850|1
115845682|1
133390721|1
118659669|1
139264922|1
1014449219|1
139265104|1
1014449685|1
11566243X|1
116248599|1
1014452473|1
129056308|1
1020172614|1
1019322004|1
143018345|1
129759201|1
1018933050|1
1014453453|1
1014454638|1
1019322381|1
1019322640|1
142574619|1
124166083|1
101447678X|1
1014476879|1
116395117|1
122252330|1
102324115|1
11853596X|1
102116156|1
117677256|1
117677337|1
129693774|1
100081746|1
101093713|1
129822752|1
118637673|1
118883976|1
118958410|1
118712179|1
118647776|1
118676040|1
121272923|1
1019323116|1
1014488680|1
1011970910|1
1019668008|1
1014489660|1
1014490413|1
118505076|1
102117977|1
128744405|1
101052677|1
10211787X|1
119200767|1
119137356|1
120440407|1
119218968|1
118751522|1
115392866|1
118503472|1
10212809X|1
102017433|1
118709887|1
124878997|1
122066138|1
1014496772|1
1014497639|1
118515233|1
121047156|1
128755733|1
1014513413|1
142991058|1
1014513898|1
1014533953|1
1014534054|1
1014534291|1
1014534860|1
1014564441|1
102350396|1
100235441|1
1014566584|1
128666935|1
124415962|1
1019492244|1
143959298|1
142403741|1
1012457192|1
133036979|1
1014534135|1
1014534585|1
1014609755|1
1014609771|1
1019101482|1
122032381|1
124660231|1
142000906|1
120176858|1
121697703|1
1014610060|1
135706734|1
1014610109|1
1014610133|1
142640735|1
123298679|1
1014441285|1
123205603|1
1014442044|1
1014609860|1
122147685|1
1014610222|1
1014610311|1
1014610338|1
1014624207|1
120658445|1
101463847X|1
116455004|1
118666754|1
1019323353|1
1014862957|1
101486352X|1
1014863651|1
116116188|1
172015502|1
116821523|1
1014893623|1
117674184|1
1014893798|1
1014893860|1
12977880X|1
1014894344|1
123103126|1
133069664|1
1019958596|1
119442027|1
1019357959|1
1014896886|1
1014610168|1
129694347|1
1014898145|1
1018977694|1
100081576|1
116488182|1
1014901715|1
1014901820|1
1014901901|1
1019324090|1
1014942934|1
1014943140|1
14301630X|1
119533839|1
129234338|1
1014943345|1
119287196|1
1014943620|1
1014943876|1
118647989|1
12360995X|1
143797379|1
1019020962|1
101494273X|1
1018978224|1
119438747|1
1014944821|1
1014945089|1
123102618|1
10410399X|1
1018978488|1
1014945275|1
1019018186|1
1014945917|1
102443432|1
121445836|1
1019153385|1
1014988101|1
1019323906|1
1014988942|1
116637005|1
116639679|1
1014990521|1
1020047933|1
119051796|1
1014990955|1
1014991110|1
143325094|1
119164434|1
119292203|1
1014991153|1
118521977|1
101932385X|1
100090249|1
118521985|1
1019018550|1
1020048255|1
1015015174|1
120374285|1
1019501820|1
1019502126|1
118777939|1
124664180|1
1015016294|1
117664650|1
116741880|1
1020091770|1
121183661|1
124665225|1
1015017223|1
124376673|1
1015018068|1
1015018742|1
100664067|1
1014896444|1
101494631X|1
1015019986|1
123259967|1
1020214651|1
1015057357|1
1015057470|1
100306713|1
100898327|1
1015057934|1
1019021020|1
132011905|1
13867874X|1
128405325|1
116113723|1
119409380|1
128847093|1
1015060390|1
135950775|1
135962307|1
135698189|1
135698200|1
1019021179|1
119085151|1
123254760|1
121587347|1
1020219114|1
1020219238|1
133115488|1
116190809|1
1015091024|1
1015092632|1
1019358750|1
1019358629|1
1015093140|1
1015094155|1
123077559|1
1015094864|1
1019021411|1
14025627X|1
1019358955|1
1019022922|1
1012656993|1
1019359498|1
180793292|1
143050966|1
1015149944|1
1015150578|1
1015150667|1
122435265|1
1015151299|1
118584200|1
104333057|1
119550695|1
1020219319|1
1015151396|1
1015165761|1
118676059|1
118703188|1
118693484|1
124970826|1
118819011|1
11945064X|1
131482122|1
128449438|1
130660841|1
1015150845|1
1015151086|1
1015166717|1
124863418|1
1013763432|1
1015168272|1
130296430|1
120015951|1
118688065|1
1015169074|1
1015169244|1
104206527|1
1020271523|1
117751588|1
1015179207|1
118977636|1
1015179371|1
135901235|1
12855259X|1
122609263|1
116446773|1
135903904|1
1019502673|1
1011829029|1
1015180965|1
121197190|1
1016951159|1
124916775|1
1015220193|1
118639889|1
118560042|1
121551075|1
118720856|1
135909317|1
1015220495|1
130340596|1
1015220797|1
1012120619|1
118685201|1
120273314|1
1015240690|1
133633144|1
101524128X|1
11853095X|1
1020091908|1
101915411X|1
1019430311|1
1019961597|1
100674410|1
1015242723|1
116590181|1
119061538|1
124630588|1
100457983|1
1015261337|1
1015261531|1
1015243479|1
1015243649|1
1015261655|1
1015262295|1
118701932|1
121177734|1
101531368X|1
1015313825|1
1015313906|1
1015315763|1
128807776|1
1019430931|1
118532502|1
118532510|1
118532529|1
118880349|1
100100465|1
1015317294|1
143510029|1
101916728|1
123243920|1
1014770807|1
131847457|1
1015317499|1
1015321518|1
1015322085|1
101532326X|1
1015323553|1
137156340|1
100453015|1
1015326153|1
1015326234|1
1019430982|1
116667362|1
1019023619|1
1019431075|1
1019431156|1
143233424|1
119675382|1
118534947|1
118548166|1
118548174|1
118720880|1
11872942X|1
118816829|1
118649469|1
11938793X|1
122381335|1
118904043|1
118693077|1
116750146|1
1015364470|1
101943130X|1
13173928X|1
104106042|1
103125434|1
1015369677|1
12439972X|1
1015369944|1
116832002|1
1019670215|1
1019963379|1
116848154|1
136021166|1
1015370918|1
128487194|1
118666339|1
136123120|1
137354355|1
115773371|1
1015370497|1
11884296X|1
1015371663|1
1015371698|1
1015371744|1
1015371787|1
118520709|1
1015372007|1
118537288|1
1015389473|1
121084019|1
101540328X|1
124880606|1
1020174994|1
1015404081|1
118767887|1
1015405029|1
101905073X|1
143456903|1
115686126|1
124970249|1
116522607|1
1015422500|1
131851888|1
1015422918|1
1015422993|1
1015424678|1
1015424899|1
1015424988|1
1017917507|1
136102123|1
1015425437|1
1015425755|1
1015426026|1
1019431539|1
1015426522|1
1015426611|1
116602368|1
1015449492|1
13648073X|1
1015449662|1
102836094|1
123388783|1
12945236X|1
1015449824|1
1015449867|1
1015449883|1
131805789|1
123973422|1
122937856|1
120688506|1
136921833|1
123792509|1
102410275|1
128549513|1
1015450091|1
136095305|1
118599887|1
118649477|1
118883542|1
1015450105|1
12056470X|1
1015476988|1
1015477127|1
135629349|1
136817696|1
10030558X|1
1015477585|1
119484757|1
1015477798|1
1015477879|1
1015449522|1
1015477933|1
122810627|1
115656197|1
1020115467|1
122080963|1
1015479162|1
104196874|1
100487831|1
119083450|1
101547988X|1
1015479928|1
1015480047|1
116865636|1
101548008X|1
118542702|1
1015480128|1
122859898|1
1012268144|1
1015480314|1
11854330X|1
1015511236|1
11948529X|1
122867157|1
10190505X|1
135907861|1
1015511511|1
116909226|1
101548042X|1
1015511597|1
1015511708|1
1015512100|1
12341265X|1
121510913|1
116739355|1
116740698|1
132352931|1
1015480543|1
101551300X|1
1015513514|1
1015513751|1
115388125|1
1015513840|1
1015514022|1
1015513956|1
128788429|1
121780759|1
124844626|1
102530750|1
119050870|1
142409987|1
124680682|1
1015518605|1
1015518958|1
1015520081|1
1018248242|1
12405921X|1
104209356|1
136201288|1
1015521185|1
1015521363|1
1015521401|1
121485641|1
124134890|1
138507988|1
118979604|1
118982508|1
118692968|1
1020116382|1
1015522378|1
123193729|1
1015522483|1
115691928|1
1015522599|1
1015523188|1
100730221|1
104079908|1
141012099|1
142334901|1
1015550800|1
1015550959|1
1015551416|1
1015554067|1
1015555144|1
117517739|1
124422047|1
1019431555|1
1015555276|1
1015574343|1
10016353X|1
118885162|1
135901758|1
1015588441|1
104366869|1
118884352|1
121930882|1
102119538|1
101248571|1
101421796|1
118144596|1
13620306X|1
119207826|1
118963287|1
11858412X|1
118807331|1
102035229|1
104194618|1
119021854|1
123961572|1
107696789|1
1015684513|1
1015684564|1
1015684580|1
1015684653|1
1015684718|1
1015684912|1
1015685013|1
119521431|1
1015705375|1
1015705537|1
1015706517|1
1015706932|1
1015708765|1
1015708900|1
118706292|1
100984886|1
131600974|1
102005199X|1
1020225017|1
1015748023|1
11870320X|1
115823239|1
119244292|1
101574902X|1
104173181|1
1015749216|1
189431180|1
1012393399|1
118774816|1
1015749518|1
101574964X|1
104341882|1
1015750117|1
121217760|1
137634048|1
1015750656|1
119281457|1
11864601X|1
119432072|1
120185296|1
1015787452|1
123989582|1
117068233|1
1015787878|1
117071331|1
1015787967|1
118775391|1
1015788068|1
1015512798|1
1015512828|1
1015574815|1
1015575021|1
1015685080|1
1015699987|1
1015700020|1
1015705278|1
1015706614|1
120644738|1
1015787657|1
1015788335|1
137701632|1
12299891X|1
141989505|1
137411618|1
117207837|1
123293871|1
123727715|1
1015789366|1
1015789099|1
1015789455|1
1015790097|1
135566967|1
101943158X|1
120151006|1
1015883265|1
12111094X|1
124638708|1
1015905110|1
117022322|1
1015882064|1
123143748|1
11715010X|1
137700342|1
118807358|1
1016433255|1
1016433719|1
1016433999|1
118560093|1
11864162X|1
1016434316|1
12468324X|1
1016434669|1
1016435061|1
101647945X|1
1016479778|1
1016479956|1
116153687|1
136036155|1
1016481616|1
116175524|1
123965160|1
120047322|1
1016485735|1
1016486219|1
128377852|1
119120712|1
120598647|1
1016529554|1
1016529562|1
1016529570|1
1016529651|1
138887004|1
119035200|1
1016529783|1
100973698|1
100084842|1
1016530218|1
102454345|1
1016530315|1
102479178|1
1016530404|1
1016530412|1
1016530420|1
1016530463|1
1016530471|1
1016530595|1
121259846|1
1016618123|1
119142511|1
11914252X|1
1016618433|1
124326862|1
116524073|1
1016618638|1
115794484|1
123516749|1
123516757|1
116556161|1
1016618999|1
121462013|1
1016619022|1
1016619065|1
118567535|1
1016619219|1
1016619286|1
1016619367|1
1016619529|1
121561232|1
135569893|1
120291371|1
1015905315|1
10211790X|1
118532537|1
136176631|1
116294396|1
101661912X|1
1019431628|1
137139306|1
1016685408|1
129748196|1
101945542X|1
1016686722|1
101171552X|1
1019455853|1
1013682777|1
104120274|1
1016694555|1
143454153|1
119144646|1
1016698119|1
121367932|1
118984144|1
101183068X|1
1016773919|1
1019457880|1
1019458437|1
1019459611|1
1019052872|1
101946027X|1
102419124|1
101677396X|1
1019053526|1
1019460490|1
118921045|1
130600628|1
104058579|1
1016789734|1
1016789971|1
123623790|1
136628621|1
118823795|1
1016790465|1
1016790597|1
1020292938|1
116652853|1
128684968|1
116662549|1
1016791410|1
136255612|1
1016791976|1
123976685|1
123647703|1
118778722|1
1016812000|1
1016812051|1
101681206X|1
101943161X|1
124373356|1
119097680|1
1016812086|1
1016812094|1
1020179554|1
14042511X|1
1016812124|1
118779710|1
1019054204|1
1014010500|1
115530150|1
1016869339|1
1016869460|1
1016869541|1
1016869932|1
123620805|1
104134658|1
118571869|1
118938363|1
118727664|1
122181220|1
1016912331|1
1016912536|1
124708617|1
101691279X|1
1016912870|1
1016913095|1
101691315X|1
1016913257|1
1016913397|1
136669808|1
101691363X|1
100442234|1
116991534|1
120090902|1
121278948|1
118720899|1
115775498|1
129892599|1
1016914067|1
1016914172|1
1016931107|1
1016931360|1
101946092X|1
1016931964|1
1016936796|1
1019431652|1
122008332|1
1016849850|1
124854001|1
101693761X|1
128453265|1
124678653|1
123432626|1
136729630|1
121683729|1
104196866|1
189545364|1
189408685|1
11878014X|1
118775812|1
115846433|1
13290036X|1
1020118687|1
1017075891|1
115812067|1
119095033|1
128665610|1
1017076545|1
1017076561|1
1019461276|1
1017076618|1
123570018|1
129688088|1
12009150X|1
101100655|1
100349137|1
118857673|1
118720902|1
138244995|1
120189348|1
1017088098|1
119095025|1
138233616|1
118836218|1
120804735|1
102543534|1
119203847|1
123129869|1
119065991|1
1017090432|1
137960212|1
120462990|1
137851537|1
128631007|1
137855729|1
1020271353|1
1017076294|1
1017076235|1
118883747|1
128581344|1
129321613|1
173328636|1
124651127|1
137896743|1
1017150397|1
124528791|1
1017151032|1
119061961|1
115502572|1
118647733|1
118730290|1
100834604|1
1017151679|1
1017151806|1
119029510|1
1017152136|1
1017152284|1
1017152314|1
1017152381|1
1017152454|1
1019507357|1
137124627|1
119338882|1
122428501|1
1017152535|1
118768522|1
1017152497|1
115361871|1
130259438|1
1019088109|1
1019506717|1
104189584|1
118730983|1
1020053550|1
118893289|1
118781863|1
120100207|1
1019507446|1
100376800|1
1017344434|1
1017152616|1
1017152640|1
1017348235|1
104234555|1
1019631260|1
1017165793|1
118782223|1
101716648X|1
137376634|1
116810998|1
118834487|1
1017166870|1
1017167079|1
124343783|1
1017167397|1
1017167737|1
119400839|1
124623646|1
1017168334|1
100008542|1
118579371|1
11857938X|1
11880099X|1
1019985135|1
118579703|1
1017178062|1
1017178992|1
1017179778|1
101250797|1
10142552X|1
100014704|1
101053037|1
1017180156|1
1020271264|1
129593370|1
118577778|1
104090308|1
142582344|1
101718142X|1
124719791|1
12973120X|1
1011994321|1
172496179|1
1017186227|1
118580485|1
118971328|1
1017217831|1
1017217912|1
1017217963|1
1017218064|1
101721848X|1
124358659|1
1017218587|1
124365639|1
1017218722|1
189547650|1
1017219273|1
1017219311|1
1017219362|1
189532211|1
101721946X|1
1017219494|1
138328021|1
138328056|1
1017219621|1
138375119|1
128720956|1
1017219745|1
1017219761|1
122559185|1
1017219796|1
104339764|1
115795685|1
101727083X|1
1017270880|1
1017270929|1
1017270996|1
1017271038|1
119104385|1
1017271135|1
1017271380|1
119454246|1
118734555|1
1017271453|1
122653831|1
1019507594|1
1019508280|1
1017317917|1
1019549041|1
1017319316|1
1017319723|1
100530230|1
119020459|1
1019549483|1
13743037X|1
119064324|1
1017320306|1
1019670312|1
137431872|1
124065023|1
1019549807|1
1019549939|1
11899686X|1
142932175|1
1017320837|1
124990088|1
1017344329|1
100238750|1
137452497|1
137571186|1
1019670363|1
142288276|1
124885977|1
116942517|1
1017345597|1
1017348944|1
121783308|1
1017350094|1
119063611|1
1017350337|1
121700771|1
12282539X|1
118747622|1
119393239|1
1017217181|1
1017345724|1
1017346321|1
129892106|1
1017346976|1
118014145|1
120182955|1
1017347506|1
1017351414|1
1017351635|1
124440142|1
104189525|1
136817890|1
119521296|1
137982402|1
1017400598|1
1017400636|1
1017400733|1
102837422|1
121164721|1
123635233|1
115846670|1
136118038|1
123635152|1
101740089X|1
129445304|1
128647655|1
118738097|1
118738070|1
136244750|1
1017430039|1
123635365|1
132311151|1
1017431035|1
1017431663|1
137999100|1
1017433038|1
1017433186|1
1017433275|1
101743364X|1
120656906|1
138043000|1
1017433968|1
1017434204|1
129641685|1
1017434360|1
137184581|1
1019550120|1
1017434727|1
1017435391|1
142355917|1
118861646|1
138342342|1
128469536|1
138342598|1
1017437599|1
134104900|1
1017477396|1
119543192|1
118736183|1
120815958|1
119099284|1
1015336353|1
1017478988|1
101747947X|1
102864020|1
12335272X|1
118590200|1
118736515|1
118738062|1
119357577|1
121467961|1
118969080|1
120067110|1
118835440|1
119021048|1
1017076367|1
1017481237|1
118638114|1
136532438|1
11955111X|1
1017481423|1
1017515999|1
129287660|1
138054231|1
118619993|1
101751741X|1
118064479|1
11882080X|1
12488850X|1
1017522308|1
122914074|1
1017522499|1
100572898|1
104360062|1
142978612|1
1017522723|1
1017534187|1
121877078|1
124502180|1
1017534632|1
1017534853|1
118738925|1
100127282|1
130480886|1
138068488|1
101753540X|1
1017535523|1
1017535582|1
117191949|1
1017537038|1
121493326|1
1019088796|1
130137618|1
143813072|1
120636468|1
121351521|1
1017551650|1
1017564027|1
1017565023|1
1016756569|1
118591401|1
131602721|1
1017571112|1
1017571597|1
119421488|1
1017572313|1
12466329X|1
119070758|1
118723510|1
119022524|1
119237512|1
118710788|1
118779516|1
118592068|1
118625586|1
1017587345|1
124388140|1
102328102|1
1017587612|1
129087254|1
124420273|1
138937222|1
133059839|1
1017637687|1
1017637776|1
121792226|1
1017637903|1
1017637962|1
1017638004|1
124502067|1
1019963530|1
143599836|1
1018113894|1
119352540|1
118535714|1
118535722|1
100659373|1
118693522|1
118835335|1
118560182|1
136914586|1
1017673071|1
118814230|1
118791621|1
121014940|1
120100320|1
104196882|1
118144588|1
1017673705|1
104047305|1
118042009|1
118738712|1
118593951|1
118742221|1
118634895|1
115497773|1
102111014|1
119264536|1
13002600X|1
119314118|1
100006000|1
101953399|1
101771696X|1
1017717109|1
139287515|1
119506270|1
102470413|1
1019670479|1
118594214|1
122800664|1
1017717419|1
124433650|1
119199351|1
102869065|1
1017717559|1
115497749|1
1019982462|1
119389118|1
118834657|1
119181789|1
104321350|1
12289278X|1
1017717672|1
1017717680|1
10099721X|1
102120153|1
137530072|1
102324212|1
101771777X|1
189441704|1
100013805|1
1020252839|1
1019963565|1
119308169|1
118795929|1
1019963662|1
1017792070|1
101779264X|1
116289643|1
1017793026|1
1017793220|1
128805765|1
1017794022|1
1017794758|1
1017795193|1
1017792534|1
101779524X|1
1017795568|1
1017795622|1
1017795649|1
120802341|1
139064184|1
1017827605|1
1017508135|1
138367736|1
12161672X|1
11874349X|1
1017831297|1
1017831300|1
129703184|1
1017833818|1
118914855|1
116329963|1
119303973|1
1019550627|1
1017835101|1
104353635|1
130558745|1
1019551674|1
1017835179|1
139011536|1
116373709|1
121191486|1
101783606X|1
101783623X|1
1017876770|1
124550517|1
14256480X|1
115386963|1
1017877211|1
1017877815|1
1017877912|1
139239103|1
130334669|1
130236330|1
1017885222|1
118788272|1
1020123621|1
118936522|1
1017885273|1
101788529X|1
124461549|1
122845447|1
136314333|1
139110682|1
1020119160|1
1019631139|1
1017885443|1
1017885524|1
102951535|1
118600354|1
1017885621|1
183005643|1
1017885664|1
1017885680|1
118905406|1
1017885761|1
104069341|1
124547648|1
1017885796|1
1019631031|1
1019981598|1
118922866|1
119336839|1
103120815|1
119098229|1
1017885850|1
1017963274|1
1017963401|1
101290492X|1
1019630647|1
122252411|1
123023386|1
138121400|1
119195526|1
103116222|1
1017967806|1
101796887X|1
128687983|1
118978055|1
1019630817|1
101796906X|1
1017969264|1
118603701|1
136958842|1
138075018|1
100327451|1
1017969663|1
1017969825|1
1017969914|1
101796999X|1
118501909|1
137976631|1
118604465|1
1017970025|1
1017970084|1
119100320|1
100265901|1
11853579X|1
118712373|1
100029752|1
118584138|1
120152126|1
121298302|1
102109168|1
102109176|1
102109036|1
118530887|1
121733955|1
122811364|1
136198368|1
121400719|1
118656368|1
102104387|1
119025299|1
102305889|1
119049112|1
1018035338|1
140523928|1
1017885834|1
1018037799|1
142886610|1
1018046135|1
133774562|1
1019627212|1
101958520X|1
101804695X|1
101053193|1
1018048464|1
1018048715|1
1018049320|1
101804941X|1
1020120053|1
139641653|1
1019579196|1
116008385|1
1018051295|1
11873931X|1
1018051449|1
1018051988|1
122899482|1
100271227|1
129039225|1
115753559|1
104049545|1
115775617|1
1018054707|1
118988328|1
133433722|1
135979773|1
102293090|1
1018056726|1
121733890|1
118549286|1
1018057730|1
121233782|1
1018068287|1
130038296|1
1018068473|1
1020270713|1
1020270675|1
123485606|1
129047015|1
132988054|1
128571101|1
13365964X|1
129165972|1
123485665|1
1018263039|1
104158492|1
129416703|1
1018264019|1
1018263810|1
124518478|1
1018264213|1
1019579056|1
1015479731|1
1018264531|1
139694706|1
1018265066|1
101826518X|1
1018265384|1
117106178|1
1018266119|1
121303616|1
123679117|1
10211546X|1
12110186X|1
1018266410|1
1018300244|1
1018300554|1
120479524|1
1018300686|1
121411028|1
1018300910|1
101830097X|1
1018301089|1
120065703|1
104352752|1
118712292|1
13764938X|1
138777497|1
1018302964|1
129090301|1
117327522|1
1018303715|1
121301680|1
101830391X|1
1018304827|1
1018317279|1
122057562|1
116911840|1
1018329366|1
1018329390|1
121945324|1
124652379|1
13856471X|1
1018329463|1
1018329455|1
124997732|1
118762672|1
1018352732|1
143496379|1
132658070|1
118762990|1
118795740|1
117379697|1
122461282|1
108194221|1
118699431|1
118543733|1
122841999|1
118720945|1
119383845|1
118520652|1
11951091X|1
1018354344|1
100334490|1
101826499X|1
133672204|1
101831752X|1
102012038X|1
118610066|1
138413525|1
121182525|1
1018327800|1
124582834|1
1018327983|1
130490482|1
1018354360|1
1018354379|1
1018354476|1
1018354484|1
1020304375|1
122749715|1
1018354506|1
1018354514|1
1018354530|1
1018364609|1
101836465X|1
1018364676|1
1018364811|1
1018364919|1
1018365109|1
119108542|1
118958089|1
119333600|1
1018376046|1
117654108|1
121485633|1
1018376097|1
124367828|1
121776840|1
1018376151|1
100338445|1
100338453|1
1018376615|1
118748440|1
125845774|1
1018377107|1
1019749911|1
100339832|1
137977476|1
1018386939|1
139302670|1
120219719|1
115497595|1
1018387668|1
103086773|1
1018387722|1
1018387757|1
1018387919|1
141870206|1
1019577134|1
118555928|1
118593862|1
118593846|1
118593870|1
129556025|1
119189690|1
120186845|1
119150182|1
117654132|1
119133385|1
1018388087|1
1018388095|1
1018412018|1
119476541|1
121946436|1
1018412107|1
1018412182|1
118752219|1
1018412425|1
137513666|1
118616226|1
101841326X|1
1018413375|1
123301629|1
1018414991|1
1018415084|1
1018415440|1
1018415718|1
1018432930|1
1018432973|1
123298903|1
1018433597|1
129558400|1
124945112|1
1018435158|1
17748005X|1
1018435921|1
115886206|1
101843626X|1
174152701|1
1020229373|1
11562550X|1
1018486240|1
118755536|1
1018489754|1
11730638X|1
1020121769|1
121115844|1
1018502920|1
1018503056|1
11875758X|1
1018503021|1
1018503072|1
1018503153|1
1018503226|1
179233572|1
117655546|1
1020121408|1
1019980869|1
1016530005|1
101852407X|1
130660574|1
1018525505|1
11936168X|1
1018525726|1
189482486|1
1018526234|1
1018526358|1
1019155930|1
1018526544|1
1019979968|1
1012483886|1
117278742|1
1018527621|1
1018527923|1
1018528148|1
1018528326|1
1018528431|1
1018528458|1
1018528644|1
118802143|1
104246073|1
122925351|1
138595305|1
138596549|1
1018532633|1
1018531610|1
1018532307|1
122042638|1
104317183|1
117384224|1
101853444X|1
1018533583|1
101853461X|1
12171618X|1
137488572|1
1018535233|1
117407186|1
119504707|1
13734077X|1
1018535845|1
1019576197|1
120691515|1
122568044|1
1018536183|1
1018536264|1
115775854|1
118639994|1
1019391677|1
118797891|1
11901954X|1
1020054441|1
1018630740|1
118930249|1
122987349|1
1018632352|1
1018632492|1
1018629610|1
1020310456|1
1018632824|1
1018633081|1
1018633332|1
118802968|1
128475986|1
1018633790|1
1018633944|1
1016698135|1
1011935546|1
119230623|1
1018634045|1
1018634347|1
119082209|1
118576194|1
1019391308|1
1018669213|1
1019390964|1
102512663|1
1018673830|1
1019765992|1
1020054670|1
1019390387|1
1018675302|1
1019102977|1
1019979534|1
1018679839|1
1018681728|1
136697437|1
136648444|1
122820096|1
1018683259|1
12108972X|1
1018696156|1
1020054220|1
1012207862|1
103143998|1
104304251|1
1018696555|1
1019390158|1
118626914|1
12466542X|1
124722407|1
1018697217|1
118702645|1
1018697322|1
1018697500|1
1015093868|1
1019575220|1
1018697748|1
1020123036|1
118805657|1
1018698396|1
118838598|1
11986178X|1
104282193|1
119288842|1
1018698949|1
100692478|1
117450367|1
1018699074|1
118108115|1
1018699244|1
1018699260|1
124720099|1
124583660|1
1018762027|1
119177269|1
130494836|1
1018762159|1
1018762175|1
1018762248|1
1018762280|1
1018762426|1
128649097|1
122801121|1
1018762205|1
130494909|1
1018762523|1
11929771X|1
173862829|1
1018762566|1
189424052|1
1018762582|1
136864457|1
174135556|1
174135564|1
118628755|1
136864406|1
1018789464|1
12971481X|1
1018790357|1
1018791086|1
1018791280|1
137750005|1
118806262|1
120096749|1
11869944X|1
122786130|1
120770628|1
1018793631|1
1018794662|1
1018795111|1
1018795650|1
1018795898|1
1018795960|1
1018796908|1
130599875|1
118767240|1
122687981|1
1018797963|1
1018797912|1
119243717|1
12882820X|1
101879901X|1
1018799036|1
104039752|1
128432306|1
102025615X|1
1018856803|1
121724522|1
12111709X|1
135928362|1
139630376|1
1020271566|1
1018858091|1
1018858164|1
139008411|1
1018859861|1
128723149|1
143549758|1
1018863087|1
1018863168|1
128523832|1
122846915|1
1018863982|1
1018864601|1
115793658|1
102454795|1
121820211|1
118818406|1
1018865985|1
118033581|1
1018866558|1
1018866868|1
139828303|1
189412666|1
1018867104|1
120526204|1
143236229|1
1018868151|1
118807935|1
1018868232|1
121695956|1
1018870121|1
1018870164|1
1018868364|1
1018868437|1
101886850X|1
1018868615|1
101053800|1
118018116|1
120064006|1
100655378|1
116609680|1
126260974|1
1018388621|1
12497922X|1
1020270535|1
121251136|1
1018924949|1
121849902|1
128632410|1
1018925252|1
128695951|1
119100142|1
