#FORMAT: BEACON
#PREFIX: http://d-nb.info/gnd/
#VERSION: 0.1
#TARGET: http://alchemie.hab.de/personen?gnd={ID}
#FEED: http://alchemie.hab.de/beacon.txt
#CONTACT: beyer@hab.de
#INSTITUTION: Herzog August Bibliothek Wolfenbüttel
#DESCRIPTION: Personen in den alchemischen Beständen der Herzog August Bibliothek
#TIMESTAMP: 2019-02-14T06:18:03
101304854
1026895928
100803822
118715097
127561919
118738151
118743627
118500651
120528029
142884960
100431615
118684043
100005667
118512579
100830145
100655475
117361259
132366231
119275155
124685838
119097303
100297714
121307948
131903489
1013283945
118751999
1042225710
116084537
100211828
1090938098
129539007
116371587
119312506
12870263X
118507923
127523030
10429194X
119144492
104162562
117253243
118795473
12159355X
100204384
122545575
142605417
116322675
100472893
118507036
124741037
12094961X
119255898
142599751
118752561
123145244
116452579
121821153
115849939
104319445
11872536X
118907026
116572302
100200710
172672651
121245675
119546655
119134403
100366163
121325040
104361794
118911422
118679767
1070221635
124667651
117154202
100186955
101612922X
118524887
118660829
118572210
118825372
128842261
129190209
1058766899
142215635
100359035
119512947
123075440
104138017
104053569
141306963
10083017X
100816207
117732230
120179458
115534504
104075902
124757588
100121497
118620169
1071433202
118835629
117340650
122071298
124697828
121244032
100068995
128544724
11852464X
121348970
1055534644
122079566
117498564
11859169X
120216361
142368768
104042559
100114091
129782637
116454296
1084654830
104045396
104338628
104150467
139505601
1081743263
115711759
122628055
1025140354
101761457
141152788
119287064
128850744
130364703
119142953
1055557563
1081213345
120758040
1053292007
119068982
118637649
142175382
1026531578
128521201
142003263
128636696
104285885
117016683
124521401
124152198
118695304
104347945
124800777
120583860
12469747X
103120106
119217422
117673722
120320193
118898825
124981666
12468937X
121240282
124493157
118650386
1011544474
115653996
118671936
124494072
129281875
117364177
118602020
122950992
124115314
13357119X
124188826
119079607
119065681
129755966
122370643
118784919
131412612
124546196
124797318
124727670
104166460
104075910
12455749X
124742440
118010794
104115300
102184836
128905786
1055507566
10432497X
129564311
117513423
102527962
118647377
122430239
128980362
116458119
100792111
122007999
12468842X
120872749
129170836
115361324
120995867
1019540249
123725178
124315410
1046282646
1076848877
1014285992
116850841
124852270
128921153
120260220
124537421
129870897
102448825
124598323
120435438
129532797
104383658
118518305
118535749
124657265
102902100
120450038
129117056
122399471
128873868
118504134
118636596
123491835
141688246
115794557
140186247
12005826X
118788922
11855140X
10044220X
100455840
1037498917
104289481
118683969
118524844
118616242
118571249
118818252
120526301
118659642
116639296
13004976X
118867865
136844537
121426467
100278736
123502160
131734350
120064847
1078975620
115794921
117371076
121292215
10307824X
121758680
120102595
101508298
129869465
12065069X
124810322
129092436
12472079X
10004638X
129746436
128386312
117360201
1037533313
1037506111
117520578
123397928
120256541
116996501
123633648
118855050
118773313
11934632X
124534473
1037519655
135915449
115501770
1037496078
12912706X
102070098X
121049353
104333596
121596885
130108200
136000126
141045418
117604992
142821136
104336900
116012366
1065188374
1037495918
1037503732
1055426442
101026498
109220086X
1090935919
104295279
118532855
128422289
1037499085
11756155X
123097789
129510912
100540686
104270330
103749556X
128457465
100631177
141072148
1077083033
121818373
1037495993
119143240
118515853
115657428
1020029641
136417809
116617837
129312061
1037567439
124547966
1037642198
122020103
137736770
124700470
140723099
135982227
1122854226
136377904
130138150
116040122
142313173
1037499360
1037562844
102402027
1013308190
118630105
118645854
1082794287
1037588576
1037534700
128600187
1022773747
102522405
116278986
100220258
103082433
1037498461
129622109
108466349X
102483655
104272724
137473788
105398491X
118864718
12938643X
1037570278
121357740
1037533186
131857673
1046173561
118581090
102114987X
118599291
1037562372
129331104
116453133
100691919
124797709
13669585X
119035189
119258064
1036319350
11860015X
1055654712
143098764
1037507444
1037502310
124298419
104073772
128818085
1095679953
1037513347
1037522869
141071885
1023333228
1037511190
12449403X
124517773
119074443
100163009
117752622
1037561473
12453693X
121760960
100196098
102517878
118575279
1055444890
124674658
115376038
104266449
128862130
129188719
118014587
124536174
124751261
1088836755
1088823645
1055537392
1037584554
124742122
122363841
128410116
124534740
129634158
1055585125
132102145
100950493
119166070
2078507-0
1042349258
142221511
118587668
1037496256
117626953
11892592X
6146513-6
103750075X
116940530
6146969-5
1037497376
1037564898
103750061X
1042225222
136000118
6146460-0
138182612
1019344660
119355272
1037563425
2016897-4
137434499
6146540-9
1022937715
10078824-5
142553816
1037498372
139656405
1037551028
128722525
1037511360
137233353
1076767605
1037497066
123083567
1037511999
135705843
115606084
1037542444
1021168408
2133444-4
1027741118
1037505018
1037507355
103753803X
1037582160
10007832X
1037581237
1017372756
6147777-1
6146574-4
1037498410
103749573X
1037654803
1037654811
1037641809
116521945
1037580966
1037592123
136870635
1037565916
12860090X
1037507681
138916225
117125644
1042420106
11580563X
1037604296
118636316
1037505387
1079049851
1037642139
6146385-1
1037567595
6146062-X
1037545869
1037553942
103769641
1037502116
1028305540
11682543X
132442086
1037616812
6146453-3
1037503988
1037498445
117537268
141071192
1037501284
137186703
1038860776
6146788-1
1037498453
1078332088
6146553-7
123417309
122134109
1037508750
1037561066
6146210-X
143073834
1037581601
1037505107
100758541
103749749X
140830715
1037524500
5041919-5
1070826898
1037504046
6145848-X
1037537920
1037497619
6147068-5
1012381587
1037559835
124796389
140578714
1037529693
1037509749
1037497120
121397335
1037510658
1037512936
6146480-6
143438344
1037537254
1037537262
1037514254
103750674X
138518939
136124054
1037552326
1037572386
1037565568
1037562615
1037563638
103761965X
1037548906
1037600088
1037577876
1037503570
1037607422
117327727
130053015
1037530128
1037524446
1038488907
133320472
133140369
1037515382
132219999
1037535480
1037547926
6146402-8
1034297279
6146524-0
129126136
1037523164
6146494-6
142327255
6146203-2
1037526481
1037497481
103751940X
1037518926
133298620
1037498666
1037534719
134284518
133606678
1037539443
1037505883
1050678036
1037524020
1037519965
103749590X
1037516133
1037508866
1037499948
1037551893
124948928
124788467
115805044
1037529308
121936686
6146274-3
1037518845
1037528522
1037513339
1037497473
133140717
133404935
1037510917
1124805907
1037533119
1037510941
1037517083
129472697
1037531094
12907120X
1037571363
1037520548
128699256
6146169-6
6146451-X
1037504631
1037532392
1037499212
1037514661
136151132
128400005
103752912X
1037521803
133969185
1034189670
1037509889
124826229
124516564
124892590
124701221
122059743
115549188
124998496
124001009
129026743
129530298
129250953
122677544
117624756
124410464
118647342
100187943
104256117
122530152
100016774
135719127
12953675X
124494153
124729266
119120682
124493300
129111058
124517641
122132483
128764295
104219653
118745425
1053492596
100656315
119184923
119001764
102836019
100049974
118725831
122246004
120726459
120377276
119054647
117665347
104050608
12466489X
124523072
116600705
10427848X
12974459X
124754546
124572669
104267968
1056103752
130460737
1055370250
124495036
124713505
11641927X
125001045
124361986
129474193
121887499
124445993
121409929
124772498
126262225
119112930
1055416676
120011298
122554345
124518656
100046681
124496563
123431190
100392660
128616385
132241706
117621455
124147143
100120849
124726747
122545257
100069924
124676103
104110635
117312207
12869646X
124538630
11852190X
117195855
117504084
124562418
117478091
11536062X
12105926X
1055439196
124556922
118562347
129179353
120102161
104098996
104334134
124534163
118502883
121464105
118868713
102377405
124981321
121818063
100679463
123762286
12449417X
118717812
100680585
141491108
124785158
1079011757
124537685
128461799
118679139
124374387
124536476
118522833
126351228
123627591
128676930
118501062
119262223
124379567
130417467
11550110X
124738435
12403344X
117637114
12362231X
104248769
128865393
100250785
11853596X
128460334
128856769
117421359
118801996
119218968
1037519736
118571869
124665837
121123596
102092311
124815820
118819410
130041696
100815170
11641345X
132615517
104194995
118643355
1037550595
118641859
1037504097
1078340544
120156784
118594893
118858912
128989289
1055656057
117599719
119200767
101052677
116885890
1037523784
138156948
115872663
118647989
100237266
128482362
121751627
1042486921
118537202
119504707
1037506715
118610066
104175656
122259645
1041809964
132294818
128893486
119173883
102426287
140516204
100050840
118733613
124706622
118650130
115789391
118651595
12472602X
100282458
100949282
124582958
129720801
11864422X
129831190
121084159
116371838
102432694
104292326
118642960
118505254
102501971
118603701
118753495
10024775X
124523064
119299690
104057882
128676159
119765063
12443794X
129571474
118598228
103750769X
103155864
133416305
1037507169
100407749
118584138
119458446
118532529
124557082
128568720
1075510023
1037630912
124496008
128654368
118723863
11971051X
124552889
118712500
129172642
120207699
124740871
124741118
135931975
1037630270
117214329
1119480965
104218886
118557203
104088907
104123362
104128771
129536563
121145905
104194960
102441294
124556884
128751924
1055137688
12967821X
1037588959
1037524055
103752053X
123236878
100271626
115600108
1099995647
1073221830
128607866
119138514
124494498
130401617
1046704192
12667275X
116106174
118652850
124536964
100305393
123386527
126673136
115790330
118520571
10416025X
118504223
1022846965
119058626
1037570200
1037595777
1070488771
108056683X
102439648
118632043
136284620
6146138-6
1037523504
5041385-5
1037528727
1037533828
1037511662
131539248
1013725697
1020253193
1037513975
132010410
1037512618
10421970X
1037504984
1037499158
1037533240
103750772X
1037515064
104180463
6146131-3
12938366X
1037503023
1064142125
106414019X
116000058
1037512928
6146120-9
103750285X
1037522184
103755446
1037507908
128862394
129946397
1037521021
103752246X
1037520521
115458158
124684203
133763129
1037520432
139254145
121442527
103750691X
1013724658
132338602
1037522214
1037512669
13762929X
1037529170
6146173-8
1037525779
1037522621
103753378X
1037509536
135718341
121969061
133254925
128718358
1037518721
124751946
130038180
1037523598
117500135
129945943
130528900
1037533437
102823219
1037544730
1020857234
1037532570
1037532937
1037524942
1037544706
104140135
1037508815
128817062
104251263
1037531183
1037526457
1037500180
6146347-4
1037611187
130896357
1037506170
1037506006
6146102-7
137727674
130610445
1037525655
1037518284
131412116
1037505808
120606372
6146413-2
1037505530
1076637450
1037511212
1037507630
1037531604
1011506572
129611875
1037523032
1037553586
1037524470
1037532961
1037525515
128479957
1051038367
6146140-4
6146354-1
1037529472
115649042
124752853
1037530713
1037533712
6145749-8
1037537874
138899460
104318295
1037513622
1037539257
1037520858
103753381X
1037520475
131995758
1037550080
1037507959
129127485
124246125
1037505832
1037513649
103758256X
130630276
1037510216
128526262
104282290
122316924
1037533291
1037512782
1037528751
1037511379
1037512642
6146412-0
128910771
1037510801
6146121-0
124779255
129782793
1037529014
6146365-6
1037526422
6146182-9
139610618
132536943
1037538315
103752537X
6146429-6
1037533852
1037553667
1037553675
103753042X
1037567412
1070491144
1037609026
133134164
1037535219
1037533100
1037517199
129124990
1037507975
1034708864
1037567242
115722122
128893540
6146393-0
1028949324
119363577
1037524225
123397839
12927786X
122831780
132789779
116369949
121365034
118862960
100707416
1069657409
102445451
128460032
128459611
128459514
118782444
104378034
100322875
129829544
102432724
119076101
124437885
1055126937
1055443002
100830889
116154233
116484659
102526613
121866939
116270365
129992402
102827664
119270161
124697925
124697836
117492752
134111354
128811145
123209676
11571801X
100673651
102437327
118537695
128704039
102424969
120601656
122552997
115532455
12067274X
124494439
11884962X
134240405
117648825
12480019X
124724175
124742866
118627163
132107449
100810977
100310583
117401544
132124475
105550933X
115400176
10423489X
118767461
124537960
128636270
128636068
122748646
128658398
117080632
100632726
117546569
122460294
100238750
100383300
1055692762
1055559078
12920644X
118622447
124694306
128661658
128636327
123208556
124755860
12157623X
122549120
132255804
124550436
124536697
128980168
119833964
122065050
124601871
132514729
123662656
124706215
128617152
124555578
124364195
102446822
128636483
104072296
119522403
100084168
104276851
118852280
104194286
132435136
1055506152
100205828
1078123292
122479866
12105876X
118736833
129693774
11768998X
130068063
131995774
1037520610
123140471
124439349
141638850
11895332X
123949564
119751038
118581201
121357007
116473614
116049839
118650319
122834860
118643568
124407811
1013719522
122567471
119118416
118534289
1037544072
118683527
116236574
11858412X
100702236
104173327
115710264
118574868
119847140
10211790X
119699311
118639889
1037506073
1055558675
119050382
1037551907
1037595963
124536743
128663901
138878854
122493303
115783318
122460960
102492239
1037623096
128933763
12873437X
1037574060
103763912X
121289907
128422025
121874508
1055611339
136141064
134241673
124906265
122964756
103758886X
1037608607
128662042
104084588
1037629302
173636659
124723632
116930241
128636300
1037643798
124538339
118532510
117077704
124375308
128693843
129552461
1052728111
1055410872
124680739
124547400
1075196892
128636491
129122807
1037529774
121489116
1037602498
6146095-3
122448278
120394200
1037567714
1037524977
1037627121
103759570X
1037519892
129759341
1037516222
1037504739
1037568575
1037525914
1037526279
1037530632
1037531809
136046800
117500143
103753896X
1037523474
1037507703
135688469
103102485
103751162X
133122565
122177649
13394686X
1037544552
1037560043
1037529359
1037552008
1037529448
1037506928
6146106-4
100844332
1037507312
1037520491
137706588
103750593X
1037538404
1037503821
129072931
121416720
1037512316
6146113-1
104272090
11549801X
1037566386
6146101-5
6146248-2
1067215506
6146110-6
1037533526
6146225-1
1037617320
1037500474
6146686-4
138799245
138799741
129432989
103750934X
1037501845
124819478
1037533259
1037613449
1037505999
123679516
6146118-0
123413559
1037505239
103752621X
1037527380
104277238
128664622
1037536223
1037533070
6146471-5
1037520955
6146265-2
1037516540
1037512758
128655186
1012411362
130838969
6146296-2
6146094-1
6146309-7
14210616X
1037505689
122448197
122954084
1037517652
142707953
137847793
6146898-8
122005538
1037501985
6147534-8
1037627245
1037627253
129984736
132170213
101074743
135903998
135773199
135773180
122106644
1037506480
1037523857
1037502086
132304562
1037512677
1037533798
1037525493
1037530500
1037520963
1037511247
1037607341
11851640X
1037504186
1037551753
1072390396
1037505212
104279842
121335852
6146099-0
1037529154
129292338
133245950
103750187X
120594633
121562190
1037639170
1037516532
6146233-0
1037523997
1037504070
1037521277
1037511409
1037530136
6146204-4
124769799
120868520
136199127
1037502779
1037623207
1037597583
1037597575
137534892
1037526635
129420123
1037530764
103750755X
1037532082
1037519868
1037529219
103750903X
1037522109
135754747
1037533380
1037577485
6146374-7
121764184
1037501993
1037501977
1037501918
1037506871
119660830
6146279-2
1037514629
137978774
6146255-X
1037518152
119034387
1037527372
124588476
1035148420
1035168588
1033963089
1037521633
1037509021
1037505824
129751413
121004562
118644858
118801317
122949293
12988121X
129247901
122041429
124681050
12134679X
128709456
118698788
118656570
124830048
129258547
100395414
122798414
104047453
100826474
100951953
132524864
122550080
124746012
1065265573
126261172
122526465
124523110
138246955
102498229
1055139273
128711078
122795164
124697739
124534406
118622110
12949240X
115781005
119721171
124041485
128692626
124523102
119709503
132156911
104160314
119238217
119413582
1055536922
119646307
11980462X
119368390
119690195
117037400
119767449
118641522
118880578
1061191346
100009867
129538027
11863822X
1055594647
1055580557
119739984
119856158
119696649
124891004
119766671
124799825
1055505865
104081589
118685066
1055139281
124960812
119824701
1055508481
1056133880
1055533087
1061095452
12893400X
1053956525
104082968
128402091
118965700
128715537
119645270
1055547878
1055554009
12257124X
115734368
124967671
123232597
129869325
119747782
119744376
128630787
118647571
119847590
141335130
1037531779
116911670
119673673
119663759
101105118
1053164114
128672455
128514388
119767430
120530791
116002735
118794809
105560572X
132394960
119817489
102506027
118692887
120349051
119655691
119634015
11869961X
11970112X
119713152
119717514
119717557
11973916X
119744074
11972068X
11899039X
119796996
119832674
119848988
119849003
119864428
119204150
119741474
12472650X
11607969X
104145668
124680666
116137827
119663368
119738414
118580558
128605499
100216447
120686848
118503545
120444623
119791560
1050678176
1116108461
133885178
119039842
118768522
118749544
119046768
12421049X
118801430
119552442
119878429
119863286
11966822X
119876558
119543052
12500236X
118519565
118575449
104066822
119673592
120689693
104242337
119761408
11976833X
120115476
119692864
119810395
119281457
119600471
118773720
118533185
118530666
115823697
10211112X
119695553
119357461
119604841
12465973X
119601060
11978291X
118615823
100363237
119006464
119794187
118738712
11857938X
118734873
103140522
118760130
119725029
119607840
100745199
119788306
1093231211
1037499964
12863748X
101016603
13212453X
119215020
138260273
1037609611
1037545206
1052798969
1037554663
103755468X
131563564
130148156
128487941
117267066
104347422
129536687
141891823
119651149
129180580
1019313439
103754692X
122038754
12198012X
133877345
124534236
116992514
1067210539
119011832
119272695
132260034
100526136
1055139303
124661122
119634732
118604376
14259654X
119792028
125009496
119807254
1037570006
10014263X
122056884
1037581202
1055186352
124858953
119792095
118033719
1055538380
1055503315
119796864
123598605
128619147
100378897
119600137
104348089
14198869X
118577700
119694204
1037544870
119688611
119003333
119643340
13592961X
119857731
1055338268
100968635
118733605
119807602
124880479
120839784
132553392
100999859
1037563247
1118393910
119673509
119732971
1037531469
1037525744
1037513355
1044522364
118503170
130515248
1037530608
1037519523
1037505204
132302063
1037518225
1037505697
13555330X
137261489
1037508092
1037519205
102810672
1037507967
100383661
1037521625
119607026
128974370
1037631005
1037520939
1037508491
119843528
1037532902
143750844
103753302X
102563268
132209144
103766020X
1037522443
122902629
1037657039
103761609X
1037580354
1067341692
124906486
1037659392
129093416
119642328
6146139-8
1037525906
119738651
1037530462
6146136-2
1034229125
120473569
1037520750
119742470
119736802
1037519167
1037516311
1037495667
1037545478
10105548-1
1037530535
11879826X
121699714
119619571
1037512901
119641828
137646097
119615959
1037592689
6145699-8
6146442-9
6146176-3
1037506898
1037495497
119610361
119709562
1037574567
1037573587
1037571894
1037537068
104187786
137073089
6146410-7
6146194-5
100075657
1037506669
1037549392
6146209-3
1037540565
132678047
119668971
1037505360
1080205098
132348837
1037540913
119865149
132030276
100387608
6146416-8
119640597
115841288
141924020
119273446
1037620410
1037507649
1037545419
1037544692
122777085
119663961
6145638-X
116809116
121723933
100739571
1061013588
106101701X
1037568184
6146687-6
103762050X
1061223000
108050396X
6146008-4
1061199355
1044558776
13254704X
129678201
11960809X
1037569075
1037539990
1037601912
1037533909
1069891339
119872412
1037541529
103760086X
1061092011
102644697X
128767561
1037541618
1037641434
1037558456
119705354
1037503880
118741004
122875699
104277319
1037507142
11962219X
119614839
1037573056
1037502647
1028097093
6502165-4
119662930
131895869
100131603
104056584
119049066
124652387
1055352155
1113668938
1113669772
1122841930
118694413
129640646
119736365
118660314
118955896
100279392
118781715
118917676
10315714X
119506203
118864173
119156121
119220733
116777281
1020070978
119732084
129069957
12959203X
118580485
1037619617
120463709
1055533788
11979019X
119769301
118167375
119610809
119685647
129072168
11969252X
119644886
11978534X
118502573
1055569340
118870157
123978467
124439047
1037570898
103755406X
1037545230
118684167
118557912
118557904
1113037474
1060815990
124565867
124341799
118638521
143428365
118500643
100070043
119619865
11974676X
100942040
118590278
118577387
1037601408
119174979
102419779
118500805
129050741
118736396
1072328240
6145799-1
1037556453
1037568168
119678365
128686634
119865726
119865742
124875130
6146364-4
135672104
134047664
1031972552
1037566904
1072162237
119865130
119682508
104181176
119687399
122968468
119719533
1037563697
118740334
119612968
6146078-3
130433039
119615819
119838451
135900891
102176078
124577008
119834731
130527769
120517728
129971499
139519904
131635182
118698451
129324531
1037619013
1037619005
106388606
119669226
129085154
1037542835
6145361-4
129803227
120441101
120963507
135999928
118795295
118724142
6146421-1
120730030
132775360
1037577728
103757771X
1037548388
102766193
135917018
119011557
1037570669
128973234
136671861
1037552954
1037552997
123073189
107053515X
129032050
129032077
138421293
1037619463
119526220
