#FORMAT: BEACON
#PREFIX: http://d-nb.info/gnd/
#VERSION: 0.1
#TARGET: https://www.bach-digital.de/gnd/
#FEED: https://www.bach-digital.de/beacon.txt
#INSTITUTION: Bach-Archiv Leipzig
#NAME: Bach digital
#DESCRIPTION: Works and persons in Bach digital
#TIMESTAMP: 2020-09-16
300006764
300006799
1163766496
300194773
300006802
300006829
300006780
300006772
300006861
300006837
300006845
300005032
300006934
300006853
1160248729
300006888
30000690X
300006926
300006977
300006985
1160262470
300006969
1160269998
1160275017
300006950
300006942
300006993
1160490732
300668902
300007108
300007124
300007078
300007086
300007035
300007027
300007019
300007043
1160491305
300010869
300007132
1160525153
300654286
300007167
300007140
300007159
300247648
300007175
300560036
300007221
300481128
1031822291
30000723X
300007205
300007256
300007191
300007248
300007299
300007310
300007280
300007329
300007302
300007272
300007345
300007337
1160546061
300007264
1160900655
30000740X
30000737X
300007396
300007426
300007353
300007361
300007485
300007515
300007507
300007442
300007493
300007434
300007450
300007469
1031822380
300940343
300565828
300007612
300007523
300007590
300007574
300007604
116137261X
30000754X
300007647
300007639
300007701
300007663
300007655
30000768X
1121819761
300007620
1163628409
1163634190
300007744
1163633747
300007795
300007736
300007752
300007728
300007809
300007779
300007787
300007760
300007833
300007817
1163692042
30000785X
300007868
300007841
300007914
300007876
300007825
300007906
300007884
300007930
300007949
300007981
300007973
300008007
300007957
300007922
300007965
300008074
300008082
300008031
4486105-9
30000804X
300008023
300008104
300008058
300008112
300008015
300654294
300008120
300008066
300008139
1121921302
300008171
300008147
300008155
300008163
300008201
30000821X
300008236
300008198
30000818X
300008228
300008244
300008236
300560044
300008279
1160393680
300008287
300008295
300008252
300008260
300008309
30024200X
300008341
300008333
300008422
300008384
300008406
300008449
300008538
300008430
300008481
300008473
30000852X
300008503
300516134
30000849X
300008635
300161018
300008643
300008635
300008546
300008597
300008619
300008562
300008627
300008570
300008694
300008716
300008740
300008732
300008678
300008724
30000866X
300008651
300008686
300008759
300008813
1160631212
300008767
300447760
300008783
300008805
300008775
300008791
1160630992
300008864
300008848
300008929
300008872
1122051697
300008902
300008937
300008945
300008821
300008910
300252226
300008899
300008961
1122057857
30025346X
300009003
300008953
1160882290
300008988
30000897X
300009011
300009054
300009038
300654308
116088241X
1160882819
300009046
1160882886
1122062532
300009135
300009097
300239262
300009062
1160883750
300009070
1160883718
300009100
300009127
300009089
4634308-8
300009151
300009143
30000916X
300009178
4634313-1
300009143
300009224
300009267
300009240
300009208
300223560
7667335-2
300009216
300956495
300009194
300009984
1122207972
300009976
300009941
300009879
1122144504
1076986803
300009747
300009895
300010001
30001001X
300010028
300009798
1185613323
118561351X
300006667
300009755
300803621
300309767
300009909
300009917
300010850
30063370X
300633718
4634416-0
1122311168
30000978X
300011806
1185613641
300009283
300466226
1186188707
300009291
1122316712
300194099
1080156577
1158696272
1153908557
300011075
300011083
300011067
300011091
300011059
300010605
300011105
300832303
1185583904
30079858X
300010575
300828993
300010559
300010591
300010583
30001063X
1150674040
300010664
300010613
300010621
300010648
300010656
300010680
1150708565
300010737
1150679026
300010699
113078939X
1130789497
300010702
300010710
300010753
300010729
300010745
30001077X
300010796
300010761
1068850515
1068850558
30001080X
300010818
300010826
300759800
1150721065
300006500
115072126X
300006497
300006330
300006322
300006527
300006314
300006535
300006519
300006306
300759819
30021569X
300011717
300011725
30000639X
300006292
300010508
300011695
300010494
300006373
30001175X
300010370
300011768
300006551
300006543
300315910
1150722142
300011741
300010389
300006624
300005261
300009526
300009542
300009305
300009550
300005245
300010141
30053292X
300919883
106888603X
300442572
300785860
300731779
300009585
300010400
300009577
300010168
300351135
300179723
300436335
300357079
300010117
300686455
1068887125
115113189X
300010079
1068888296
106888729X
300010133
1068887362
1068887230
1068887168
300010109
1068887591
300010087
1068887656
30001015X
1068887451
1068887389
1068887710
1068887702
300320930
1151133019
300010125
1151134775
1068895667
1068895330
1068895365
1151133590
1068895454
300211961
1068887745
300197381
300005695
300005717
300010095
300010184
300010176
300532911
300257325
30021197X
1031636501
1151158496
300005709
300005679
300005687
300005660
300005776
300441363
1076686222
1076689744
300989253
300005822
115115976X
1076687547
1123820414
300005784
300005830
300005792
300196822
301014876
1123818673
300005806
1123830401
1123838623
1123830746
1123831696
30031647X
300005733
300267290
300268807
1068897384
1123841187
1076685781
1076685501
1123840377
300005849
300005768
1068897430
1068897597
300376464
1151165816
1151166081
1151165557
1151166200
301014884
1068897910
300968345
300659024
30066804X
300005873
1068898089
1068897937
1068898003
1151234044
300409281
1068898402
30056239X
300005911
300005881
106889833X
300427093
300005903
30000589X
300855850
1151261203
300453396
1068898496
1068898720
1068898747
4418270-3
1068898615
300647824
300296169
1068898909
106997000X
300005946
1139905120
1069969834
300569807
300306067
300433948
300456913
1139914855
300005954
1069970239
300005962
300967454
300315988
1139915010
300005938
1069970131
1069970549
300233566
1069971022
1139915169
300388225
300360126
30031597X
1069970956
300005997
1151268011
1070035599
300006012
300006004
300815883
300197357
300006055
1070035696
300006071
300006047
300006039
300006098
300006020
300006101
1151328588
1151328898
300194471
300006063
300440227
30000608X
300006128
107003844X
30000611X
300647050
1151329835
1151329622
300603045
300440235
300006144
1070035785
300257317
300211988
300223609
1070039551
1070039837
300442580
1139920111
300603061
1070038695
1139920812
1070038962
300649525
300865481
1043831584
1070039144
1070038830
30022351X
300010354
300253680
1136342249
300603053
1139921606
1070045470
300010346
300010338
1070044172
300006195
300805845
1070046329
300010362
1123734925
1123734550
1123735379
1123735166
300435509
1172986878
1148440496
300011423
4420622-7
300006462
300216106
300245718
300010842
300011121
30001113X
300306393
300011164
300184778
300010486
30001144X
30001158X
300011598
300011571
300011563
300011555
300011547
300607717
300010923
300668910
1060934116
30066365X
300568452
300715870
300011253
300011318
300011601
300010958
300011202
300011245
300011229
300006578
300010982
300010893
300010966
30018249X
300010915
300010907
300009682
30000933X
300005369
1038751128
300005377
300009674
300009690
300010990
300005407
300005415
300005423
300591527
1201316634
300009372
300005393
108110063X
300009402
300009399
300202148
30000947X
300201567
300256418
30033883X
300009461
300256426
30000950X
300009496
300009437
300011466
300495684
300011520
300011490
300011474
300010192
300612087
300612079
300612095
300006748
300612109
300264623
300010036
300613199
1123835802
300634285
300009712
300612117
1151264768
1151264849
300370938
1151264857
1151264687
1139855263
300011792
1151265047
1151163457
1151264997
1135504806
1151163600
1151163538
1151163376
1151163481
1151163562
1151163651
1151163724
300837968
300666322
1151164054
1151163686
1151164143
1151164151
1151163759
1151163775
1136324666
1151264008
1135504768
1151263869
1151263680
1151263923
4634315-5
1161745572
1161746250
1048742512
1140062077
1212885333
1151954209
1151958301
1151958476
1152347810
1151960888
1151959197
115195960X
1151959847
115196011X
1151961736
1151961337
1151961531
115195859X
1151963348
1151961973
1151962457
1151962899
1151961833
1151962740
300427867
30000477X
301004161
7672510-8
1170889824
1159592039
1084794713
1096771888
300303629
1169755852
1140061674
1169833950
1169834248
1169834515
300004990
1077666594
300878699
1151604380
1152351435
300853068
30090617X
300724829
300003781
300315228
300302282
300003889
300202393
300202423
300202385
300202415
300302290
300003846
300433417
1078436851
300003870
300003862
300003854
110635589X
300235542
300911610
300857993
1043516794
1043517197
1043516581
30020227X
104278115X
1201105129
1201105161
1059786184
106707676X
1032979089
1032982403
1067077391
300202288
1155943120
1032982284
1032982160
1155889320
1155873645
1053629036
111303047X
1070716111
1155886925
300856121
1155979966
1113031190
1127670476
1155939530
300868510
300448295
1155946669
1151953385
1155971973
1151470384
1151470457
1151470449
300004958
300178689
1151942308
300974663
1151890839
1151891223
1079303499
300887965
300887949
1136810404
1151890359
1151831948
1151830224
1067089578
1151666823
1151832499
300276494
1151656690
1151650242
1151650285
1151901997
1151906905
1156569907
1151918962
1151913405
300233442
1063043050
1151902373
1151907170
1151944114
1151944017
1151658766
300223315
300740913
1151662518
1151662496
300213557
1151942154
1151961922
1151942243
1149287950
1149287802
114928787X
1117716120
300552823
300664621
1151910724
1033202509
300234716
1134987684
1149288051
1151473928
1151473502
1151474126
1151474207
1151474134
1151473731
1117602931
1117603512
1151671436
1152017055
1067089063
300295847
1067089373
1067089241
1067089527
1097272249
300505272
1139291424
115188989X
1149689692
30000494X
1065700172
1151890057
1151890081
1151889970
1151889822
115189012X
30103088X
1151466468
115146581X
1088451926
1134987773
1151465968
1151580457
1151580279
1151576034
1134987218
1151579998
1151580910
1151582026
1151581143
1151581445
1151582530
1151581054
1151582255
1151581283
1151583189
1151584169
1151583405
1151583022
1151583596
115158407X
1151582891
1151584762
115158519X
1151584592
115158553X
1151586137
1151586331
1151585009
1151586242
1151584681
1151585939
1151586730
1151586471
1151588059
1151587753
1151587931
1151587036
115158729X
1151586595
1151586935
1151588369
1151588628
1151593850
1151594199
1151593710
1151593745
1151588199
115158844X
1151598429
1151597414
1151598062
1151598178
1151597813
1151598003
1151598291
1151597929
1151597996
1151599034
1151599352
1151598925
115159766X
1151599131
1151598615
1151598798
1151598526
115159931X
1151958298
115166104X
1151660779
1151468517
1151468630
300233450
1151468002
115159945X
115201515X
1152014722
1152015052
1152014838
1152014595
1152014986
1152014773
1152014927
1152015788
1152015257
1152015524
1152015907
1152015699
1152015974
1152015346
1152015605
1152015850
1152015443
1151965243
1152016075
1152016016
1152016164
1151969850
1151965456
1151968021
115196980X
1151967955
1151965391
1151965359
1151970794
1151970913
1151970069
1151970573
1151970654
1151970379
1151970441
1151971022
1151970239
1151970859
1151971219
115197126X
1151971553
1151971367
115197109X
1151971421
1151971146
1151971499
1151971677
1151971987
1151972371
1151972223
1151971901
1151972290
1151971863
115197174X
1151971626
1151972142
1151972088
1151972908
1151972460
1151972649
1151972525
115197305X
1151972983
1151973092
1151972959
1151958891
1151973327
1151973181
1151973548
1151973246
1151973467
1151973645
1151973610
1151973394
115164577X
1151538221
1134986270
1151537195
1151461962
1151542350
1151455156
1151542466
1151534862
1112346325
300004931
300004923
1053498616
300004877
1151669555
300004966
1151662860
300887957
1151841641
115184196X
300004907
1151839965
115184019X
1151840424
1151840904
300974655
1151842249
1151842346
300315783
1151909874
1151833924
1151834017
1151834076
300004885
300374038
115166958X
1151669636
1151669733
1065202121
1151917532
115191780X
1151911763
1151892696
1151919276
1151891525
1151892998
300234708
300234724
1151964441
115196428X
1151964344
1151964506
1151964115
300003757
1152018213
30019112X
1152018302
1155955889
300475896
1152017667
1152022156
1152019325
1158636091
301011818
300260458
1152018256
300003773
300202210
1124564535
1155958764
301011826
1156301696
1156612152
1079250832
1156299772
1156570700
1156567556
1156565189
301011834
7671220-5
1156635381
1159531625
1156633419
1063140781
1156626552
300003560
300761120
1156239303
300202237
4594414-3
300202229
300202245
1159600031
1198982810
1060343630
1060342855
1060343878
1159906246
1198983817
300419716
119899326X
1198993650
1198994126
300419694
1156194261
1156193230
115620576X
1156205662
1156205506
1156205875
115619377X
1156194938
1156194504
1156206324
1156206464
1156206421
1156631297
1156206006
1156628393
1156206553
1156633028
1156206057
1156206189
1156206073
1158523203
1156630878
1156632412
1156632137
115852305X
1156630703
1156631416
115663010X
1159604363
1156632528
1084356511
1158532598
1156634997
1156633125
1156684110
1156632668
1156683262
115853096X
1135612412
1158532229
1135612471
1156629683
115663279X
1156627362
1156634784
1156683742
1095125745
1158530439
1158505965
1156634245
115663444X
1156634105
1084354497
1158507003
1084355809
1156683904
1060700840
1156634369
1156633931
1156634156
30084302X
1060701111
1158527861
1060690187
115853115X
1158530579
1158633114
1158529139
1158523858
1158524021
1158527691
1158524048
1158524269
1158524528
1158524439
1158524374
1158524188
1158524587
1158524145
1158529015
1158630085
1158530803
115852398X
1158524110
115853065X
300260520
30026061X
300260601
1084356813
1084355582
1084353741
1084355051
1084353229
1084802856
1031360670
1031360700
1031360727
300273495
108480347X
300354339
1054383693
1084802236
108480865X
1084808528
300412134
301030715
300474849
1084800365
300474830
300003668
300003633
300592191
30000365X
300643705
300592205
1054383642
1084807092
1084802147
1084804271
300003684
300474857
1084801930
1033594717
1046615556
1084795140
1084804670
1084357291
300613849
300003536
1139195859
1139196421
1139195611
1139195697
1088442153
1088442218
1088442269
1088442021
1088442323
1088442412
300004265
300004281
300004273
300376111
300391595
300280432
105098871X
300004311
104619920X
300202326
300433484
300294654
300246757
300223307
104499830X
1045249629
1045251232
300199619
109677139X
300225636
1044998377
300003498
300333978
300003978
1084360802
1084362554
1122992084
1050372824
1050373405
1122992351
1050372565
1046633317
1046633244
1122992173
300333986
1075769132
1075768950
301004609
1075768624
1075769418
1050373928
1050373014
103136210X
1084240920
300260776
300260482
1084363372
1084363283
1084361426
1084363577
1084361698
1084363402
108424313X
1084243660
108424330X
108424280X
1084242915
1084243458
1084243377
1084243598
1084243237
1084242087
1084241250
1084243776
1084243733
1084241641
1084241587
1084242346
1084241153
1084241358
1084241463
1084242427
1084362643
1084242516
300533578
1084361531
1084362074
1084361965
1084363771
1084362163
108435487X
1084347512
7670317-4
1084363232
1084820412
300004001
300257880
1084362848
1084359723
1084363305
1084821125
1084820978
1084820722
1103492608
1084820811
300880103
300004028
1079670629
301004676
300004052
300260717
1084828170
300260792
300260784
1084828561
1084828480
1084828707
1084828316
1076098266
300260806
1075770556
1075770408
300260822
1075770513
1075770327
300260814
300260768
300260709
300233469
1054408750
1084826534
1084826747
108482633X
300706820
1084827107
300260741
1084817268
1084363712
1084361760
1073175634
1084656892
300260849
300706812
1084819295
1084819538
30043426X
300260830
1084787881
300260857
301004641
300260865
1076099769
1076099564
300004656
300004648
1076102654
300004680
1152338625
1152339206
1076103316
300004664
1076101879
300597282
1152343440
1152334182
1148700307
300004702
1152347152
1152348280
1152343866
1152344218
1152343548
115234398X
1152348906
1152348973
1152348590
1152349023
1152348795
1152348531
1152348655
1152351397
1121820573
1043236619
1029090424
300835728
1152354671
1043236619
1152354833
1152354795
300004613
1029091129
1152393561
300204418
300207905
1152414186
1152414275
300207964
300207956
1152414364
115241433X
1152413414
1152418564
1152417797
1152417835
1152417908
1152417770
1152417991
1152417908
1152417770
1152417835
1152417797
1152418564
1152419471
1152419544
1152418009
1152419420
1152419994
1152419579
1152418920
115241934X
1152420305
1081631759
115242047X
1152420380
1152420445
1152420356
114996040X
1152421042
30073400X
1084137550
1097288900
110385612X
1151329053
1151329061
300457650
1152954830
1152955527
1152955543
300004532
106889220X
300893698
301009228
300213069
300617283
300004559
300758960
300004540
300758936
300758944
1152973959
1111790027
1153027712
1152975005
1152974947
1152974602
1152974521
1152974572
1152974033
1152974009
1153027755
1153028913
300246668
1153029049
1153028557
1153028123
1153028077
115302800X
1153028182
1153030225
1060846780
1153030276
115303025X
1153029618
115303221X
1153032465
1153029227
1153030179
1153030144
1153030152
115303266X
1060855054
300634579
115303204X
1153032589
1153031752
1153031442
115303185X
1153032252
115303252X
300634595
1097401138
1153034387
1153036258
1153036304
1153030071
300004575
300634587
1056832207
300252900
1153036959
106086374X
1060922223
1052606814
300916094
118505521
1153038161
1153038269
1153039931
1153038463
1153039788
1153039680
300837100
1153068249
300004451
300837127
300837089
1084824884
1084824736
300260474
1050379357
1084824965
300714319
1084825430
300260733
300880111
1122994931
300981481
301012385
300837232
300837208
1122773404
300003803
1050374231
1122992432
1122992378
1122992491
1122992319
1084361876
30000446X
300837194
1084364018
1084585928
1084585871
1084585995
30026075X
1084354721
300706839
300837224
1050382404
1084356899
108435666X
1084356333
300837216
108435358X
300334311
300527314
1084359294
1084359782
1084245620
1084244500
1122995504
112299253X
1084244683
1084359626
1084245426
1084359243
30083716X
300369239
300837135
300837097
1153075857
1153076209
1084586789
1084245574
4416786-6
1084822199
300260695
300449917
300004184
300004214
108458736X
1084586894
1084587076
1084587009
1047804301
1050374363
300843003
1084822407
1084822911
1122992238
1084363054
1084822644
1084822768
300260725
1031362150
300746237
300239963
1046633511
1050378008
112299317X
1122993897
1122993943
112277317X
1050373324
1122992904
1122993048
1122994567
1122993560
1122993005
1122992122
1046633198
1122993633
300003943
103136238X
1031362304
300975910
300515367
300359608
30035956X
30033091X
300359578
300359594
300003935
1077077815
1077078757
107707865X
300359616
300003927
300359586
300003919
1077079028
1140257536
108480378X
105438360X
300533241
300004303
300246765
109677027X
300003692
1140258036
300861753
300213573
1140257951
1046601849
105072092X
1153082438
300223188
300004486
1153081431
1149163569
300837143
1049521625
1153081253
1153081881
1153082721
300219202
1153082683
300261411
1153083450
1153083523
1153083582
1153083620
1153084635
113663133X
1153083655
1138994650
300004508
1153085666
301023255
300837186
1153084937
1064758533
115308662X
115308581X
300740824
1153091615
300837178
1153091399
1153091089
1153091240
1153090945
1153091755
1153091836
115309195X
300475942
300336896
7658459-8
1152975560
1152970372
1152969293
103173936X
300004435
1152974424
300260512
300192207
1152978411
1152978764
1084363925
1122773579
301010706
1153019248
301010692
1153018411
300421702
300419708
300746229
300571739
300746245
300685440
1153021080
1153025256
1084357046
108435618X
300969937
4403350-3
30062655X
1158529686
300713649
1108122205
4500203-4
1201037557
300533276
30028330X
115303199X
1153031698
301010714
300685459
1153033666
300713703
300685432
300223102
1153030594
1153034093
1153033097
7841039-3
1123963738
1153035170
1153034859
1153035669
1153035839
1123960321
1123959536
300627033
1048418723
4352501-5
300731191
1046356089
300969953
1153169398
1153236907
1153236761
1153238187
1153239299
1153238438
1153238659
1123960100
1153238837
1123960879
1153238977
1152025392
1111065756
1151670537
300004524
1123961026
1123961468
1065201540
1151892327
1151669490
1152018450
115233347X
1151659770
1067089306
1134985827
30024584X
1065700008
115166233X
1151669687
1065700113
1072556359
1049187121
1097395790
1046598635
1153028662
1081390204
104660337X
1097396584
300716613
1076100287
300716621
1153751666
1153751984
1153751925
1153750996
1153512254
1153512742
1153781263
1153781913
115378145X
1153781808
1153752107
1153781700
1153752042
1153752247
1153752174
1153752166
1153783509
1153782502
1149165723
115379621X
1153795868
1153783568
1153783835
1153782588
1153782006
1153783673
1153799324
1149176105
1153797763
1153797569
1153799529
1153797682
1149166150
1153798352
1149176504
1149176407
1153801590
1153801310
1153805146
1153804913
1153800683
1153804735
1153804271
1153804018
1153804174
1075776007
1123965080
300475918
1152332481
115233879X
300005040
1059897814
1152273876
300868421
300868758
1152347748
300005067
300569823
300192150
300868731
30086874X
1084806304
300518218
300199627
300569963
1084807203
300852517
1122993021
1122992947
1122993447
1122993315
30098149X
1060907801
300569890
1122993781
300947445
1122773137
1122995385
1050382536
1122994397
1122994761
1122993730
300746253
1122995571
1050382625
300429282
1200597729
30000415X
300003471
1201391342
1201391598
1159540551
1201389704
1201389232
1201389895
1201389496
1201390095
1201388961
1201391504
1158529740
1158528450
1158528612
1158529600
120139175X
1201391652
1201391881
1158531222
1158530153
1158530285
1156574323
300242093
1122994230
1063985374
300004338
1050381696
300399537
300012071
1193931908
1193931703
1056047984
1148461965
1194011055
300005164
300233434
300005180
300005091
300004788
300004362
300005105
300543085
300005083
300260873
1049818598
1158527683
1156631661
115960374X
1158695527
1158638558
1158695853
1158695640
1155753682
300419724
300004850
1159908699
300012152
1148463364
300012160
1148440496
1148164103
300338554
30021040X
300012217
300260490
30026089X
300004036
300333994
1200594894
1084359839
1084246384
1084246449
1084246317
1084246562
1084246481
300401590
1084363801
1084244098
1084246708
1084358670
1084244322
1084245663
1084246775
1084246759
300003501
1201043549
1201043573
1084246872
1084246902
1084246821
30026092X
300004095
300199600
300222165
1201098025
300577273
300222173
300242085
300260938
300003986
300260539
1156621577
300592175
300592183
1084804212
300527543
1158633645
300675925
300821476
1159907382
1082220523
1159907927
300338570
301012350
300576110
300338562
1152230832
300232012
301011044
300338589
300475004
1152230719
301011036
300857705
30001211X
300742215
1152236806
1152237454
300012179
300857713
1152237721
300858019
30043457X
300181043
1152295314
1152237799
30000432X
1077078897
1151666793
1122993218
300535228
1201066921
1201067790
1201066522
1201067243
120106810X
1201067537
300004087
112277348X
1050382218
1158697309
1156625300
1060855054
1067106413
300280459
30096773X
1074262476
1151667978
300012144
115167169X
1151672211
1147393478
1151671304
300391781
300012055
1148467009
1067105239
1067105239
1151672548
1151672475
1151672661
1151672769
300297823
1148466169
1067104771
1148465308
1148464956
1148464778
300012063
301023905
30034824X
1049812972
1049813022
1049813049
300289413
300348266
1148471286
1148471758
30019739X
1148471677
1067105425
1152045334
1152037153
300289421
1152238418
300822960
1152231650
1152046160
1148469478
1148469176
30100417X
300012128
1152272209
1152273957
300750633
1049521463
1049521293
301004188
1152285203
300192193
300012101
105989825X
301004196
301004137
1152284134
1152285440
1152293826
300434588
1152290061
1152292870
1152294458
300434596
301004145
300880189
1152339346
1152346091
1152345338
1152344153
1152344498
1060791188
1152346814
1077077882
1077079044
118924019X
301003912
1084588064
1084588145
300533586
1084587866
1084587947
1084587718
1075771382
1084789302
300260911
1084789396
300260881
1084789116
1075771994
300239955
300260903
300004060
1084355302
1084358301
1084358212
1084357712
1084358182
1147514828
1088791573
1201391210
1196636923
1147514577
30000351X
1047770652
1122773595
1031362371
1050381882
112299432X
300527535
1196750033
300004230
1122995237
1201392241
1050382129
1201393256
30026755X
1196742596
300254466
1201451132
120145767X
1201456525
1201457386
1201457181
1201451701
120145042X
120144960X
1201440874
1201438748
120145848X
1201424682
1201458137
1201425131
1201439256
1201437342
1201437997
1201439000
1158695497
1158633394
1158695721
1158695608
1158695802
1158695756
115869573X
1158695594
1158695705
300843011
1048460800
104846086X
1048460959
104846072X
1158695888
1158695829
115628144X
1156241235
1156240999
1156565782
1159533458
1031660410
300569882
300569912
300569874
300199856
300475926
300569955
300774036
1156612918
300569904
1156282667
1156292387
1156613817
115619430X
115598093X
1152352547
300569920
115657157X
1156620783
1159582343
1156624967
1156635071
1156630223
1159541302
115954087X
1159591458
116147384X
1159933286
1158697031
1158697430
1159931089
115993228X
1159932778
1156309891
1156308429
1156301432
115631027X
1156310520
1156283795
115869752X
1158697848
115869766X
1158521707
1158637373
1159590001
1158529465
1158524773
1158522169
1156812283
1158507682
1158522800
1158532717
1158532253
1158533292
1156575036
1159540136
1159536600
1159600538
1159537569
1158530161
115959919X
1158634412
1067801421
1159919380
1101967374
1159927383
1156575451
1156611652
1159929653
1156634768
1158637861
1158639058
1158628803
1158531974
115867189X
1158639937
1158694628
1158639198
115993035X
1158638795
1186172541
1158640412
1158640811
1158640978
1152019112
1169835929
1158695373
300228538
1160258287
1152353268
300006659
300005652
300006608
300011040
300011113
300011539
300010214
300005865
300006640
300005725
30001189X
300006209
300010060
300006403
30001127X
300005350
300011962
1084587556
1160608822
1160695792
1160547696
300009283
1185583157
118558353X
300011059
1161471529
1079305203
1161372725
1079305025
1151842567
1161373284
1123734208
1151953407
300012136
1161373217
116137325X
300012047
300447663
114847109X
1079305084
300297807
300012020
300009852
1148463364
1148460756
1148462414
1067105395
1152273655
1148468757
105605123X
1079248080
301030871
1151467383
1117600602
1151453625
300505264
113498703X
1151649899
1134987544
1151649368
1117604055
1151606014
1134986505
1151516732
106708830X
1056947748
1053483554
1068325127
1151662208
115166068X
105352756X
113681034X
1151833789
1151849774
1151669342
1102281972
1151965162
115195957X
1151947822
1151963860
1152014463
1152018086
1161373993
1081839740
1194199496
1151972819
1152026968
115203006X
300007639
1060934116
300008716
300011601
300010958
300006977
300216106
1152030191
300009712
300010214
300010214
300812434
1148155996
300012195
300379803
104980791X
30037979X
1058352032
1058351915
300012209
1151597961
300297815
105835146X
300434251
1151582999
1058351427
1049820304
1067106995
105839276X
301030855
1115752480
301012369
1056048484
300933681
1151412597
124738796
139644393
118505491
11928930X
1014395771
117194891
118627546
12937749X
129809802
117575364
122630025
1078409471
116365781
128778458
118917382
1171148917
118811266
1041637667
1035176866
118651471
1155033957
1123162093
123594804
11850553X
116600098
116054670
118722239
116448199
116804831
136718809
132206951
118636421
141359447
1077339321
1033617822
116387874
118600966
1067078746
139656049
115126945X
102017077
1031121196
118500805
122971841
104325453
1037503015
119601192
124943888
118868306
133342956
10244921X
123996457
118501550
115400206
118647814
130343579
118501690
118644300
118637673
135784468
11911139X
118648748
115829199
128866160
116299053
130577995
130577944
116331674
11601198X
116308583
116012048
115756183
118829173
118503111
119512297
1035791161
117764086
124478271
118504347
1027178944
132205866
134691903
100936881
101374054
12929327X
118505084
1169844278
116212780
118995022
118505092
103972390
121003507
119314088
117764787
100563880
100018343
1153565455
110311043
136952313
107253461
1053084234
142817511
104327758
128732369
116025360
117764523
104364467
132166380
129733474
1169324479
1120736544
1065207115
1169245455
116215968
105514160X
116040505
1037583337
132392682
100422977
1073961850
116056908
1037573218
134321332
115706704
120651726
116057300
2005573-0
118850091
143435477
101937120X
116105054
121027236
118508253
118508288
123261368
102499020
13591647X
128826894
1149525193
135937809
116114657
100054102
102934673
135180007
129008559
1050418972
124071201
101252099
116114525
139337121
141123648
119326728
118655329
132173972
116117710
118655310
13176456X
1037540077
1037578163
129044857
1037540085
135721164
1026357934
104029935
118509845
116146826
116136855
1055196781
116135115
134327152
118511270
115159427X
124614558
122849108
119163365
1089579349
116181044
1037583752
103756085X
124968546
12884728X
118511394
137190417
116194898
1034109014
103774807
1089444710
1037583809
1162160950
118511637
1037500776
1031984690
12034369X
123376114
118660438
118512315
1037501969
118659170
113395299
118660535
121020509
124681387
108992464X
116232501
118660764
123286484
116232587
1037534603
118661078
1037502485
118513737
1082097160
123881439
5245787-4
1051994276
124615813
1072887576
1054964815
126111189
117621757
1024118061
1178564398
130928348
100874703
119137305
119176076
116409207
137135130
134586654
118809873
104114010
119355272
120691124
1169252370
1169251706
130123021
143252038
1069347760
115756221
118674072
118673904
123384443
133281507
113152469
118515586
123146518
120947498
1027302696
133053911
103145931
118515799
116775653
1037503872
118660217
129604941
1037496930
105586196
6120842-5
118674609
116747749
118674714
103769544
118516051
133872866
1037534964
118516027
12113153X
1055140298
17239-X
116458704
116458593
132634732
1089753950
117112887
104173386
118694146
1053407262
2164547-4
120815796
1169253008
1037563824
135145554
119351080
135329779
105514028X
135952131
135326842
124647839
129655910
118816098
1026657830
121800598
1047651068
1028178522
118521098
104074361
119514729
1169253466
118676423
6145508-8
1028271549
117691208
116618051
116618116
121497100
116629029
116341564
11901176X
119351064
104066873
121070042
1148300090
100178405
100093302
118670247
121097021
1047091984
119175606
135725178
1026709415
118973258
1073420868
119453363
11852321X
1081215046
118677667
1062724143
1059554496
118524186
121149951
123616786
1143064135
131533665
102441219
1041345771
119486725
117626953
103977198
134357019
1157517773
1198193891
1037534360
124662153
116071532
1065635974
130136247
118728601X
1079622470
118525042
116095628
118678043
11610032X
119216132
129185434
118671855
127183396
118525697
118678345
101361769
140552138
102419965
134036247
1037581172
118679856
130470139
116142960
128889810
12982111X
100054315
118527894
118901753
1054130450
1084354470
134836448
6147579-8
118681524
128593857
118687581
118681508
131747568
11938700X
112862883X
135729904
12946435X
119659808
118528688
100116523
120656914
1037505190
1034721704
1032285389
1084352923
104319321
118746405
11072433X
128893486
118684663
174046073
129464694
11648666X
104021454
119444933
124670504
135170206
100804500
104113634
104176008
11868521X
116541296
119455668
139814388
133354334
105794307X
13022636X
136014852
116603933
130146870
116612665
1137649615
1073503720
1141271605
116409746
11911044X
124015875
1089838069
123336627
126180342
118686593
1024432009
119007754
1056158514
122155572
189417587
118896628
135080665
124794815
118687301
1033904392
1193531772
104045140
132486881
130066753
118549561
116584645
128551801
130622036
135328152
108404269
141946024
118533908
116600535
119007592
118993879
124603386
142157244
116601086
116925473X
123545269
121199398
11869250X
132176408
1037500393
134376854
11674779X
118702955
118534955
118692925
118535129
1146341350
118535013
6146486-7
128957859
119285452
13477647X
118536249
124947239
1055193782
138078785
119523884
116819472
136029035
104088117
116840331
118693948
1037580745
134379128
1164255150
123257980
1030190046
128758430
1034727958
116873655
116871733
13761456X
102042706X
129038938
1018486011
120555794
118694375
116327642
119057077
118689223
124377599
102532907
1025289595
12159176X
118689061
118689363
118722700
1057657697
116450088
123592704
120032589
116422238
116333782
118538624
118690655
116565292
128424540
118538365
130658081
118716913
116588136
134770870
1018269460
13256727X
118538659
118690949
118690965
118694405
1025158733
133212602
1055978372
141710268
116654406
104073772
128713488
104272724
116649631
1052836011
118717758
118539841
118540084
13213750X
124203000
1025719913
1024709531
1139404709
118540238
118695959
118717928
118540254
118696238
11676211X
122877292
11871788X
126352119
118702688
134801784
119157977
128228040
10247804X
118695916
123952964
118698370
134255348
120974355
1192410246
172118743
104124946
116895284
116901128
1026995787
104067063
116893699
116894660
1037534948
119692597
118698508
118698753
118543032
116908327
119401126
118848895
122145968
116925221
11854327X
116911328
121266532
136154530
1037500377
104367148
1067271171
1024924408
118543725
12401402X
1051615623
14022632X
1037575326
118545140
100158463
116442336
140305491
12105862X
101379773
17215054X
121249735
134635280
118544489
124269273
119309025
129918563
11896979X
132061554
116503068
1055322787
130273449
1055390189
103970754
133738906
1169256201
2012966-X
118546651
118917447
116511257
1050904990
118546643
116513772
118513478
116515015
11636906X
116521015
103900187
1050899881
1171483473
135678110
120435357
103129707
11655570X
116560681
1137016175
1115263099
131550969
118800280
116560096
1073459101
118709712
141292768
1037529227
121215059
115821872
117738751
124332498
121062236
123196876
103787038
1037495993
100232515
123370019
128486740
1074419022
116684283
116721774
102576335
118773925
119488140
116717904
108359573
118580736
1146976518
10001349X
11877414X
120469170
1054441588
116738529
135906210
1056140488
1037496388
118703668
104162031
1052835201
1031935606
1031934863
120309823
118951688
116746963
1047768100
11678735X
116803630
118978284
100863388
114306567
118980009
11870477X
134405897
116897899
119291029
10399825X
129355291
127764879
123157471
116898348
135567416
140401695
1037543424
11692618X
141787880
128635681
134407407
116922346
121433986
118552465
116950781
137125348
117729876
120734303
137999623
100358616
11695776X
1011617501
138941815
137595336
137595395
128421681
118552023
104611960
134880757
1031120378
139656332
116977248
118553356
100818684
12396668X
10086645X
118707701
100820042
124540023
5135938-8
119404257
117045675
103978887
1157584993
1089815026
118554751
131602055
118554840
130649325
11855476X
124679250
117056383
103905480
117212822
120861062
1037496531
132980525
143381369
118556657
117058750
11705867X
1043018352
1043006362
1022910116
123393116
116878355
117077801
135319609
132408465
11800414X
100758819
118004166
129975605
121125122
103761948X
13783831X
118558404
118558390
118640003
116031522
119054825
133355292
116024232
10016806X
118721313
119262878
124623778
116077808
135572665
1112573550
1026798485
1145434754
124545424
139940618
133905810
130038598
1147051771
1031232508
116094443
123210178
118560999
100177085
116094486
134971175
117749540
121322408
1127070223
118723081
11872309X
118562347
14129860X
116175591
116172169
1048700488
115431039
130052701
129393436
135517540
123823420
1020422637
118777238
118800639
1052804268
120892871
12081997X
1073384160
135962242
119544792
118563386
116228547
1012279189
116236450
1037516028
107519704
1036525147
115548459
14368700X
130475025
1077876505
1037587790
11614095X
116274352
122649486
136334490
118777602
13390637X
1021102059
119438674
136970761
115383344
137571135
121897974
116288310
119732769
118777661
122801083
116331631
116295198
116338288
103784497
124173292
1161111751
100202055
1047269260
116389346
100202349
123281954
130635812
116529512
130635758
118898809
115599770
130635642
116549785
100833136
101381980
1030016992
115440658
135446104
1034283650
116556285
116552336
116559810
103789391
129117056
134435338
103913661
116587474
103124861
173134416
116588268
124019668
123857775
116607157
136586953
1055806210
1186876018
189557176
1051903955
128693630
101381727
130344885
116693231
118569317
1128666189
116682418
141239824
100610226
135255260
1049712595
122638212
1037496515
104086475
12972646X
132546191
130274615
131781596
118570293
122005961
11760691X
121201759
1037560841
5324805-3
120459140
1090684851
102449465
129477443
116851457
118827472
1140176005
1053273592
116850434
103977937
118572237
118865900
124505937
1184810907
136667953
118752715
100190014
116985828
136671586
134442512
1147096767
128907053
1091218315
117003689
101488769
116996838
123098777
122844653
104178892
104222867
1077853491
121070077
1034296698
121387038
117035769
124263488
11948756X
1034063480
118780220
1141106299
1052113826
1037505425
119211653
117333271
1034942794
135341213
104726465X
1037578708
118781154
118780883
118730215
11941077X
102374899
116660929
32572-7
116728698
11878143X
118939874
132579510
134452798
1076412254
116694475
116687991
116735309
118951114
118951122
119043688
12973960X
1052801587
11917426X
11678167X
131954628
137353766
118577867
118781871
119259737
1022601385
118577824
118578189
134456270
119352354
103975047
118921088
116792841
116783575
137363540
11878210X
118731386
116801832
134456548
1055142665
123180473
124453430
117546011
115377328
100159680
118732374
118917994
134590007
1207273244
118511084
134579763
134459393
118580485
132269783
136806678
1076406793
138942021
118733141
11858104X
119338920
1169256783
122297229
104273801
103814744
101141149
11948370X
116954787
100309038
11945324X
116961236
116954698
1077895062
11873430X
118784013
133905594
1045249793
139650709
124431186
120517973
120517981
117120251
1017303274
11708090X
138396779
120407868
120197514X
123909260
118583700
11691582X
103980202
1022874624
172681820
118584596
121674223
119176653
118584588
117147443
118735144
119149397
1081200367
1077258682
11906362X
122325176
137901089
122200284
137901038
129387304
120915898
115433651
117208450
11858605X
135959292
121390985
1206782366
1055182446
1184638225
116898666
124033652
119443880
1068417536
116879696
1072997517
7679923-2
118738208
11858622X
116899344
118586777
118586688
127028137
103879129
11690156X
116945818
116942088
116909161
118738550
134803892
121826104
134471253
11893094X
137664737
1089844883
119317133
134473035
1146249241
118587668
11873475X
119320479
104163062
122044916
141420162
1037531078
10413660X
13332897X
119525461
11707988X
119942093X
120296322
118589547
1169255329
119087286
119456613
10379767X
124154778
129273813
117170186
1072979853
118818686
10420902X
119010097
116019344
13447967X
121720721
135230632
104122749
129527793
118739670
114307274X
1037499514
1089428375
118739964
115845917
121253171
118592769
124768075
1073993337
116082151
1157555322
11859348X
100227392
115620680
1073291103
1136746293
134698290
172306639
132453665
137838638
118594168
1090713274
102418144
134484886
132326671
1089872585
10379302X
104225408
1145495788
118792555
101845117X
116246871
102909385
11954265X
1076541798
118595237
118741713
121673677
124255493
119131668
1037600002
1026704618
129480215
129292206
1037500644
12998776X
142684384
116289929
103283757
116291494
1053500777
118742973
116305541
116317396
1170814654
1019456337
118596829
118742027
1034495682
5258423-9
118747975
130072109
116319011
1186885211
135318394
119500264
1151516503
118787942
129894311
119388936
11253502X
142072443
138969590
118749331
119059622
118749285
116364793
114215529
1194261035
116366338
118743627
120849615
140318224
119294168
135967635
118598988
1169257321
129485209
116414138
119344769
132281511
134795121
131552694
11890874X
121607488
118744453
1073429415
128577819
131781162
118744585
119414082
116533730
116534060
121041042
130134724
1042532419
1019755229
116534591
1215936-0
118600850
118600877
127323961
101788622
116543671
116545410
116545631
133318052
116545526
115787305
1089886098
101365632
119365324
118745301
134497945
135294835
1089330545
119431343
129037230
116549165
11892592X
118601148
1145870104
116570881
12946094X
104318104
118601644
132535122
1135804745
135120888
1050685784
128507543
139660828
131867482
133022935
119147033
121262847
1052609201
129969206
103764770X
116625724
118749838
116626267
1069655368
138937885
119118602
119172275
116671955
116671963
116675756
116675810
118750178
116675594
128479957
135712734
116697164
116707038
118812688
135443660
118604597
119037696
119384000
118604562
1114415758
1169257488
134616618
135517362
119524341
12854743X
100562868
11678041X
119363062
1043717420
1026546311
1053394128
120633728
118804952
117093165
118605976
1034563165
119183315
131677799
1033753882
116925764X
129014893
103214128X
1032136286
1032101040
125428200
122099052
117099821
1053266960
122254678
104206896
117102067
118606360
135016029
128688106
118754688
104355344
119414007
117222496
117220388
1035138441
118608045
118607995
117323128
118608002
134511182
118608096
115660631
117326720
10408362X
117324434
11732633X
118012355
11860841X
121623475
13816729X
119431246
13700558X
1089744277
1036767930
100876412
119022125
10785869X
139287876
117506095
117501816
1011420058
118759817
118609300
116815825
117514608
139386378
130089060
118759965
119503700
116824948
125819633
122081250
1022936476
100400159
1046301829
118759205
117025143
117039993
133590968
117033634
4053219-7
1057942375
120267659
1089784058
142541168
118610724
1073347427
140601619
118610708
118610953
117646709
118610961
138218676
11710891X
1052839452
100400965
137050402
117192112
102533490
141043636
117192546
1036885801
113910436
136842119
11861164X
117247146
131505785
117294527
138347530
100900569
118795651
117141054
11861116X
117141437
1030134146
127718702
123112400
1037570138
1159575541
1037583922
104196513
117367370
117367893
103946489
117360961
12348796X
1012562395
120545772
118867946
104070404
119827581
128686138
143880519
13182807X
117504289
1055209786
1209905728
118561936
119060949
118505548
118718517
1078280185
119552418
119009838
1052861334
116657863
135203023
119116510
123094178
117226157
1162513705
1027553745
128964790
13645979X
117737208
124268498
1042696756
118735128
132282542
1155033477
1077852908
117575143
189474173
132511231
130638595
116564741
131992775
118646583
101382286
116003995
1029928479
1029931712
1029933618
1029930708
118500651
128585293
119024586
122709020
116006730
102199175
121418952
119193132
135359198
11864758X
102509654
1065928688
118501437
128348674
1018127526
103750447X
118501704
118648268
1139799665
127072373
116286857
138689644
1089808712
11850245X
116295260
11864839X
109813855
1192844734
116932326X
108138054
130567043
1064059015
118645447
116315318
135746515
118648659
118649485
129479187
116315806
112794300
118504134
119008068
118650386
118918834
133333892
1071907654
132734982
119612968
134183185
1169320473
1169173039
118965964
1034698702
119307499
118505505
135754968
123048710
174178743
12028572X
116216026
1146791100
123526566
128911026
119555042
132249634
132249553
135772508
139214364
1140787489
121599027
135772559
124411568
135569516
124411576
135772540
135562716
132086794
124411266
1132720796
121254569
132228890
1143267052
174376987
120615835
138176620
116047127
1160910014
1140174665
1044116692
1065638507
118653938
116081384
103792198
118507206
142073016
103867848
1169245897
1037653769
117767611
119320207
11930791X
11606840X
102118960X
134704266
13180426X
1161143750
134180518
118653393
189409231
12457873X
104063750
129077364
124073921
115833706
121611175
11865781X
143950371
118012215
118657852
1037500288
116120355
171972821
117768464
137428472
132890380
12426557X
118655604
117768375
134106210
118662570
118510169
116148268
116149604
119000725
123633354
116163585
122500075
1037511999
11851024X
130103985
1073604683
1046351397
134328469
122762223
12860090X
1037504526
116164409
115809583X
118115073
134329465
1049558588
11851198X
104093528
116210206
104860294
119042983
123031036
1066811490
174062958
116225807
128536780
1169250521
11851248X
116219084
506591-4
1037548817
116220945
116221097
116221054
116220864
116221577
123607922
123045347
134059921
122493443
116238763
119072238
1049232313
144055805
134971221
139803033
118856774
100051960
118659413
105528933X
1037500326
1037534530
11874612X
116384697
1139222961
121880427
13476692X
11888588X
134591313
1089921764
174027699
118514253
119163454
116407573
120946440
119512521
1036327868
132442086
140078320
121445372
134849663
1037326857
116469706
1027020410
1017183457
116820950
1067102736
103145796
1069526282
1069525642
111257509X
1121532500
117067083
118664638
189548401
117156302
103539040X
1200161661
11930094X
1026309999
118517104
100833195
1061010279
117186317
117172782
1148975470
1157559891
117083682
118517821
118665340
118876759
136087337
117174521
121244830
1055142363
131413694
118518011
118665618
128708824
118665685
1026274567
1049945522
113029241
102559066
118518569
11643290X
119177323
116431415
1076183301
118675109
2006664-8
1123525714
1051822394
118666584
101364261
1033264679
118668188
1031195181
132024519
1048166309
128624280
118520539
118675648
128842563
1151957666
139775927
1093410523
116481706
116507004
123716055
119337630
32760-8
102090786X
119229102
135695538
102374392
127213252
1046434306
124362540
118676687
100864627
124480853
135723302
123632358
118941941
1143064305
1025730895
124412726
131530682
11852285X
143479318
116717424
119039001
134352130
121579808
119648105
6106411-7
118834967
116758031
14045084X
1099931290
11675026X
144027674
1043385894
1056902396
116028203
1124187642
118523236
118523341
101370687
130009539
119650967
134623614
141545550
1089812167
124726720
102199191
130583537
134354990
104030984
118638602
1028337000
123906970
143953974
101905980X
12978060X
1041616031
1052852467
118680129
122035-4
115677178
118526731
1037502477
116178221
135707145
1020894148
115234580X
120379074
116182776
116159421
118680471
118680412
141419571
115807462
103883576
118680552
116194472
130014737
13204479X
135705150
102465460
1173331964
126125996
142342513
1046847368
100819753
1046848143
135705312
118746359
116222921
100462073
13458645X
11918656X
124721036
116239077
1169253652
116235594
1151889806
119368706
116347015
11852884X
118688030
120538733
116354720
141112654
1061163660
102463077
115484167
105514255X
137998899
102455244
13436547X
1053282923
1089825773
118529226
135158133
100119662
116425725
11643788X
137318073
116447710
116418427
122345541
108770982
119120674
12302000X
120107112
119234114
129884294
1047869411
16296167-4
132402130
121445437
134368142
11868518X
116652357
1026096073
11868499X
105313892X
134844327
104175931
102308888
100805949
108792846
116568658
116569468
116574712
118685414
1165531569
134674049
123361761
101311974
122571665
12148582X
128518707
174044623
116410051
11868292X
116426012
11872262X
118686356
120468670
134371151
1109801890
140241833
132297043
11949924X
1033882399
122297180
121883620
12935757X
124684580
118910671
11891958X
116560193
131575864
104113103
130240613
135990300
132337533
117513318
119542269
121900274
122328280
134110358
1141545357
132422050
135582229
122203313
118809962
118691805
116663197
123761964
124141803
1118633865
123647606
118684418
11853453X
104115319
1049537688
11669386X
123841844
118896229
122954475
116773723
112228859X
1029383782
131942522
124614450
118703102
128605049
116790113
117749176
142954268
121733394
104193433
116787074
118703226
1019727365
116797673
118693441
100619258
116796863
123875978
122206975
136023053
1136338608
116805153
118535749
11869362X
102109117
136953247
118535986
11853596X
118535994
118535978
116473169
129627216
134382153
137459556
1142011747
1043633596
104101024
116473207
118005626
117719552
134742710
135341787
128578297
1037567838
116494476
11649591X
118538322
11900853X
119167239
100483542
1073030997
1169255116
118717146
118538969
11659554X
119016206
13438475X
103723863X
1025066863
100286208
119010437
1025349504
122369718
1042530998
139425-3
118696734
118540939
118993887
118917439
103987371
139775137
1036630714
118541013
135250390
116809205
135637538
143601652
11681294X
1199745294
139906789
118718355
118541552
101016603
1055541160
118970852
132617951
1055556605
1013455851
6145962-8
115463291
134702980
124947689
1055413669
120284751X
118541692
118541706
1025434536
1169255914
100654606
116829826
1075256666
1023676923
1173361928
104345616
104059389
118542001
11854229X
118542265
118542257
116861126
116861150
118542141
1033015555
103818103
1178568229
134391691
11774946X
13255268X
143493906
107406632
189538422
5036106-5
104051221
101363311
132712652
124623182
130605468
115549331
134778065
118700421
130605506
136804039
116364696
119138689
123505364
134734815
123879205
118545825
116461705
1014220548
116462736
1073435180
1054650330
116460172
1119808200
119512726
11646321X
1141107082
130464511
118835572
132293412
13439822X
1142830888
1139853511
1046181629
1037496418
12162692X
116490845
124244300
116498129
116498137
124206921
173888232
1055140980
134656903
116502908
135388929
134867300
118709143
11654077X
116539070
116538716
1162221569
118547216
1055111794
118547356
139859713
115657754
116550171
116549394
134400364
118547232
118709291
11870950X
116659572
118773682
107826953X
127828648
1037557999
135445515
11970207X
124661122
1037496973
129431060
133711501
118076027
1099087848
173218385
134636686
116700645
100162371
11670974X
1036861341
116709642
1166911063
116700947
1031232796
118549553
11672238X
118710648
140316345
117519901
124230911
1071831186
132033402
119706032
118550268
118704133
119523876
107137291
116755040
118550330
124930123
143927132
115729631
121426106
116778806
134960483
116784466
1052828280
134405242
134592522
125152248
134790693
118980025
118551256
118704931
12461261X
134636244
118551124
116806494
11877459X
137582595
131646427
123885361
116917717
115529519
100358543
119060922
118706055
136139078
118832824
11694305X
2075137-0
118706187
124824978
119484250
116952431
137600690
131457152
119484749
124801803
1073480054
103970894
116962305
12376372X
102700394X
1145664164
118707175
134410815
132171104
116994193
117012017
1053267029
118553909
117029637
118554077
119716097
121574296
1080505415
12393091X
118708317
119162229
1067298835
129024961
118708236
1037537815
103927573
118708570
134414543
100502784
124190979
11855588X
119258021
1021135321
118775782
139478299
118775774
101312628
104301859X
104300520X
1070828688
102505373
1145957889
124941788
118776223
12865693X
118712357
134825225
11877624X
118712926
102104395
11871290X
139310851
105288797X
12483843X
121649237
116012218
117222534
142821136
117240001
133929280
1029630089
118560107
116032146
118559575
118632949
116032529
118925059
1125146516
1073479900
118560328
122144708
1014525810
1077051557
134421477
1037050495
1029895171
106265790X
124069134
118721941
11616056X
11614517X
118951319
118562185
103778802
103994416
122513975
1053051905
116171537
106368060
116210974
120662639
116196556
104295406
1029456933
11621046X
128083859
118723499
124442692
118993852
116230797
130210048
1207272361
116241217
118939440
1067537589
105244024X
118723863
103979182
116264519
124411037
123293839
134429397
132028379
136101771
1056131020
116285036
121387135
128368349
103972196
104286636
1037629922
13611072X
128936789
116297182
116300914
116338334
103733003X
111842875
124970982
1056083875
128409355
118565796
123981883
11635190X
107166221X
134171632
135129907
118715615
11638686X
116389060
1015903967
11871600X
118715941
136523838
1065698208
124773222
134434706
129846147
120488728
100773621
123540682
118724428
122249941
136511090
1195654278
116574976
1130793818
13443580X
133791548
1096508966
122840216
121445461
171571592
104137444
119301199
11755510X
1115810022
130636568
116592109
119220814
1037550536
142666777
101380151
131687727
134658841
113115660
11663393X
12144533X
118568256
116644095
123667666
102545960
135141958
141505133
118569600
141245832
103915877
1038075726
120013665
13686225X
102411271
134698525
134945239
119375966
116898186
104268034
136621864
10403128X
135851556
1076135331
116138211
124708692
118779524
103434868X
135361982
116918241
116910054
5116657-4
124437893
118935011
118572121
123381789
123381843
104173416
1089813155
134706439
116994061
119160048
118573527
130017493
11705822X
136768261
118573381
1073423107
124250033
118573934
123536405
124623727
128912766
13444700X
1037566785
123333687
118728830
117221406
131624806
1150418168
135059402
1027192521
122170911
174071221
119417812
137587325
1085155641
123314526
133234266
122917227
117227498
129076481
1032508582
1038243858
122098994
118575449
117313785
118575287
123800315
101924531X
1057657719
104303697
118575155
118578995
119065290
119064855
122815343
12056789X
134457277
137936052
118731890
116854944
118579177
118894064
116842989
103796827
172951119
131781421
118732447
1101611456
118824538
1073508455
116988924
121440362
104140860
130816248
118783181
116881046
118580728
116881011
116880988
116876786
118732889
117741388
118580779
116881100
117561193
116881151
123521475
116881119
116881054
13702035X
118581945
101379803
1043805966
1026933331
130884928
1037551621
1089538375
118582038
1037502299
134462076
1073447502
1055232141
10369689-1
1052246133
117016284
118733834
1019961708
1035095947
1055563857
134907094
118870874
120729180
129261750
1207402206
1151130710
117082309
118785028
119233665
116936991
121152251
119011069
116915889
116935278
104270632
11873721X
104264454
116942037
118737082
119265001
1020333774
135155827
118974408
117604739
117608092
117741698
117588288
117573507
117588881
137825773
1045264571
117596302
1037649818
1037586093
1037569385
118737643
118924133
117612529
1037498615
117596981
1072153424
1037497112
118735020
117178756
135071429
130631523
118587404
118587234
118738623
132386917
104206969
118785990
130261564
1047331136
1047330725
117002178
131640127
103983783
1019108525
11703407X
119514737
119368692
117054844
119035111
118880497
1207015210
117039977
142662747
12463561X
134475550
1073348474
1071239635
117072931
4770371-4
104156198
100803997
118590111
100793592
117144177
1051781116
104059915
123877628
1171472838
128835354
11955111X
117155292
1044538848
1044555351
118590510
104366508
120059525
118805754
1037538250
1043864644
1179856171
116060514
118789791
116058935
104209119
116108002
118593005
37661-9
134483146
104150998
11910945X
1034849166
116133872
121062244
104040270
116135220
120346400
17425699X
13484596X
1037497090
119303752
1037553004
115379975
133583708
124692923
104226056
118816276
11946912X
116186526
142876003
121083039
12144550X
124365248
118951076
116202882
1035211815
10437182X
116260874
120716771
12005485X
116260386
116264950
123609844
119554488
123494591
11624870X
116268891
139230076
133357449
107350607X
111561167
118741632
1079181431
135432987
10400715X
116276940
106804179X
1035839784
124615120
116322160
123816793
118597450
118597671
1032884347
13633430X
124607950
119091852
116326670
119059614
118598090
121445534
1030295352
118599100
1168609488
116397594
1052447813
10422617X
123455634
119288567
135447445
118898191
11874383X
116391901
100317960
119388472
101581742
116431814
116420359
123454859
134848462
11643273X
115690387
118808494
118744798
118744828
10286425X
104038187
1097760065
123496276
103938915
134720873
100069983
116510927
119085003
116510072
116509422
119127652
115532269
138552975
104251514
121274950
138334226
124277497
139892974
1027579418
138334277
100870228
124277837
122433998
141207841
1026951860
116545933
115373802
116579420
116598263
111863007
121118509
133758087
1116102374
119300435
123455707
136406564
100888305
104241160
134590023
1033313750
116608943
116621281
118749811
116624981
1035213427
116637838
10232235X
103973540
11666245X
1020912839
118908138
124870619
103750271X
115666494
10410077X
116707801
116711663
116723750
102834180
100488153
116711728
117749532
116725249
131730657
133048322
124974120
118750909
1024393879
15993933X
1051155223
1140156810
104142197
132761505
135483131
142579254
121349306
11892737X
1037561201
117110981
104270160
104304464
117113328
117193488
118754319
14142124X
117215023
12223507X
118754408
115399798
141665289
117193526
123641683
118754394
120430398
118607103
1055685553
129701408
129712671
118607626
117227714
119448513
118973967
134891937
129380776
135284465
139565612
117271977
117269956
118607669
117274119
117275689
116697105
122728165
117457035
139656405
124095739
121488578
13014505X
129218839
103118187
138151938
128511222
134512545
142011479
131683691
1037502973
116836857
116829303
11860953X
104117796
116837217
123852374
11940818X
134513827
104283718
120729237
116852976
116902299
116848901
132323621
116848758
10150845X
1056075678
118610090
116864982
104278870
128480343
121539830
1037597974
118610074
135014905
119306670
117072435
1037504631
138216282
1037503783
117060879
138215782
124630391
123840341
119020238
117117110
6025911-5
135766540
1056834153
1019749903
120451026
118762494
117246603
123531896
133014312
117236489
120583410
1073479803
1169257712
118611666
117132926
100895484
103928774
119267632
117321826
1056834234
1037508572
11861214X
117430560
140172319
117410969
119296225
100334490
133205045
118612433
118612514
135989612
4309095-3
105330305X
134684591
118795988
102499683
137248776
104094427
10218206X
1056922931
118760505
109096185
104339981X
118613073
118764551
143251872
118613480
119267640
13451985X
131702483
129166626
1014809282
118764756
104258810
117473693
117466506
105693767X
131205579
126812985
118613723
129486760
130615463
118938533
1106003683
1095907549
13541346X
121096572
104783331X
1114417467
100407129
130615595
103948171
119026139
1050384881
117360503
118614304
134675061
117375578
118614126
134997409
1045057835
117398810
119121328
118614819
1142831299
117392634
117392049
2118215-2
126837899
118748521
117418382
117437581
100825982
134524861
134524829
1071498827
1151090212
1143571053
1072051672
121573591
117441872
103749587X
1034863673
11874867X
133197212
13178031X
116911514
1114926000
140976000
129102490
117509450
117460184
117477958
119369958
117481718
117477125
118798022
117484458
131591754
126963665
122871812
123624878
11861598X
118751867
118751875
13567414X
117493236
117493155
1030018472
117491055
118890883
121301435
118021834
118823078
117495999
118126377
1143570944
118616382
121297004
118616366
118616374
1048162400
127944710
118752456
117486221
116979968X
100975127
117201391
124398499
11875243X
1031444947
1015785050
119007576
129487147
120761866
117194883
123876869
117206407
118752618
102450266X
134625609
1151963895
104251727
117220116
101365470
1037537572
122130405
142363936
135019648
113262841
11721616X
118798561
118753010
11722877X
1037564766
138406464
122626370
118617273
118617451
117245666
117240869
1169257798
104372044
121963632
118917331
1050302583
133651703
1139222813
135083826
121120791
118856138
119404532
117658316
117245674
123922887
139992189
1018432051
1072885379
123757495
117262463
129084964
118798952
124600050
134720938
117261602
118755552
119840685
131472097
1154617416
1036424154
119020777
1027596509
105316338X
1057895741
118618458
1030251762
117288195
117289000
117306010
11730557X
1067451854
1012366537
118619004
1123836310
1030594368
134691962
129823767
129891843
102065080X
11734852X
1113681047
133677311
121827631
142669601
118158651
123456533
117677906
117357030
117363391
117373907
117353981
134708008
11879941X
118799517
118620088
119115530
1150443901
132828065
130617962
13453493X
118620185
117392359
117197068
117195898
113358733
117391301
11739131X
128423889
1036716864
1129818373
119399253
117197319
13639728X
122116968
117201731
123375975
1059898519
11862119X
100624944
100595758
118620878
1031617787
123427924
108989368X
1157512046
117274852
172414474
135927064
13453736X
128773537
14338578X
123352797
134537734
118621874
11729781X
124765556
120333422
1012101053
117301116
12247869X
117341428
118061305
117340529
12468954X
119238098
117355275
120211874
1079240950
132715325
134677307
117359661
117359602
122997727
137736770
124762603
1016630956
1056767928
1018306366
134571223
11536014X
120763168
131358685
132686430
117394122
174065728
118802550
135495156
134540387
117400513
119010003
100597289
117421227
134681355
119319268
100568009
118760726
14311297X
1123236143
1042800758
118802631
11740697X
123834252
100649416
124149901
104337036
10397184X
134663209
140907459
12226195X
117427527
119127709
120101440
1069137588
117266159
133140687
1037508726
121248186
1158967551
121141055
102418500
117291390
104072601
1049268083
117291447
130395609
130006114
134544471
104717863X
13061744X
118763830
117311189
118855034
118625756
123973236
129200395
12089727X
1053246056
124032532
118626574
118626167
121771520
118804154
103988327
118767380
1053278055
117395684
117388483
103977430
118768255
134546857
1033003557
118768301
117398926
118804375
119448009
11743552X
11741462X
1165336375
1068191619
118768581
12256992X
1036744949
123600936
11746337X
134547861
118627287
121764249
117478008
120431238
141143061
104311568
117488151
117482145
127349359
1160007470
11876912X
1053359950
138496943
117489719
129891886
118627910
1143987756
118770322
136256481
133408264
103098291
117495301
123005582
117451053
117452319
118041878
134785096
123163234
16261349-0
1014827442
104057440
134855884
1053247524
13083856X
1073396274
134548809
118770616
134920643
119499231
119003791
1027189814
129859141
137347936
1139223577
132419858
117116165
123961602
1169325726
138383723
118628666
117120081
4064352-9
118764187
128518804
117131407
122493699
135083958
1117595757
1089263325
123691958
1033444103
1125391758
11876425X
1053489889
1043661743
11882581X
1073154203
1043651365
117141712
1020197927
117091235
1074843223
1055318291
118996525
139095152
118643231
115667199
118629662
115359885
119515903
139011803
124253393
137473788
118835750
11721857X
130841161
124827721
104005580
117231657
6146596-3
100696309
117269565
134553322
121501302
1073384934
130159409
104654058
117249173
100681751
118630369
119263475
121044661
117276995
117302856
118630563
124580939
119189275
10069876X
128775432
117298611
11898599X
120671719
11728615X
1037577884
132688794
132425084
134128141
13455423X
134554442
119362406
118767038
102199612
121210588
111536308
1208702491
1052449506
122383516
1072860368
117305480
140127364
133377105
1148121978
118631748
1199221678
130178837
123473918
139940944
12483342X
108990780X
1022248936
117320617
115445382
117320420
122113853
1022247212
117333255
119105063
101417020
138514712
1169326153
140853898
117334596
117339008
117333840
1035176874
1114418234
118632477
121598268
129798282
1030347859
1176541781
134013298
118632884
102282099
118632825
132626330
119259745
102104387
134557069
1089574975
136679366
115606513
117395188
132518694
14061785X
11738996X
119399857
117582115
117580724
102546827
117581658
1027477445
1058047701
1035166127
100704018
104011599
1037495829
117404098
137998155
1103971794
1025374983
1037495837
104206829
118633902
117421138
117411051
101382952
117422959
130249912
102453314
118807633
1012387283
119368722
120494655
117458201
130469793
117458600
172458250
118860372
120747316
117441031
130050733
1073348806
135436400
117449989
1036845710
117441511
11863495X
135911788
117746568
11883990X
1102176702
130954357
140112502
123649234
13648302X
1114926450
1054446830
103750495X
11742692X
11877137X
1065846525
1042213054
132104830
1037520327
121070565
13456281X
124503888
123426391
1028080158
132588196
117347191
1056007702
1111067228
120811588
131557262
104379302X
134563301
118772147
118808230
1086198263
118808370
104005432
1037500628
134563832
118636316
1077217218
118772287
117595799
118636596
116978759
12430480X
108774740
116146141
1052867219
116984511
121540243
116989599
1162309423
116988282
131461869
100713629
139636269
141432683
118878247
14225942X
128564776
173630480
134774639
101374399
11863707X
117012599
117006289
117602647
1161442928
1125905379
1089812590
117021938
102411204
1155326288
120602172
118637479
118509810
1047689707
1184311625
118505521
118501070
118745425
118567934
1152977156
120327112
135772524
1069631647
1184314446
118569945
119513021
119011778
137971508
121261158
120890437
123841690
1160906238
135754933
1089449887
134972325
1127589628
1043345353
137729332
128818085
116153881
1038086841
128262052
118554492
130613312
10016203-4
1089775229
5271914-5
134471792
124074960
116642912
11709546X
130847526
1011345277
1073431479
117735086
115494952
129458015
119255243
128853980
134635434
103827536
118563343
117055697
116113995
132418355
117248711
140541624
113909071
1044570733
129653128
117739480
1101590173
1018364978
1051404576
5012472-9
1076753965
114631786
1076754449
140820426
1192932218
101490119
130585378
131975862
101458258
1070264091
1033624551
2030321-X
120532611
119111276
1147411379
120257726
128366400
122107020
1089409788
1052866573
121201082
1014023939
1073293076
104223596
136779751
133601145
13729526X
11954931X
100264158
117348120
11614775X
121295702
112115042X
135350638
1018996605
120710757
138277036
118795430
12028300X
100877249
13058603X
143793810
115389067
123609550
1076606091
13154022X
104055987
104198273
1021859214
118773267
130684201
128815280
1134960905
1046665898
128868627
1025756010
142854700
143127551
111887109X
141223995
138639981
11850178X
189563583
116283831
120284685
117764337
137537875
12887726X
130422428
125366-9
102381283
1015771033
117631086
102286671
102309841
124616836
1037499646
132570602
118651749
1083056085
12374914X
11606319X
117768936
124247296
1018555382
1072837307
14104358X
118654624
116096438
118943146
1098218337
1070802034
143647261
118850415
1029630208
123259908
118122274
116150319
1034700146
102439435
1026681863
100838391
135970180
129303151
119458810
118685112
134672097
12846058X
1067990704
116757825
119477912
117666491
143458388
1072981637
6147624-9
116191686
102242162X
119025701
130380237
100043917
122075854
119127717
1037496256
1055532269
139727043
116224878
104276940
1077664958
121260631
11623346X
115388583
100788009
118661590
136221645
1020907134
118673165
12480635X
122666291
124223206
128861673
135556546
6146385-1
1083271733
100999212
1052209475
135647916
104099445
1037563468
137124678
120297450
118518534
118518275
120888289
1011927802
118668404
118668218
1159713006
117648213
12308122X
130581178
130581135
132555026
1053047878
118829157
102111847
1076338577
116413867
116510013
1037552393
1037499174
118912232
124381901
1090716362
1034095455
120769948
1037496094
132100347
116028254
142942995
116027789
120419548
13373269X
129314420
124853706
120533405
129954020
119099071
142073431
117700401
1090686196
11852786X
100804365
102374856
130584770
100117929
118687468
122834593
140583661
131592793
1090699824
104175494
1014001293
1014002273
116426365
116489227
116487801
104175567
128366222
172925185
100455840
119371758
1037500105
136437966
120269635
118531379
118503839
100346340
142139289
116357088
11876196X
129388025
16114780-X
118786792
118525263
116863919
116276738
118619756
120735466
11894553X
1049922433
1037498933
135583810
133027929
14025577X
134900871
139778756
135983002
1053291043
1020741627
129299278
120178753
1146727097
119415410
100133061
136849105
115489770
116149248
172892988
1072944189
1090696280
12938366X
100804195
1108810314
10021883-0
1037620763
11661692X
118534688
118534416
116692774
139384324
134660285
13095652X
104173246
121528464
156909812
1135986517
1064676693
103522920X
1022457322
140898425
143853597
118829998
119037890
11615232X
18954032X
11738626X
107632472X
116905905
132429527
143793128
143793632
134389115
116517204
1016855990
118545205
116905026
116305681
127404961
133158632
128198982
116152427
133713342
11852397X
11891796X
141474882
115452761
116558555
116670037
117287474
130601756
118775804
121498581
125890206
1027580505
1048422283
129538078
126242593
127130810
119314002
119165198
130249424
1067954759
121721450
115460675
1035468697
118537024
100479340
6145328-6
1037652282
118689339
118869442
119091097
132326116
118689118
136480322
1012413713
124884911
1037496442
119200767
116494603
132374226
100142028
122689798
143645609
1052881866
104173289
119365103
11889207X
130305146
130683493
1063758572
1073664546
136091415
116809795
122356306
124473431
118542079
100146325
119404230
138342326
102569649
1144371392
102532206
118543431
1037500148
120592940
143890182
143717790
1071907697
103749878X
115409521
134643429
139873856
134112172
1037511425
1079179046
1037544161
116502967
1025873076
128348763
1035468549
140826920
1136098593
116521945
10050710-4
1106267737
1067080961
11655536X
128442212
13568529X
102573220
11870978X
1067084886
135236924
116725399X
123243130
104254238
104254203
132033194
118548565
116673451
12907912X
107305263X
129473936
1037504224
1135151377
103749637X
1162448040
141356529
10076615-8
105272891X
130356050
1159604789
11855073X
1027741118
116797460
120431785
133817571
122636600
6146579-3
100356486
116893346
1180345711
1029629137
1043780696
1017162328
1073377237
172141583
129841854
1016374461
1020429267
118553569
11855333X
142155322
117529591
119531569
1037496191
117546569
122079108
139708669
124982875
103764252X
143439790
1128630168
100363105
100869599
1096251272
115528873
100029752
1079107991
1053248288
118524895
10210901X
118558161
142752134
102758972
118559796
117239011
10086743X
128678097
116032448
1011974746
132794500
100828787
118560158
118560123
103759972
102534934
130208612
1037499271
125009585
11615263X
138777527
1019764953
100301177
122264843
1037505964
103125493
140621954
117523038
139241760
129475521
1037496035
118563734
122017277
1034613995
115798935
1037606019
6146505-7
1184316325
124767540
103857567
115781471
1019285591
140350802
1179787382
1031519858
124804942
115486240
136422896
11635674X
120158493
11856627X
115375090
130459879
118938020X
141033932
1075006082
10420690X
116553049
135725291
121446379
129926590
116527528
1028254229
1034187880
122465903
1073478297
120753634
124586732
120663511
122851277
1175007935
136601405
100820956
104136081
118864106
115486100
1038514843
100611354
116755792
1073450805
116866918
128583908
104366818
137731663
1019748451
1042200335
119093502
119160285
117602515
117010499
117015245
130626074
103780777
116919604
118649361
118638629
120582074
1013701127
118501054
116279729
116311274
116316608
116296267
118571869
118725815
120158612
103915303
118646192
118178121
118573349
116991615
1117565580
141030291
133946460
132235080
2050057-9
124680704
115759980
131895044
119000121
139742360
1167260627
11613481X
1043461221
118658166
11850777X
128931930
116149493
119127601
117735345
139744355
124256929
118512579
1067367888
116298456
13058049X
135551056
119020742
118582143
110562399
118668005
1020151978
1037604113
116493623
117011072X
1072957809
118520814
118518399
102620768
118520377
11654127X
1065830300
118667505
1072979039
118522582
11867692X
118956124
116766301
142035254
13366578X
116043660
118523708
123669049
116222743
107297794X
131512501
1154706001
1072940469
115872787
116471751
116332603
118530801
141356936
116539216
116599936
118531522
116612037
118683578
116584459
1089272693
1037801563
118534556
1072951304
118917218
118703250
13213571X
116635061
119526948
118731297
101128517
116834633
1023873885
120474867
1025770668
100604889
118823248
1072912465
140871098
116368853
10436047X
117738131
1073366146
1034747053
100491898
1072913771
118548018
118547739
100166326
118903861
1012270467
116667168
116720948
135904978
130626260
116759194
1156306132
14269973X
1170361404
1018465383
116906294
138716102
116038829
1157510566
11695499X
117081523
118707795
116971509
130237086
118563076
116140976
116152133
116222433
10408040X
116206896
116234776
116617616
103911553
124020313
116343478
1072983435
1073441024
1072982579
1072931095
118566342
137569718
1071845306
116352884
116399546
117044830
130627011
104073535
1012538486
124685153
122103599
118574078
124718523
1013021487
1189385899
1033388335
117190985
118816829
129833339
118729225
12334073X
124270859
104268336
1053516541
101878141
1019407425
1072990881
11873069X
118781375
120233053
116779608
116736313
128235896
100833527
134190645
120252805
140506039
118730770
1037535413
102513597
13737738X
1037502043
137377398
104268565
115389385
11683420X
10350223-3
1051230128
104224282
118668390
11697673X
1129896625
118580744
118783270
118783610
118897993
135784271
1025848187
1073446352
107299321X
118732595
11700930X
105519682X
1045737143
1037599179
118641131
1015325785
116936371
124595456
1185701664
124981011
118874942
117047155
117041556
139783385
1014523125
1073128865
117041416
121685926
118924176
11858460X
115698176X
117163953
1026709148
104066911
11931715X
117162477
1077066430
104224142
104093447
128475099
1148117490
123393647
132639335
1073669734
118586408
10414419X
12964594X
12204567X
1025171772
116898798
118587544
132881144
118587684
1033806943
118588893
118786113
117022721
138250294
1016928432
117742066
117039926
124376045
1037564332
118735853
118735926
1016467931
138259240
1037569008
11899963X
104248238
121809749
1019738685
1089264666
119481456
100867081
118822756
119200775
143553577
118641433
136281532
1073001172
1037534174
118590278
117148970
117170399
117150428
1207107298
1157510418
130119865
118789422
100001718
10413478X
2017360-X
1037629663
116076526
116091991
103932593
12390921X
129078506
100246184
101364237
1051688760
1072976617
5201672-9
100535410
119088797
104157763
116139560
121010392
129479845
123175194
121338088
118593765
118594885
118594427
101417466X
122436946
1030332029
123218926
1145718612
11645864X
104294027
103050159
118595636
133742334
1025508254
1054824983
118641786
118939599
104293896
122146980
139237933
118597396
100540686
118074067
143996568
118597787
115548149
137251866
1089561903
100867707
120801442
123731380
101234074
1013699300
116368640
104384425
118931482
104372796
120808684
138449392
104240059
143875183
100625320
116436123
141457724
116427671
1013905024
1052838723
130656321
116455721
14176080X
121347915
121379493
136763448
1067957472
141817976
116543205
10424478X
123924774
116544570
1037647440
118749560
128694378
100763871
118602985
104245468
116621249
116578203
119237911
116576170
1020426926
1037539664
116579765
1037546431
1037509919
116501145X
133758028
118603426
134845633
140708847
1041289774
1037495977
115526641
116702664
136870635
120115093
1076778275
118605232
1138458619
116767189
11701771X
119523094
133097900
104197382
140348107
118606115
121627454
6147611-0
104259140
117193178
117233927
133028666
123596823
107350414X
1073014908
118607960
138143609
1037534093
1037500369
128962534
1037505972
124258425
118608339
117327077
11879518X
132202506
115661905
118608355
117722227
130814970
117504815
105776986X
11729327X
1037537483
140257187
133117669
138180059
104197080
11684938X
118609815
137047762
1037580567
124922945
132120526
119512718
1037566912
116867264
137097360
1037551710
156639351
11710745X
118761943
6146513-6
104285079
1037634594
121500411
1019191090
11711684X
122845552
13834907X
119525747
121748723
103750528X
117282022
100123708
135898560
1037496876
1024898504
118611410
121202887
1053586973
135638011
117463493
1146031270
1037572009
124046436
120971194
1053955138
1011791838
11923789X
117459313
1011618958
1067941320
138453039
1073020282
1016768966
104332042
118616099
119213729
1022099728
143180517
117203068
117194875
117206717
1081744952
137148747
104206780
101270985X
1157486827
1077316100
100977480
137784007
1024070360
100342116
129040037
117261637
143328255
139477810
6146438-7
1037498909
117265608
118798936
118755714
11731711X
115620621
117318701
120199041
117317179
1014870445
102526214
1055398295
100595189
117391220
1024132269
123002281
118620452
118621009
118620916
11723589X
141192070
117231541
104126299
117255335
117248932
117256625
119065983
122235401
132947420
135903653
1073508706
103372467X
1073067068
132160536
10223244X
118654292
128800852
142118524
118637819
118660489
122027248
12301011X
119382814
12989432X
118622994
122446879
1037504690
138148-9
1065483872
104043806
115446451
1074706196
130794058
105190756X
1020675012
117433616
118877828
103841830
141033886
117426954
118626175
129733199
138807051
130219118
121948218
5164135-5
133641694
104157828
119049546
118818627
117416460
103750075X
189539208
117448672
119322366
128990813
1037562623
130170100
1131590406
1153228866
103958290
133045927
11682543X
1050572971
117487643
136219586
16040402-2
13426293X
116899239
124387101
129203483
140820175
122835646
5031788-X
132377527
11874125X
136399061
116282266
119209071
124444822
10437294X
116189444
142244430
120379007
123383404
101972630X
143747010
116057270
101328836X
100020917
1015326722
102286604
130825743
1052199917
143856774
105555453X
1019875550
104227672
1132098807
101303971
102555222
1012848485
1026430062
104285532
140038655
137265387
131473336
1046357816
140709088
1016884443
1017620431
1053436106
122523490
1014793718
1055579036
1028665547
1051907098
122590201
1073832317
124002595
1149065249
105613397X
1046579835
1053515170
120591812
143758969
1057679208
104097280
1126663182
115843256
105283695X
1052844243
117216151
104313609
140512969
140684476
138617627
1044131098
103037497
122523504
122306546
142662119
104318694
121708217
104154454
1062659252
10417689X
102816964
104177713
1036230643
1017714290
118627813
10414064X
1033907618
118628224
129340820
12070465X
120480778
135209846
1037650182
118594117
120189372
119262347
100667430
104206799
119512122
11862976X
11715850X
122025156
1037508963
1074259203
142221309
134586638
1015131778
130442453
1125540400
135898501
132798980
117285323
117303437
104047771
114712809X
118767755
1051880424
121490785
120755106
124535100
13445345X
101076983
117380121
130475831
131432931
118633112
104320494
118771957
1055544682
118151452
139841873
1019756683
115445471
13708210X
117411442
119055716
122783212
139980970
142749508
1037542908
130237264
102382065X
117218456
1015898386
143152629
1206429429
122781961
117004669
119430797
135573262
131455680
119273950
12912723X
129455695
121143953
105261857X
118767100
1037602218
136379842
116924498X
1019315636
137934998
123566452
1071071742
1063045371
131992821
136862055
1049358511
1049294793
118666479
1035268515
124065309
129478598
132670569
12936651X
124534767
143361325
140264256
132086867
1063045363
130579165
135754992
131570595
132249499
119799162
138064768
1019589086
1073055957
1136379320
16003519-3
1054107572
1073450945
115463488
10201973-3
11851685X
100338615
1050741285
11630068X
123953464
1057657476
1048465667
1087583632
1051068045
1047868598
