#FORMAT: BEACON
#PREFIX: http://d-nb.info/gnd/
#TARGET: http://www.steinheim-institut.de/ebib-djg-nrw/query.html?database=NRW-Bibliografie&text1={ID}&kategorie1=gnd
#MESSAGE: Bibliografie deutsch-jüdische Geschichte Nordrhein-Westfalen
#DESCRIPTION: Literatur zur deutsch-jüdischen Geschichte in Nordrhein-Westfalen (Rheinland und Westfalen), Print und Online, ca. 7.500 Titel (806 Einträge in der BEACON-Datei)
#INSTITUTION: Steinheim-Institut
#CONTACT: Harald Lordick <+49(0)201-82162900>
#TIMESTAMP: 2021-12-15T03:53:47.783+01:00
#FEED: http://www.steinheim-institut.de/ebib-djg-nrw/ebib-djg-nrw-beacon.txt
100373550
10076410X
100880363
100969984
101140614
1011477629
1011480352
1011578166
1011624966
1011704633
1011809095
101193597X
101256523
1012586545
1013269675
1013437624
10135262X
101364476X
1013815084
1014510023
1014997623
101524341X
1015386954
1016220316
101651350X
1017019827
1017179921
1017439672
101745079
1017472572
1017474613
1017854688
1017854815
1017899789
1018690867
1019035404
1019512962
1019549831
1019954205
1020268883
1020322306
1020322381
1020431547
1020492686
1020577916
10212969X
1021429791
1022100505
102221529
1022393472
1022765647
102276599X
1022925695
102302693
1023409909
1024363783
1024465225
1025141733
1025760344
102580308
1026397537
1026886953
102688850
1027161812
1027643183
1028378637
102894523X
1029523541
1029909571
1030374953
103177050X
1031779337
1032617101
1033001600
1033021296
1033201014
1033250236
1033803804
1034652931
1035254786
103542027
1037444531
1041355319
1042550476
104273593
1043715509
1044430354
1044798319
1044947276
104545380
1046473697
1046474146
1046478052
104679913
104764317
1047740222
104842970
104850345
104898127
104944226
105009725
105013757
1050280474
1050869354
105163244
1051855381
1053290918
105486884
105509752
1055776842
105606561
105644056
105824917
1058383930
1058558498
105926671
1060035995
1060356872
106045032
106048481
106110071
106137743
106200135
106205897
106442554
106539566
1065769164
10664355X
106780611
106783688
1068228016
106949500
107007088
107074567
107234742
107308126
107890895
108063992
108135918
108154378
108162087
108162338
10828199X
10829286X
108298329
108301567
108387801
108424812
108592162
108732835
10875135X
108753778
10878827X
108812952
108985563
109060954
1091075395
109210174
109296249
109319915
109332822
109334930
109416090
109423801
109492706
109506464
109512502
109535685
109640225
109694287
109788702
109854942
109860888
109868366
109877330
109886011
109946324
109963652
11006951X
11017982X
110269918
110298225
110503082
110684192
110777506
110845676
110858255
110886674
11105964X
111201926
111272386
111316510
111328918
111356989
111413508
111542057
111551412
111553296
111583225
111664446
111766869
111821487
111854598
111862086
111935210
111976952
112014046
112098452
112122981
112123317
112183239
112202861
11220287X
11230169X
112320481
112328652
112385109
112504981
112611443
112662005
112669735
112756581
112840329
113241917
113260148
113269072
113368984
113406886
113407793
113409540
113593341
113769105
113812264
113838077
113844700
113854811
113905092
113954220
114020442
114153647
114197687
114317992
114493383
114739706
11474694X
114806535
114880433
114925402
114970459
115013067
115186794
115241949
115328211
115399267
115456244
115519025
115523928
115535365
115540326
115624325
115634061
115672303
115687874
115725725
115830065
115847170
11585245X
115852484
116074264
116116544
116156236
116176288
116209046
116215909
1162523158
11626375X
116601779
116697296
116763388
116792264
116796545
116885041
116919825
117150606
117208795
117273716
117331791
117415537
117481017
117627283
117723231
117747955
117759503
118004395
118075470
118130048
118130684
118140914
118505777
118512676
118514547
118515314
118529943
118530496
118532146
118532715
118532847
118533789
118539442
118548018
118550179
118550373
118551493
118551728
118555839
118558226
118561049
118569880
118572342
118572377
118577646
118606433
118622773
118630547
118634801
118635026
118656317
118680145
118682636
118727990
118738658
118753258
118753290
118773275
118787624
118791923
118796267
118829211
118840851
118843125
118844016
118844407
118851667
118924036
118928627
118932047
118945505
118974580
118979493
118984993
11901369X
119015099
119028727
11903719X
119056402
119071525
119089211
119110946
119198894
119245329
119249197
119260514
119262606
11928653X
119291924
119300028
119300923
119303272
11932671X
119332175
119335514
119365863
119402440
119423545
119442140
119453215
119463695
119487160
119490005
119554151
12000335X
120033623
120041472
12008581X
120113384
120113813
120114828
120127660
120130602
120142856
120195208
120199661
120212234
120271818
120299186
120309521
12031083X
120485044
12055044X
12057957X
120628457
120635135
120635224
120693577
12071941X
120738279
12074242X
120760509
120760525
120761599
120809877
120832496
120857782
120880458
120880490
120880504
120882604
120893991
120925427
120954702
120970848
12098136X
120989344
121046443
121050343
121052435
121064093
121072436
121082415
121123626
121157555
121194213
121198243
121207579
121230341
12126114X
121312615
121380343
121394271
121404773
121419088
121471438
121507033
121509087
121544540
121545083
121582655
121596729
121607933
121621103
121677346
121713563
121749401
121750965
121899470
121910695
121918424
122046617
12205427X
122187172
122348907
122385691
122501756
12250416X
122505492
122625293
122677102
122707338
122720830
122745418
12278202X
122799631
122844262
122877446
122928172
123102820
123197384
123206839
123242231
123284384
123304121
123315034
12334753X
123399017
123421764
123476577
123539803
12354128X
123689031
123697166
123725054
12374640X
123771668
123786959
12380003X
123821703
123821746
123855721
123856760
123909554
124057357
124068464
12412741X
124184219
124257038
124299709
124360696
124365736
124419437
124445802
124447899
124478050
124507131
124529682
124560822
124737080
124803385
124805663
124817068
124819303
124879004
124955606
124958540
125000111
125496621
126513082
126918473
127709037
127887407
128406860
128418079
128424281
128446498
128477008
128580305
128686804
128690895
128756810
128761539
128769777
128783400
128900814
128947535
129031070
129191264
129200654
129206563
129278610
12931238X
129360651
129390054
129449830
129543772
129722103
129762776
129789011
129854271
129876984
129966630
130006564
13014391X
130159751
130269409
13048170X
130487457
130555231
130555495
130602167
130864358
131284819
131564161
13161195X
13175629X
131785451
131934171
131946773
132205890
132217686
132264935
132348756
132417847
132469529
132806401
132927993
133123510
133264580
13352535X
13356861X
133695220
133938883
133967921
134103254
134153391
135622964
135627532
135759366
135885264
136048536
136087841
136097936
136284647
136308333
136348564
136480721
136491189
136605796
136704026
136706843
13686385X
136899242
137036906
137059256
137080131
137142153
137307837
137329059
137330782
137351445
137352581
137558767
137580924
137580932
137620306
13764857X
137711603
137897251
137989938
13812471X
138199507
138227896
138342156
138400458
138472483
138486247
138583390
138709580
138738475
138858608
138983313
139106944
139207473
139214208
139317619
139577920
139620990
139621695
139626565
139627375
139677585
139712615
139714847
139736581
139756566
139774327
139774386
139800212
139986820
140236821
140255605
140325840
140416188
140424083
140462368
140513620
140519041
140568344
14060801X
140637877
140651810
140883754
140907939
14108605X
141110856
141160047
141262303
14127980X
141288299
141561092
141695056
141697806
141745894
141896310
141898577
141952288
142140813
14215119X
142165611
142184837
142452947
142469408
142525774
142553476
142564192
142575453
142818763
142835013
14283503X
143034642
143114921
143327216
143344420
143416669
143463551
143607383
143891839
143900897
143987917
144042835
155520598
159041988
159567920
16108415X
17027618X
171232909
171938372
171939166
17193962X
171977300
171985524
172145961
172227593
172260167
172265134
172280737
172312922
172380812
172389569
172497817
172651921
172886406
173234399
173467458
173491774
17395913X
174116144
174132565
174288727
174396686
174409672
174412231
174422679
174433719
174436998
174440219
174441851
174445679
174457901
174489110
174553455
17460422X
174616287
174635680
176290834
177920599
179224891
179356496
183072987
18387076X
183901878
183914147
184006686
184066603
18417709X
184229464
184372739
184430976
184551064
184615860
18468062X
184811015
185283047
185355250
189405562
189410892
189411872
189413484
189417781
189428589
189429720
189436573
189451521
189453958
189470526
189477067
189530456
189534826
189540877
189542047
189554363
189555106
18956024X
2111664-7
212562-6
25490-3
4057182-8
4245884-5
4413092-2
4484663-0
6015481-0
7548505-9
7696614-8
7708430-5
7764342-2
7777102-3
7796465-2
7857265-4
