#FORMAT: BEACON
#PREFIX: http://d-nb.info/gnd/
#VERSION: 0.1
#TARGET: http://www.berliner-intellektuelle.eu/pnd.pl?id={ID}
#FEED: http://www.berliner-intellektuelle.eu/beacon-pnd.txt
#CONTACT: Alexander Meyer <alexander.meyer@hu-berlin.de>
#INSTITUTION: Humboldt-Universität zu Berlin, Institut für deutsche Literatur, Nachwuchsgruppe Berliner Intellektuelle 1800-1830
#DESCRIPTION: Personendatensätze der digitalen Edition "Briefe und Texte aus dem intellektuellen Berlin um 1800"
#UPDATE: daily
#TIMESTAMP: 2020-08-08T17:50:09+02:00
100002188
139902988
118520814
118703218
118678965
140233431
139215425
124002560
118731998
138422230
130164356
159581427
118578073
116521945
11865005X
11850777X
118513303
117359602
118518275
118553569
100314422
118641190
117574678
138697655
118640003
118557513
118615270
118550292
11855333X
118594893
118507605
118565273
118531379
118635964
118688642
118583573
118595091
118641549
118500201
186675186
118595741
118505092
118535749
115650938
143540874
100850030
118751530
118535730
17783496X
122132882
118554735
140015450
158449673
15825578X
118580744
118603426
118792385
118590995
10428496X
117495301
118560328
118627813
118877380
158270207
130249424
118710257
118714333
118674609
138168261
117436216
137562942
117696641
118600346
136092314
104183764
118571125
119120674
100138764
139371141
122130006
117505471
121094421
12989432X
118628097
101740743
117074144
101097409
139630546
118557769
181187213
118774360
118748785
100105122
117036099
131867482
117626953
134036026
100140793
121803465
115631046
115501452
137473788
118809334
12884728X
136095038
119258862
118505084
10007894X
118525867
118530585
118626574
117444154
118594427
11855073X
118808850
115121498
116524278
189413972
100096093
118695916
118552465
116848987
119059622
130123552
119501201
118607960
118607987
118615688
118767208
118540238
118831194
117460915
118829130
118588893
118563386
118632477
118512315
118613723
118574450
118973665
100863418
131252216
102347417
118620452
118585045
118575775
118595237
104268433
11737606X
116276479
118622285
11929835X
129500186
118543415
104233818
118717286
118693530
122779231
118565141
118555642
118555642
11854828X
1015492363
118541102
118520040
119209349
174138040
118557211
119049546
116715081
100168477
119360659
116057203
118626167
11851993X
118532847
118539841
118616617
117202770
116222425
11650448X
116983078
118738240
116504617
100779530
116295856
100567177
1015022790
118678345
136004202
101973034X
139107169
118545140
118554700
118573349
117650390
113235496
118535986
118586408
11170832X
119329085
1012968340
118777831
118750631
100099173
118625063
116857374
118608045
117302732
119059452
100123848
104114150
119531917
122677153
112727654
118504177
118617109
118504177
116343524
117623229
116343524
117592684
187563276
117133493
116817569
116050314
118804790
140897003
118797336
135540380
104081147
118505114
118597450
118731122
116576170
118599100
118575155
118649035
10082451X
117758876
119097222
116781025
1023776243
116414545
118500856
11862703
118523457
11858331X
118593234
118627910
100689590
116519770
118552961
118552961
11729327X
1020307056
118545655
100165249
116695706
181337800
137018967
119420147
11903719X
118580949
118512579
118572628
118612409
118607057
1020454288
118726048
116442921
116442921
103753932X
118587668
116412992
116600217
134287967
117187402
11876425X
117229083
116255315
116763825
117446408
121733394
1023846608
11869362X
118763202
119353539
106054325
118516051
117212679
100190014
11860130X
173321399
117066028
116809299
117524387
116326123
117116661
118786784
117275948
117685534
102285020
115674667
117416959
117416959
116950579
100102840
117669245
119076950
118850210
116114673
116120029
11612363X
118656449
116180986
131457500
116216905
139771700
1016592086
1016631588
136195385
1016592108
116216859
116233958
11905938X
118824775
118676903
116374594
118677330
116766557
118820141
119061457
116137371
116139587
100109551
104045213
116471727
116528176
117512400
118533401
116601329
118535668
118535994
11853601X
118717030
101482612
118966243
118717790
118542257
118542265
118718991
118543830
11634850X
118700057
116491426
115357742
116658924
11854943X
118703714
116739517
116754427
105268798
116923768
116925663
116991739
118707175
118556657
117243310
119035057
116242892
116274662
116379014
118569910
11686141X
100824714
116945885
118780212
116659807
116803126
116803517
119059193
117554677
118580779
119239353
101110464
117091812
117120367
118583425
117759082
104274034
11954153X
118587773
117001171
117078972
116018399
104366508
116203277
118594818
120936968
116432187
119059630
116630175
116664150
116669713
116780940
116810068
118605909
117023248
118754335
117323772
118795155
117515833
118609815
116857641
117236578
118860283
117647594
118762648
118795724
104331798
11721714X
117243280
11737170X
117381853
117255343
119092603
117338893
118837877
118622900
117440302
117267821
128646535
126894477
141861207
117091952
117091863
117096261
11709501X
118628410
118630229
118630741
100700411
11877171X
118632884
117384259
10070333X
117424072
104099526
116947969
118636383
116976012
118636421
116993871
117597716
116998237
116999802
10416476X
120898462
117008753
117022454
117022470
116003707
116693614
117440302
1012178234
118610953
118554514
116102276
104314206
11616560X
118599224
118993895
118529412
118806556
118631977
115526641
104359714
116731893
116809299
116920645
116128992
100352332
118547739
104268190
100351212
117311936
116669551
118510339
117404993
116222654
115853529
118659332
117113816
115368302
116939710
118723367
118549774
117421995
100065252
118585053
117439312
100842453
118568558
116561254
102368740
11862380X
116570199
116011009
104268387
11757273X
116691441
11854893X
1024971104
11744278X
181443457
118687018
1044915684
117563382
117150193
118511343
11858524X
118889230
116240741
100614574
1052468756
119333570
104106557
117282588
117377600
117238147
11862783X
117123560
118786113
116195061
116643765
117162965
11636503X
118674676
118554727
117422533
118745638
116631074
14396948X
116238739
116170972
118545906
118545906
116349697
118660470
116377658
116587385
11641779X
116735996
117327328
117191787
116485167
118762176
1025885678
133663566
116449926
118963813
116718854
100370381
118706640
11865103X
119181304
10214124X
115870113
119152800
116402458
116415576
10148772X
116223243
118516884
118517031
116726202
116112093
11613853X
116190949
116253754
11766376X
116235632
116239131
11634900X
118529250
104335262
116326514
116551445
11656265X
118692062
116792493
116586842
118538918
116666781
116833963
11688830X
118773607
118580736
118710605
119405334
116896175
100804713
119154951
117053945
100351190
121466787
117138320
117615463
116090146
118723146
101169787
116226900
11637599X
116574801
118725335
118714570
11856448X
116611316
104123184
116719761
116848642
118571559
118576178
118731416
119338890
11858281X
100824544
118583174
117580104
118735020
117179655
116945354
118828924
11712110X
117122467
116073993
116092548
121035298
100793215
116167882
116189452
104208791
116315008
118598279
118599410
118744453
118745441
131570218
118602640
11553668X
11667010X
11670425X
116707801
116713054
11701902X
117019135
118606115
118748181
121780988
117193003
117219029
104085606
118610465
117410616
100325947
118757040
121430588
119331586
117321346
117703702
119059142
117132551
104175990
117165069
117368210
117382744
117580724
118773275
116695870
135772818
130356514
116392576
117567450
139052550
139052550
119010879
130566365
172079071
116858516
118609475
118629662
119079445
118707078
117113239
118757490
118749250
116229411
118847635
1020307080
1020454253
118650130
118572121
119090716
118626353
118720414
116100753
118621335
116813636
118503987
117516422
118530224
117364592
100568297
117039144
118647180
117363111
119034778
118531395
100823548
116476508
100975321
100175988
100296556
117193585
11898358X
100333737
100333737
118588540
116725966
11857342X
117641987
12150445X
100130313
115548459
11862492X
100317278
11802275X
120173891
115664823
116295228
11854019X
117575585
141676183
101133952
118605534
118699385
117015628
116915188
104212543
119559781
102402981
118519719
11862251X
118596764
118696211
119003554
117595640
12415428X
117015415
117401455
117304387
130576093
118595040
104314699
126748810
119460408
116863498
129045268
119091852
116935391
100051960
118681818
118592920
118639587
118536443
118680196
10033492X
118735578
11684132X
119420007
117675601
119061082
100567894
116217014
116839503
118521675
11880409X
118789341
121708217
117553735
117102784
118614347
118521055
118767925
118625969
133853918
118716735
118525859
116467541
117644161
118574701
118532855
117016985
117016985
117566047
10415926X
102410658
124529275
118901583
100804500
117439479
11859740X
117010162
117215929
117140791
118786199
100211763
128804041
143833081
118650742
11769875X
117596493
117768936
118712608
100772757
118583190
100113842
104353163
119019914
118595571
100828574
100133061
123885388
119021498
117184934
118931911
104130636
116702664
116167580
11852190X
11697060X
118503677
118503677
118637622
119420899
11872987X
118530577
124959962
122243552
117401722
104366141
117097063
116433132
118621793
118524658
118575546
118549855
118635808
120087480
104117672
116619007
13350154X
122002636
118575546
101004001
11879177X
118710621
104165944
118965786
118718835
100391265
118805746
118558684
124362672
131481347
118500619
118500651
139859713
10419880X
118613200
118594974
14165967X
118593293
118831917
118682768
124498094
116479914
117662046
115367918
118687468
117376280
11862234X
128473185
118556010
116703148
117014079
124754686
116617470
117216151
100205976
118626183
118717146
11888381X
118597396
117480088
118691910
118586955
116840854
117619817
100059376
154579718
116721022
116315865
11679495X
119160285
119346311
104319747
119371332
116984481
100541496
118649892
116469382
118618806
122848055
122746708
124792367
118978160
104130644
122098579
118793608
119072009
118843966
118733109
118795651
100156991
128679026
100351484
104164948
118504436
100599524
104105895
103142967
18709554X
118590235
116205814
117391042
118672037
116154578
116874872
116080515
118679627
116733888
100590829
118575449
118595164
117485276
119541904
117471356
117284033
117116165
11884704X
118787179
117189383
11604473X
117046825
116274778
117293032
101026714
118682180
100402127
100805949
118573624
116402326
100957331
117353302
116780711
132093375
104106549
116102381
123076269
11914624X
118536451
117484210
101488807
102404291
118650815
118501720
118617966
119003325
100125786
100099459
116406674
118575236
100317219
118518496
100317219
118705156
10233207X
116666072
119258056
100094740
100957129
100980848
104274182
118580663
102023212
100625797
102640114
104137169
117030732
139129006
116432004
121778339
118556126
100327095
118592815
115378634
118979582
117354805
117504769
119499800
118736477
118798502
100158218
100672000
115807306
118625950
117234869
118707965
12469652X
118760890
119556448
160212243
11857826X
118783025
118783025
119506203
116600179
118575228
117454559
118504185
118543202
119033720
118595083
118515055
116431385
117401501
116431385
118773151
117520055
118912003
100200753
116222964
117410926
100157688
116704217
11654970X
116517158
118645471
118619918
101041020
119169649
116635169
100390455
100378048
140233024
140308938
100750230
118509209
116738936
12161459X
130132462
14015616X
14015616X
104073772
14015616X
104073772
116473169
13022636X
13022636X
118840541
143976079
129854662
142358916
115360867
117297224
115589104
119114119
100095224
141508442
118879812
118747681
118605097
100642985
10000492X
118569376
100099424
117495093
128995882
116995173
100336841
118641778
124362427
119258951
118503650
1034291319
140052224
154468738
123505941
100849660
119602458
117064823
100129366
13092993X
116207965
116426349
124413471
11864131X
117658669
10069859X
11877431X
116009942
116284528
118802658
118783165
119058626
115553487
100850170
118862758
116681187
118501089
116464763
100786871
100786987
117766755
118921088
118601644
116824794
118619926
129859516
118791974
10109986X
117563595
100056083
117669288
100114245
102450714
118762745
118993887
116257431
115431241
119269406
172288258
118705695
174132638
103770534
118804944
117350559
118790471
121323560
118658174
117245380
100810853
118638955
10021830X
117206407
116807717
117041858
118518488
139481028
117247243
118640763
104130385
121820793
118694413
117343862
115516425
117370908
116268549
118689215
100956173
117175048
116342056
100290965
116571721
102293740
11724287X
119485702
116590394
133517365
116932945
100792731
118523074
118534955
118943383
11675026X
11675026X
116829540
141041900
120643782
122613511
118500392
119648547
118563211
122438329
118525824
100249965
116918810
118725947
143891588
143343920
102463441
100016448
118563122
119259966
141330236
119214229
118785044
116403780
115674454
128918292
119512947
100995144
119865130
104286342
117444790
131798456
116478799
117597600
118725831
104368829
118502581
100166482
118615890
116987081
116224878
118682113
100185657
100741754
100205003
116023260
116041609
117386006
116276444
118531425
102407711
124124119
1014587441
1043520414
117758906
118913565
116053437
104224282
116146516
102918600
100140416
100614426
121272907
116687932
118530674
118501887
100137458
116760648
118523368
116322985
119266741
116962291
116263938
117034290
1025483952
118766481
129300977
11656332X
118565346
117128597
118791753
120540339
123678528
118645706
118682660
117354090
10070834X
117352284
116024194
118783378
116235616
116091568
1027332404
119535084
1028793855
13347223X
116923776
118626175
117015938
116295902
104300299
119396289
116869690
119036436
118522477
117459666
115547363
100268935
117376426
104350458
100671926
141582243
118756885
116547839
116856696
116359536
116648945
118537202
117071536
100160085
100722814
118685414
117196606
118523708
102211957
118740652
128737395
116688319
119523558
100310923
118657380
119669714
118621769
100501753
118679287
118558323
11873380X
118672142
118963546
118791427
118615394
116024739
117579777
11668674X
100955126
100760554
119422719
100340334
132858088
118595873
100961223
124784712
118679686
116419326
116525215
117331554
116669454
116810726
121011356
129312576
171952847
11855140X
118756907
119118742
118961756
116061324
115534873
100353037
100133371
115753923
1055301755
116357568
11705884X
117451711
118712586
118502727
11711135X
118764853
100698573
100321739
116962259
100534287
100790429
100232736
116422904
102330743
180604414
11860208X
117143464
116824441
117356360
119512831
119436345
119286963
116871881
118689479
118645552
100748090
118980106
104184817X
140395806
120974703
116825391
116027665
116546948
122281969
135705185
1029270473
100648517
118712470
100951724
100648517
118697463
153715901
118677578
115656081
118503979
117581887
115473270
104375523
100718019
116981431
11858216X
118716980
117272485
116447419
117608106
116186402
100289355
118968599
102132976
119450224
100537723
100952755
100953743
118843400
116478888
100492967
11695938X
141123648
100582605
102647925
115643664
116331240
100009670
118780883
100083781
154748552
116196955
182883868
116196955
116221399
118668005
103086609
116595914
104118342
160902150
11875257X
101169266X
118635794
101169266X
118590669
133731359
118650009
133731359
100419232
115643591
104242280
118647237
11719834X
124589162
119180936
116719141
124156126
124810225
101571615
116874546
11852755X
11868549X
10425534X
119483904
116063181
119411253
100201601
127883878
116547278
117704601
1020214821
118703757
10296405X
118583670
11676578X
103088873
100195482
116563923
118599259
100838545
127812229
11921072X
117107395
117107395
104099194
118563084
100631967
116742623
117646539
10248757X
100221238
117646539
118809539
119138425
124806031
116047429
117187275
118727699
123383951
118858750
1034031511
118793063
118741985
117653470
116206675
120556251
10421113X
117375179
119223732
121260003
116693436
104270071
116652047
100765483
118798359
118823248
116013885
101116845
117388661
1028434065
1020220821
116412720
117370843
116563680
100040047
11762053X
102285853
100095089
117311189
116111720
100454259
115672060
124438482
124536646
104288639
115539824
116514965
135706025
101128517
119100193
116091991
135864453
123161789
117326798
117053449
119298600
118745468
100407382
10257832X
118685864
1037590163
1020292792
116345330
117699667
138625603
116717092
100009530
116717092
1037623177
116717092
1037637151
117652490
117496626
116086610
116876573
116044233
119353016
119353083
119353067
119353024
119354306
117464619
119354462
12296182X
116790903
100952992
118584162
18177304X
118593730
119106345
130221775
103750528X
116173068
1037589416
116442336
100191754
1037534441
100758541
116854944
100007724
18289908X
101339720
100264972
10027966X
11947364X
118675206
1037501314
1037550560
100733328
1037500326
116016337
116092521
118685384
130031690
102420246
11862167X
10242232X
103146296
118756958
118541838
118508911
118597248
118907271
118628569
118513249
118547615
116020385
118620916
118698753
11897291X
118939599
119497662
115612041
118720910
118529757
118639927
173890245
11955562X
118548298
118500376
119244071
118520644
138068585
124828256
100005772
116765968
118750992
11853596X
11853596X
118548018
12467073
118520814
118550853
124011039
173196772
128389532
118582682
1012006077
11854705X
117167770
117262307
117238473
1012178331
116277084
11863075X
118812637
118812637
1012297322
11721292X
116564466
118574949
117431451
118548174
118904299
118720856
118543725
118904280
121606929
13626347X
121486338
118590758
11864064X
118505122
119090481
117297623
119259737
121994783
118688634
118780743
118780743
118988328
116900903
119376377
117460559
123931991
118748173
103673571
122112466
107807122
116848383
116095555
118866672
101668066
1012669092
140842217
118835874
118737066
118791788
101043171
100232906
104241187
104095156
124075649
142225738
1038749565
116257474
13159947X
117112496
116475633
117449172
135818745
123296137
10146455X
117107328
118710869
118940295
11601279X
117357502
116471484
116590041
117256285
116664290
117358355
120159422
116628723
100533876
118584693
100146694
100016650
118503111
116170263
116421738
116037741
117319538
118610961
102484538
1015440878
1034879359
121656306
1026258383
102483469
1025053125
118775766
116167254
118082329
116864443
103092552
118545426
12043010X
118796151
118970593
116132663
118675982
132322986
117023817
116300914
100867987
117214949
1019276371
100219756
116663324
118858351
11615750X
116170255
11866106X
118735225
102781478
116649550
116399511
116658339
117368644
116900962
116549726
1018600906
102264007
119442183
1034403834
117663123
133552608
104076534
117095796
12026451X
116178728
117123323
118822357
116661674
11690254X
100967388
12050961X
119206501
10213684X
156228238
117278599
118594044
116095075
128587369
100951767
100425860
116141514
118786385
118503456
1035124963
116972505
117398187
116226560
117305308
11671493X
117117137
118574213
117467472
116105410
117246077
100967949
172436877
104328045
117251232
117606537
141169192
100358519
116920556
116621257
116364521
10431298X
118586246
116242833
11851282X
117072966
101304153
116816120
116816120
116127120
115676295
116187093
102363064
139418415
11852464X
116217944
117180572
101737041
118557815
118640909
118565036
116400471
100364446
174702299
116056312
11867966X
116503122
118781227
118628976
117587907
102603111
180283316
117047937
117047937
116478209
135786436
118592858
116797266
123058554
10260102X
123058554
116421428
151833559
11768693X
155077163
116106395
128768371
118728105
117357944
133118533
118602721
116061235
117680818
117301183
117088641
119160234
118522248
117428272
120180502
117145319
116168420
100488412
101343361
117125458
116675047
118539698
101723040
101706693
118767380
116675799
119059347
117398381
138394490
116234938
118608428
100519075
100443893
101965109
100443893
118684256
140404120
138270112
11870611X
139478299
1022957791
10234146X
123902061
119352303
117604429
116215445
118620223
116775424
116121017
116518006
117697907
118604945
119153653
1035383608
116188634
116287500
118730622
119015587
116177446
118792806
116285923
152194517
116671955
118852086
116671955
11877820X
116193093
174104022
102070989
100100600
123771943
117428795
118619055
116379634
116602090
180937561
101442106
140317562
117567809
120769840
118565192
116426519
119163594
118505645
11617305X
116944153
117322806
100177085
141376139
115847545
104345543
118675478
119427060
1017087717
142815098
118726617
11864193X
119059614
180979337
11678931X
118892355
100339743
101211031
117499110
116031050
109757408
118541951
1031533192
138046794
101559283
116023430
116990341
116468521
116982039
119044595
116839929
131157973
11669937X
116941146
118571249
116396245
1023439980
1044250127
118775421
118559516
104075945
116917482
119070561
116211822
117538299
116580488
117663298
116645660
118798588
116081945
116738057
119034743
116598506
11623539X
116113758
118617583
102072450
116999489
13710409X
119096552
116697474
10412413X
116609265
118667661
104148195
118501550
116836911
118501550
116661453
116661453
116063211
128615524
117666467
117649031
117767565
118693433
102400350
141376139
11936509X
116989904
104366710
180356445
178576840
100359183
116451173
100383203
116416866
104103914
116610832
119353210
11858054X
118735551
119263491
118501828
101459734
116014180
119368579
119071606
117300772
118888145
135880882
116088796
116088915
11606496X
117295752
118555553
118592955
1029468656
118518399
119080184
118579703
117544906
118525263
118615661
118558404
119010860
118600354
118529870
118560093
117764310
118616374
118633716
12445013X
118784714
118507206
118757393
116968222
117360562
1011799944
135923956
135923905
100975127
103148272
118598708
129821381
12063774X
118641433
128835354
118763733
118518585
118737775
116292431
117598992
117684457
117661805
103123296
104303611
116606746
121644111
142185701
116109238
139566910
118568876
100378803
116449934
116949651
118597787
118639242
118560034
116270608
118917218
104177144
118554654
117075728
118628038
118523929
118648071
120677563
118640658
108083381
11852156X
118509810
115615962
119241676
117350176
118574884
118519352
118591371
1034719688
120640759
142255440
116356642
1025283902
11879941X
104342803
118749420
104152389
11762196X
11913988X
1037558057
117639206
141046260
134280504
1024009483
104078154
118739549
118678914
118608339
123833949
118717758
118775782
11870978X
117630985
11870978X
124387187
118756796
104224207
11871435X
100527337
11657173X
100437184
118911082
1024957098
116023066
11682932X
115795588
100118569
119556936
116330562
116940506
118812211
118613154
119079763
11682638X
1025831330
117148725
100015867
11952516X
173067999
100197035
118578278
118794345
122862392
118979345
100964354
11674216X
117681407
117280607
100549837
116282290
100942377
100950396
118746200
132468956
124642942
116627573
116725370
116490314
116297530
100443427
116924098
119004925
136429610
104086297
118679449
116851627
13719062X
116532785
117174343
178201634
116628448
118591770
116558687
117024945
118795775
116129417
104721766X
118732056
11927017X
116238909
11851752X
118644459
121012387
174060327
107616904
117192120
11870060X
116981288
116460253
102599289
116225653
102064970
116878347
12471952X
102035717
116630264
117327026
117328448
119272091
118733605
117690678
118768670
116182431
117590037
118596624
116094184
117502855
118670743
117229938
116305568
11677326X
119153262
116777273
101711859
180743538
116402504
118551418
100793509
116104988
118806521
10239394X
101584490
117176567
1048756084
11944481X
117562408
182663493
118678221
116424184
116116900
117125202
116086815
11674569X
118817728
117399264
118627252
117244996
1022694332
1033025216
117528307
117528307
117222364
116159707
119189275
108562646
116245131
118555154
118897845
1025914252
100635520
116611138
102394288
116611138
118680145
1053489374
118504843
100174841
104161086
10409818X
118656317
100418732
138084696
100529577
118682733
100350275
121234622
117598577
102122717
101521626
118586874
116426330
117456039
104344628
100953735
118556312
11621533X
119267659
118767372
116965126
117220973
173215130
116294779
116425415
100598927
118681230
116826398
116332689
118886649
124573843
119014920
118559796
118616242
11713094X
120938901
118801732
118524844
117244317
118627198
11609012X
120225689
116796014
100271693
11537860X
100016642
117613274
1036555364
116216948
118577077
117031372
120687828
101669577
116679948
117538833
100162878
100278043
137201648
1022966553
160910153
116661658
116463414
117399647
115430792
1053431287
117277622
102117519
117420557
117437174
119056143
100214525
140828362
1036840026
1041979665
104157054
142095451
100716539
100758975
118583085
104273879
100375901
118820826
1053412177
117609641
116621885
118634771
118519697
117182486
140656359
116125594
12487617X
118653377
118570293
115546456
118827979
123340454
12401402X
119447568
119470977
118576682
100163068
100238998
11604943X
133728927
100165346
116053488
116674628
117281751
116841583
118521195
117428973
118683632
101339739
117598305
100726224
117361356
117044237
100327796
119555352
172257808
116507748
120726327
117386464
117386677
118525727
117175595
118516132
133813886
1052471692
100731554
119010224
119010224
117093416
118801864
118787969
116539917
1023866749
100816525
1038726921
118597299
117104507
132167905
116464127
101227159
100708374
118180401
100242146
121472647
10208033X
159149029
117341886
157506665
116902582
117259985
100792286
100948669
119251531
12209025X
118509969
134148347
135923948
11934792X
136202829
116031026
116103736
117157058
117325767
116971681
116878835
115462724
1053428820
14323515X
119028123
128948701
10433634X
118682687
124119301
104136316
11901484X
116940336
118509470
102401160
11882158X
11955951X
141871733
116899484
119022397
118752243
1055316825
1055368833
102471258
100953913
12427000X
129376620
118795163
117589160
124501109
141217472
131832719
118707639
115661069
118734873
117690805
11889823X
118592181
117120510
118801783
119437627
172083605
100937187
100515401
100222269
100222269
104336595
116510978
133176053
117705756
119117622
100948588
100948324
121758540
1055522506
118678876
121758540
1053413610
117260738
10019494X
116947756
116125888
117092479
1055139931
1032908521
118650149
118522167
100417981
117559180
117559180
117618357
11678721X
116874996
1055196730
122719700
100864597
1055395970
116880023
117321389
118708309
11701351X
118805851
117590991
11625243X
120521849
118503448
100810233
103957952
11879731X
1055359400
1055274383
117318116
118683489
1034068822
104327391
102135029
116231882
11543058X
100369979
1043665641
139805451
118737937
100438547
102688060
118530550
11704329X
123823358
12929215X
116606428
118913840
100169252
118558862
100792553
118505696
11875808X
116005815
118549553
118621874
182964450
118616641
11852593X
118579347
10430409X
119055988
118584790
116704128
100261299
117430919
118581945
118767372
118531042
117089567
181887533
100505155
104173084
116979844
118773887
118669869
118532650
118776665
124889697
116052767
135635349
118629042
118650335
116802596
124394183
118734121
11859687X
118880314
144046393
118162438
116449993
178575739
100580343
116056363
122281195
17215054X
136609945
11628885X
103100040
122664485
100976972
122664485
118696521
118502018
118549839
104355573
116105232
100141242
12858159X
124013864
116270861
111021855
13565789X
119263297
11900688
116569514
104279192
101237308
116990341
116990325
102284504
128874619
116273143
10404957X
11756785X
117196134
132231492
1052363431
11748671X
11892737X
117282995
116250836
119504235
118591746
1053409419
11653334X
1055380183
116488735
1053514107
119019140
1030239282
118550845
118942417
102777551
119034948
117301965
1055224823
1055178074
17295567X
101224656
116132949
157695220
1055403833
117139092
10130191X
11725469X
181826968
102603529
116475080
118548808
11729134X
104225564
102009848
116443294
1055255796
117759791
1011173263
130513024
101439539
117205303
116937246
118754971
121278557
118777505
101790422
116285575
101251173
116417919
117471763
100978800
105549863X
116834633
116632461
117034924
118570439
118561448
116819790
10136282X
11654256X
117125415
117637874
1030376859
11666827X
116730935
11741297X
116804947
116877170
117077070
116437650
130550094
116795794
101304102
101304102
1032599006
127629769
13302167X
100838995
118741411
117453471
104327995
125837224
116002050
100938671
118573241
103092226
11742353X
116295058
179274856
116170204
127631429
1055268707
117489786
116801603
11638655X
11690948X
118563319
116301112
116208503
11604117X
118575031
115552901
102603251
117056308
1030193991
116970243
119457199
116295252
134118170
1030020817
116909501
118664468
116916583
116200502
116392983
116127473
1030192626
117488267
116916400
117542547
116121157
1020428449
151038953
101360061
116082534
116101873
104103701
1013910397
119546612
1055264418
117654604
15101342X
116143169
102738335
116730161
118871749
130534692
1055135839
116128194
1055180389
1024704076
117077828
116823089
13965268X
116552611
116788992
1055328750
117353965
100524508
1055278109
1021211915
118540661
11859401X
143824511
116997141
14364954X
143649825
11754695X
117142913
100106587
118797948
116503300
100794548
1029907455
116920882
1015349242
116326239
1055134956
116864982
116212330
1050425642
116683538
116839570
118603329
10110846X
12860834X
11745995X
1031394362
117492205
117124222
116771127
116199245
118995758
118995758
138089078
118936972
184839378
116791705
130977489
116791705
189419652
118642421
117384380
119163446
116653396
1051217326
119555883
117513024
116857498
118772112
117266353
138467021
118779680
101799500
116223995
104178515
117519839
118878794
118749218
142493937
119019264
117464392
130182710
104299967
118635921
184752752
11867305X
104045299
116137258
117417769
104265957
172323223
117465704
117037486
117340286
181394189
11698712X
118541234
102938794X
117048798
1055362991
118682199
117186880
118577409
100798772
118603817
116269251
118557394
117186929
115536752
117291390
118625225
118728245
136992234
115726071
116511249
117617733
1055382011
1023724472
1023724472
12328189X
118869744
116131624
118640496
118755161
10223244X
116552433
117742589
118647385
102401276
117538027
118586718
118584596
100374123
118503952
100802656
118512749
118570080
118807226
116350660
117398985
17227561X
118761919
117744050
135854105
11874528X
118724258
116269588
118621823
118582143
1029325162
11876439X
128846909
121759830
119020238
118544489
11850553X
118605100
100844979
119524872
120815893
118525042
12207324X
117004979
116117893
119144573
117045519
117067024
118514962
100267904
118786563
1041334850
116984465
116984465
118885235
118666029
118607359
138739099
130418889
128971827
1015710549
116677716
117097675
116543671
118683861
142123102
1018926194
120568691
118640100
1029834180
116596775
116852887
118516361
11925493X
116836709
118581465
118824260
118619667
118956736
118765817
119237466
117018406
118867733
11862976X
118527231
118988255
1023756056
118581147
104273895
118907026
117590193
123943817
1055492267
117110213
1058849433
104286288
102408777
12648502X
116595957
155582186
116443618
181070847
10428871X
10012805X
1013944488
11752705X
118520164
11863304X
117207225
116656816
101234074
115594558
10426540X
117256420
100967760
104124970
118662554
118776517
118790137
100776930
102368732
116201134
116030534
118645285
11638686X
104308966
116773235
1015476821
101799055
118773720
100673139
118558706
101100809
118643916
119487969
1050686357
119013967
118793594
102384916
11930693X
115548297
117312290
1055200592
100943446
1089748345
118784080
121728285
100788106
102653739
116161086
1068876131
119180731
118126555
118661604
119243288
118782002
118518208
119233592
118716425
143894935
118528777
100832806
117187666
117624047
1035153521
118764470
11862220X
118680846
118773917
102010595X
124478271
118540947
118625330
119063727
118581104
174010834
119056569
118577891
118740008
118535773
116708077
116856092
11864582X
117394572
119369184
1026152321
1036466612
12123360X
11712897X
116455861
118814664
102574820
140194622
120700204
116642718
117509353
121045021
1055598030
100528341
100749305
1052615147
117580325
121167933
117278661
1055340718
120625539
1035173654
101747357
1051946441
100828388
104172045
106509311X
118061860
139380027
100395015
1027470580
117349534
116702354
11605588X
10405672X
116666978
120613344
116631848
120537877
1029468230
1050276981
1157935540
1077499833
101235828
115776141
133287270
104305207
1053496923
117258431
1051472423
10055119X
100981380
118675370
118505165
118775561
119496593
122014111
100068065
118614517
