#FORMAT: BEACON
#VERSION: 0.1
#NAME: Badische Biographien NF Bde. 1-5, Baden-Württembergische Biographien Bde. 1-4, Württembergische Biographien Bd. 1
#PREFIX: http://d-nb.info/gnd/
#TARGET: http://www.leo-bw.de/web/guest/detail/-/Detail/details/PERSON/kgl_biographien/{ID}/biografie
#CONTACT: LEO-BW-Admin <info@leo-bw.de>
#MESSAGE: LEO-BW – Landeskundliches Informationssystem Baden-Württemberg
#DESCRIPTION: In LEO-BW enthaltene Teile der biografischen Sammelwerke der Kommission für geschichtliche Landeskunde in Baden-Württemberg
#INSTITUTION: Landesarchiv Baden-Württemberg//Kommission für geschichtliche Landeskunde in Baden-Württemberg
#TIMESTAMP: 2012-09-19
11899168X
118505742
116035579
11865182X
117752568
118653628
116087749
118507559
103772596
11865778X
1012412938
1012412946
118509233
116159901
1012412954
118663194
1012399176
1012375889
118664107
118512757
1012376028
118512471
118513168
119335956
117757748
123882427
116751487
118664492
118517554
1012408701
118523309
1012181898
120402548
1012007995
1012412962
118526103
127588876
116517972
118530682
11661076X
116413484
118686410
1012412970
118686941
118691481
118533665
118691619
116634588
118693220
123372224
118536427
101226517X
116333251
1012412989
116500190
118690124
118538837
1012413004
116625392
116704152
116764929
118695770
116814888
117757489
1012400204
116358998
125389876
118546163
116491051
118547488
116604743
119441322
116732490
118550578
118550748
116804300
11915417X
1012413012
118552341
11692828X
118554018
118708422
117129194
118711814
118711849
1012276082
117199656
118714708
119507005
1012413020
1012413039
1012413047
118562053
11877736X
119050072
109640101
118777467
118564153
116292822
1012413055
116403993
116553235
1012274187
116610751
1012282775
136612067
116883979
116957395
117008028
1012284085
128569697
119430924
118576925
101238229X
118578642
118579215
118579827
118782851
11858183X
118733958
118583026
1012413063
118585320
118586297
138674590
118587145
117035092
126596263
131966227
11878952X
116164840
130515175
122344146
118742337
118742388
116189819
116281855
118596241
118597175
118597868
1012413071
119204460
1012296105
11874545X
116593113
118749803
118749943
122327845
118605372
101241308X
118754823
133726061
133749738
1012301435
118608142
1012394662
118608606
131945793
132527014
116844167
118610392
116888849
11713077X
129442186
11930564X
118760076
117431923
118613022
118612956
1012364011
1012413098
11861651X
1012364534
117311413
117383007
130150886
11891796X
119290537
132218100
11707652X
118628143
118766716
117427845
1012412334
11631222X
120727692
116024941
117560499
130543764
101844212
1012407012
118655086
141661933
124316506
116208317
118512072
124302181
118661442
122250710
1012179192
116508493
1012179710
120075075
12142734X
122852427
135726093
137434758
1012781380
116190957
130457000
119343738
118687999
116408510
118943286
1012574377
118926527
1012411516
1012563847
1012261662
119436450
135925215
1012262472
101575440
116475854
118683543
123565235
116558385
1012264858
116846259
119079380
116420073
116467150
101226551X
116619716
1012267229
118696904
116835907
1012268160
118544020
1012270335
116550023
1012270947
118709429
118549987
118800442
137596863
116971843
130339385
1012393402
116045280
137673418
118561499
101227814X
116172177
11618714X
143197592
115374337
1012781399
1012279405
116243872
116255412
116339004
124221254
1012281493
137792581
128222557
116662808
138082480
139855106
117634271
1012781402
118572318
116629894
116644125
11944240X
101295863
101228526X
137911211
122219260
118579517
1012286770
118579622
126913846
1012288633
1012288714
127210202
116939117
116941219
117161810
138219885
137925670
1012781410
128740019
1012291502
11710552X
1012781429
1012292827
1012293130
116364130
118749323
116403721
116541598
1012297675
118603973
116743182
116776811
116809396
1012299856
1012299961
118794841
1012559998
117215589
1012301125
139818936
119285495
11875503X
1012781437
119486369
136809723
116800011
1012781445
1012303403
1012577104
128143568
1012303950
118761722
1012304116
1012304485
134064569
1012781453
1012306305
1012564312
1012364402
120259796
13947305X
118755722
1012366790
119206706
117624772
1012367827
127857753
111432278
118805681
119157314
118770411
121820246
119334380
1012370038
1012562204
1012556719
118807927
117376213
138481482
1012781461
116977833
120431904
118636618
130087335
133794954
136137458
1012403610
116792132
118905759
123053110
118650394
118652273
1012577473
123495253
139948538
101238912X
116096365
1012392694
116115653
1012577481
11850939X
118510525
118953567
116197935
118511548
1012375900
101631529
140705023
118511742
118660357
137951361
118661884
124531237
11866428X
1012577503
140771808
1012577511
117637505
119198630
1012376907
118527762
116241330
129944491
118687514
119243091
133566668
101257752X
116529245
118530844
118685635
141955945
116405937
118686038
130321788
1012377857
11853307X
116597976
118535501
118825453
116844426
125978278
1012265463
118690094
118538470
124129870
124693725
118695843
118541307
101239333X
131505009
11854229X
118543105
118543563
118698923
115452761
118544845
123632080
118545264
118773429
116539259
118840673
11854747X
1012577538
118819275
1012409775
1012272354
118704397
1012577554
118705660
118705989
12779476X
1012275396
118557106
12311246X
126505330
118558595
118560395
124431704
118721372
116092653
118560972
116168633
1012577562
129435260
118563459
136084028
1012577570
118724088
124231004
1012280152
1012280268
119263394
118713531
101516509
1012282066
116852208
1012283313
1012283372
1012577597
118927744
124952461
118574043
117280844
137929439
118731378
116988789
116891904
1012577600
1012577619
11858488X
1012577627
118786016
1012577635
1012577651
116167971
140345256
1012294056
118748890
118597957
118598104
118744143
1012297705
101257766X
137794495
130194549
126351244
1012400379
106939238
117017108
118606212
118606344
1012397041
11897713X
118754521
101814372
119522411
118759582
1012302865
142124842
129436453
101239879X
1012577686
1012304280
117311316
1012577708
129887781
11941886X
1012577716
117482501
1012577724
119131072
118752812
1012577740
119368161
11731885X
119252015
1012566242
1012577759
122124413
1012577767
105974668
1012409651
1012577775
117702730
1012577783
1012369056
1012577791
1012370321
118918087
11948711X
11880653X
1012387011
112284612
118769243
132429829
140350942
118769537
117753505
118833898
11893869X
125892179
1012715108
126144060
1012174255
1012715116
1012605957
127481125
123504376
1012715132
1012715140
118511378
119054272
116430613
119355434
1012182754
116112905
126296405
116124172
1012576167
130854581
118912550
130150827
101216858
118527843
130143030
118688200
11894195X
1012242897
1012561488
118682377
133567052
118691171
118692283
116773758
124270352
101239039X
1012715159
1012378551
116542993
1012266249
118694847
101239039X
129434728
119157977
130002364
11854294X
118701827
1012715175
118709100
118547984
11854814X
119174871
118710567
116738499
1012715183
118549952
124340830
118705296
116931639
116937475
116940670
116950692
1012715191
117059072
118711997
108215490
1012715221
13295608X
11619698X
101271523X
134569083
1012715248
116285087
1012715256
1012702065
130504130
129435473
130505234
1012714357
1012715264
1012715272
116592737
116602619
1012282724
1012387917
118880330
119002094
119443465
120105896
118576410
129408506
118731521
133600742
1012715280
134035747
143872842
117063371
1012715299
120778637
132799898
1012715302
11858491X
117173290
118585479
11873783X
101625278
116908513
1012715310
116940557
118587862
117017744
1012715329
11604604X
119494329
116177039
1012383601
133697150
1012383938
1012297411
116578602
118601768
1012397998
119398168
1012384217
139279547
1012715337
128804351
125769385
118604031
1012715353
106488112
1012299295
11697687X
121770230
119269899
118606166
1012390667
12256149X
1012301753
1012715361
117521086
124095739
101271537X
123372526
119062836
1012715388
101230504X
1012305163
119372789
1012715396
130526533
118765191
117237221
121509656
13008901X
1012402029
118618296
129436615
118755781
119039907
1012577171
118619349
1012715418
117354430
118757717
11740733X
119367793
11907222X
13004606X
117494658
107769867
1012560848
117128929
1012389405
1012371182
117344524
1012715426
130145637
130145580
119469308
118771809
117356271
101240921X
118772597
119127148
118542109
117275441
118634674
130431532
117756989
118646230
118505726
1012375382
118837419
116158824
118663569
1012786897
109075188
14016720X
117752584
116481536
133298779
118664484
119159171
11936171X
118853244
1012786900
11609611X
116170018
1012786919
1012786927
1012719537
118529579
1012786935
1012786943
1012567834
116383585
116426810
12021556X
1012769011
122785827
133922189
118694189
116324899
1012786951
121495892
101278696X
1012786978
116599723
123077508
118639374
122053893
118698303
116913762
116363460
120578158
116464917
118546562
1012566277
116665521
1012567621
1012558290
1012786986
1012379760
116785179
116796782
11870513X
1012558398
130409480
1012786994
1012787001
1012380262
133251802
117084247
118558587
135013747
121925579
116228814
116273097
128704691
119177765
119165643
101228185X
119171805
1012282015
120460882
1012787036
120221810
125524439
116997222
1012787044
116688556
101272039X
108351017
1012787052
123508703
1012787060
118843958
128262346
118737384
118737546
118824481
117550582
1012778681
1012411931
1012575969
1012708411
1012293017
11931729X
127846352
118740989
130453366
101256942X
116266422
130243469
12128526X
119133946
118743848
1012713601
117752924
142014362
118745662
1012776719
1012714586
116704489
130830933
135971039
1012300056
117098574
1012772950
122203844
128822228
118804995
1012787079
118759388
1012787087
118813579
11749612X
1012302806
117752940
119288192
101270842X
1012767353
1012787095
11738481X
118616390
130116580
101277564X
1012787109
11862122X
138119546
117427047
118624466
129437123
119067935
117449466
139806881
1012787117
132268809
1012371573
1012387003
1019490403
107706245
117750050
117727121
1012787125
118635646
118771485
1012387348
119514966
119179105
1012566005
101278701X
116001305
116003367
116003375
1012154084
117760552
1012154513
116287233
1012154653
133570924
101215498X
117763691
11939846X
1012174107
1012174131
118651056
116010576
119241544
1012174409
118657526
1012175111
1012175154
118654144
118508075
10472613X
11865473X
118655027
116117966
1012176428
118509225
116135573
105724580
118510533
116160357
122415191
11618048X
116180765
117603724
128687827
116199938
1012177947
11851184X
116216255
118660721
12242512X
116218215
116219556
1012178544
11866171X
11867305X
1012178811
118808869
1012179303
1012179311
116507896
116817429
1012179834
117143448
1012180638
116540990
1012181650
129729140
1012182088
116050519
118722514
118678361
129850969
118672177
1012183424
133820920
144051494
118928589
1012242927
129870951
118682563
131383051
116434171
11947879X
116484640
116502436
118533118
116587202
1012263703
1012263770
118534459
116643358
116773634
1012264718
116843659
118536893
118536931
11650160X
1012266621
101226663X
118696661
102689172
116807229
118542346
124737552
121668541
101226999X
131732390
116511621
118547003
1012271137
118709518
118547798
118709658
1012271943
118704273
118980076
116904267
116927984
116928115
1012274209
1012274918
1012275191
117063401
118713000
1012276570
118720724
1012277119
118721526
118561065
116174609
1012278530
1012279278
118564633
118715984
118725882
118569074
116769386
116899611
101228428X
1012286010
116805188
1012286436
118581511
117092541
118583417
128587733
1012291618
1012292096
11614288X
11629065X
118597582
1012295575
119305666
116551070
11662289X
127867309
140699511
116765720
116767340
118821873
117111724
11860788X
116818867
1012303101
118609629
116839333
140140611
1012304361
129436526
1012363503
11745267X
136686087
118619462
118813021
118624334
1012368432
1012369684
120117088
117131288
118765787
118629743
120697971
118854585
1012372707
1012372111
11741218X
117375330
117356352
11691601X
118992376
120884283
118649213
118650629
118504991
1012404072
118729667
118506897
1012174905
118653687
143444670
1012404080
116101652
1012176126
1012176169
118655337
1012375722
117588911
118658840
119093480
118660756
128203390
1012179613
12653344X
116742291
1012404099
118517821
1012181626
118523864
116055200
118524607
116137878
118526200
118681311
1012184269
101218465X
116426217
1012242986
116528230
116531444
118817523
129870978
1012404102
116519533
118683624
11923923X
116785969
118537458
116493895
126285640
1012404110
118539701
116698160
118718258
1012404129
116842458
130244589
118543628
117640727
118545809
116511656
119178346
1012271293
11751019X
1012404137
118549464
1012272133
119362821
118550322
1012404145
1012273423
1012273512
118706756
137706642
133486389
1012390721
138716013
118554212
11871144X
118893661
118720619
118720694
11856031X
13849746X
1012278239
119291800
118777483
116251263
1012404161
116331909
118566423
118777971
12635491X
1012404188
119291797
1012397556
118568760
1012404196
119254719
124729061
118727397
118779397
1012404218
118779745
128654465
118817825
131734474
116791896
1012286037
1012404226
118732609
117570370
118585355
117188670
116963174
117054909
118589296
116061456
116166991
116250283
116268387
1012404234
119522357
1012395014
116436506
1012383814
116602759
116675497
1012404242
1012300277
1012301281
118608150
118759590
137749775
118759892
118758578
118610171
118610368
101230356X
118964399
1012304094
1012404277
11903090X
118760505
118858378
117752959
118615998
118616927
118856170
119226162
1012404285
118922874
118621491
117344028
118622064
11735872X
117407291
117427292
124999948
119034956
117428035
118768557
1012404293
119518074
117103896
118770829
11902778X
118766422
118630504
119438909
117414662
123200962
1012404307
1012392775
118636782
132506009
118501569
101240708X
118824457
119091259
116353872
116395028
131731955
116823984
118732137
118812424
118653407
116079991
118507311
116088257
135870216
1012393666
118658085
1012176363
1012407098
116134682
1012176754
116150211
116156147
116164328
116167319
118663518
11619586X
116406682
116401508
116497084
116726407
118525700
1012407101
119555883
118914456
120374021
135730074
120882523
118819860
118529587
116379162
118686402
118686658
135983061
129398748
118692607
117715808
101240711X
116785217
1012407128
118693573
116329165
116411597
119022206
102038015
127186220
116633573
1012389448
1012407136
116866195
118945262
118544241
118701282
1012270440
1012270750
1012271013
116658509
1012407144
1012407152
1012380017
118904779
1012380092
1012393941
1012273822
11928460X
130049557
118555006
1012407160
116024097
118559591
118776614
119003147
116016256
118777076
11615652X
118777475
1012407179
1012280640
1012381226
130508829
117539716
1012407187
116553146
116591552
116631651
116632658
116677619
116644427
128977345
118779346
1012283518
117647969
1012285928
1012286002
131353616
118579304
1012286649
116881046
118733826
116942037
117609560
119365030
133670252
118828959
119513285
1012407195
119430843
1012407209
117593303
118589997
1012292355
140496203
1012294005
119193337
1012407217
11632158X
1012297349
1012407225
116637676
132847051
118750291
1012407233
123084733
1012560058
117463167
11883343X
1012407241
118759906
101240725X
118795384
117007161
117060941
136255914
117472158
118613111
118765132
137889151
117400300
118988735
117485640
117259217
1012407268
11726637X
1012407276
1012386066
118755846
1012366820
117247308
117640778
133789853
127917691
1012407284
117489573
1012369528
1012407292
117118001
118629158
1012370658
119501384
1012371794
12956611X
118632248
117378771
1012372634
118772066
1012407306
117396370
118634569
11901470X
11863495X
102025541
1012407314
1012374971
1012561542
118745921
116021888
1012561550
1012561569
1012174808
1012409767
116089768
118932454
119276194
1012175464
129870218
116110600
11613318X
116144300
1012561577
1012561585
1012561593
119370034
11866204X
116414995
104105100
116497068
1012561607
118669664
116034203
118671820
101272669
1012182622
137373538
122698967
116181796
116219351
118527479
116243163
118681753
116427086
1012561615
1012377717
129909599
11913814X
119437104
116786450
1012561623
118538047
136418716
116478632
118891758
1012561631
101256164X
122375238
118904744
1012561658
116704039
119465302
118540343
140806121
1012267717
11685555X
118542656
1012561666
1012561674
1012561682
1012561690
13033345X
119368277
118701789
116548576
129313351
116657324
116681411
116771720
104359080
1012561704
1012561712
1012561720
1012273156
116918136
1012273830
1012561739
116981024
119462265
133202658
1012561747
117140120
117166332
116127074
116171820
101239302X
119312247
130478873
118724207
124441807
1012280780
1012281078
127368914
116574216
1012561755
143358995
1012561763
11929138X
119311143
117752797
136623069
116948515
117190365
118574531
117187372
1012285391
116689277
1012561771
118782096
1012561798
118731459
117558079
118579630
118581589
1012288684
118733559
129683884
1012561801
101256181X
1012561828
126623341
116333340
1012561836
1012561852
11752140X
1012561860
118600605
1012561879
1012404714
116580135
1012561887
1012297543
1012297608
116622423
116627638
1012561895
116701889
1012299201
142399280
1012408191
117092851
119444941
11860743X
11727223X
1012561909
1012301761
129585386
1012303209
117079375
1012561917
1012305783
1012561925
1012561933
117365394
120913461
1012561941
118616056
117223301
101256195X
1012561968
137655703
1012561976
127877088
117375616
124061168
119116898
118983091
117310212
101778848
1012370089
117170844
117241849
1012561984
118766406
118806548
1012561992
117362654
117362751
117387681
118633635
1012373118
11863562X
101256200X
118636545
119312247
116040114
1012581551
1012764346
1012769070
119371375
118657917
118157817
118509500
1012720381
116147849
1012176967
11866266X
1012769089
118660497
1012769097
116219513
1012769100
116221895
11623721X
1012769690
116747781
118516949
117157589
13743023X
117183784
117144932
116443618
118670751
118908790
119066653
116224304
11625694X
118528610
117497797
1012769747
11750047X
116504412
116585927
116434937
116551984
118534742
12427675X
116839856
1012769763
11644956X
11646612X
1012265633
1012769771
12641792X
119371456
116757264
11670411X
119368048
101276978X
1012267725
118697927
117564273
134233786
116888954
118699814
116360518
11673860X
1012769801
116782730
132819996
117045810
127794786
101227537X
117101281
118711989
130052582
1012412121
116055634
1012769895
116171472
1012556867
120346516
11629373X
116293802
1012280349
120048698
133536386
118715860
116536713
1012770192
116592184
116643781
116648082
116731656
116849878
116875275
116980176
116996862
10410340X
117297984
11906667X
119556928
119067277
1012770249
116803517
117542210
133248070
1012770257
11701365X
117147311
135286956
1012290433
124842941
138043752
117039411
117078972
11709742X
117123528
1012770591
116318406
116419318
11641989X
129413836
116450193
1012770605
116545062
116580011
130519847
118794655
1012300978
118759507
116799943
1012303403
118758942
130557552
1012770621
1019470844
129961701
11738593X
117493295
117201227
101277063X
1012386023
1012405869
117309087
1012770648
118757652
117372374
1012770656
1012770745
133792749
104054964
103148442
130532843
1012565440
1012372006
117380814
118769863
127383697
129747572
116979461
119109441