#FORMAT: BEACON
#TARGET: http://www.historische-kommission-muenchen-editionen.de/beacond/gauss.php?pnd={ID}
#FEED: http://www.historische-kommission-muenchen-editionen.de/beacond/gauss.php?beacon
#MESSAGE: Carl Friedrich Gauss Briefwechsel - Onlineverzeichnis
#INSTITUTION: LMU München
#DESCRIPTION:  http://gauss.gwi.uni-muenchen.de (PND Zuordnung: 266)
#TIMESTAMP: 2013-01-12
#REVISIT: 2013-09-01
104234644|5181
118690817|448
100272428|34
116121971|52
118611593|1399
116471727|246
118554700|46
11882435X|45
11858975X|733
118780042|274
118660985|35
11862976X|91
116474580|165
11855073X|38
117459836|18
116899484|3
100553966|102
117612499|20
120155370|8
118510215|196
118775766|7
118786784|17
102079641|2
116277041|5
116995629|98
119151456|52
116878894|25
116878967|12
117357502|7
172484790|14
120276372|38
116352620|4
116982519|53
116274646|11
116263954|17
118892355|1
119228432|7
119241803|2
116087994|2
11865537X|1
119019930|46
104074116|12
101211104|5
116208503|1
116215372|95
116232897|6
118661256|46
116299762|7
100055427|5
116508132|1
116817569|2
117153249|1
117160636|3
11879972X|4
116725370|22
118523368|1
117622613|1
136189822|11
116057890|2
11852593X|9
117645524|7
116223995|2
104045213|1
118529676|11
100805949|1
10412153X|4
118682857|12
118532154|8
116633565|6
11853601X|3
116825227|7
118689304|1
11646884X|491
119223015|15
118541617|1
118542257|1
119411253|43
116461357|17
117503444|10
10416588X|9
116550279|3
118773607|5
116690380|9
117516465|2
11854943X|1
116739517|3
119506610|4
118703897|18
100356109|1
116994193|3
117030260|3
118554727|3
11924022X|6
116263431|1
116515228|25
116615168|26
116655011|3
118726536|16
104309229|25
11695938X|1
118572741|2
117063193|10
101002149|10
118761439|8
118903217|20
100373267|2
124461379|1
117570419|1
119147114|20
118584693|14
11954153X|3
118585045|4
118585509|10
117107263|1
117114901|2
119160854|1
117686905|2
116051833|12
116053062|8
116060417|1
118790471|18
116108185|1
116140348|21
118598279|1
118831194|1
117522627|9
117522635|9
11644889X|46
116571721|3
116675799|1
11671350X|31
116809639|15
117220205|6
117108278|2
118611518|3
117401951|1
117459666|2
117356638|1
137180969|2
118748769|12
117482560|14
11900755X|11
121167534|1
118988255|22
117383678|8
101247478|5
117254843|7
117439479|2
117680443|1
118803638|26
1035178990|3
118628410|5
119059142|1
100700411|1
120746921|1
118634488|6
119160358|1
102462755|5
11677147X|1
1034717774|7
117401331|4
116924349|24
116352655|38
119214601|2
116040769|1
116041617|1
116062665|2
116069341|1
119059347|1
116148934|1
118510185|2
119440660|6
116522305|1
1015023924|1
118664999|1
117642371|1
11913988X|1
116540087|1
118677578|1
118878913|6
116331992|1
102451109|8
116471913|1
119059452|12
118530925|1
118682849|1
116600020|2
116746599|17
119543729|2
116612835|31
137181183|4
100286097|3
116798432|15
118972375|1
10263629X|1
118841920|1
117012726|7
1034906801|13
133221954|2
118556312|1
116240210|3
120902370|4
12991097X|1
123296137|1
118568698|2
104234059|2
116728701|1
118779249|2
104165057|2
118779877|9
117065986|9
117085405|9
118573691|1
104268298|2
116714697|1
118579347|1
117558702|1
117053449|2
118890220|2
100810853|19
117600989|1
119555352|1
117181641|5
100231144|7
117041858|1
118610937|2
117107204|1
118589717|1
117123544|4
100240445|2
117685798|1
117683523|2
118743171|13
118788183|25
118599372|3
116427957|2
118600869|1
118602608|1
101226721|5
117327077|1
117024090|11
138204756|3
11876196X|7
117459194|2
117444928|1
117339504|1
124974996|1
117216763|7
11733104X|1
117374571|5
117421995|2
117315508|5
117488739|1
134127897|7
11713838X|1
117300292|9
117284246|3
117321125|6
117575046|14
117361399|13
117368644|1
117411655|1
117420638|1
117429813|8
100836526|1
118808184|1
