#FORMAT: BEACON
#PREFIX: http://d-nb.info/gnd/
#VERSION: 0.1
#TARGET: https://weber-gesamtausgabe.de/de/gnd/{ID}
#FEED: http://weber-gesamtausgabe.de/pnd_beacon.txt
#CONTACT: Peter Stadler <stadler [ at ] weber-gesamtausgabe.de>
#INSTITUTION: Carl-Maria-von-Weber-Gesamtausgabe (WeGA)
#DESCRIPTION: Personendatensätze der Carl-Maria-von-Weber-Gesamtausgabe
#TIMESTAMP: 2019-04-05T10:23:56.075Z
139650709
117735728
134459393
120407868
132269783
122986547
117546011
117120251
118824538
130884928
118783181
134907094
116881046
116881011
116876786
1073508455
117741388
104140860
116316616
138396779
104273801
118582038
143880519
118732889
1045249793
103814744
118580485
1076406793
11873430X
1026933331
134579763
11708090X
116956887
119149575
11945324X
116961236
118580728
116460253
138942021
118870874
116881054
13702035X
118917994
133905594
1019961708
11948370X
1052246133
121440362
1043805966
101379803
136806678
1077895062
134462076
157733351
122297229
116880988
101141149
117561193
1055699848
116720530
132174472
116961082
1034934422
10426831X
136187250
118517821
1067102736
118816098
1033264679
1123525714
121067939
119177323
1026657830
121244830
1073671542
117067083
1031195181
1047651068
1069525642
11643290X
123716055
118518569
11930094X
117335614
116481706
119337630
117174521
11907124X
135695538
139775927
100833195
1026274567
116458704
124647839
116458593
118876759
129655910
189548401
135145554
128624280
104114436
118665685
118666584
118675648
103769544
132634732
118665618
11371047X
116923091
118674714
1089753950
1055140298
113029241
102559066
103539040X
119229102
118518011
128842563
118668188
118675109
1076183301
1069526282
119351080
1026309999
116820950
132024519
117156302
105514028X
1055142363
1049945522
116448199
118694146
116323477
116781025
102456049X
1012288811
120760223
133095959
117597287
116221798
142573175
118681818
116407514
117026387
117087718
139109633
1069218219
116790962
120482673
1055273050
118686577
1053063296
10369997X
124122280
136168744
116490853
118785419
118697943
1034287079
132466848
122111508
124651216
10016806X
104004584
134497724
143482297
1028026560
118500694
136543731
1055095969
124366953
119242265
117071579
1071672428
104286865
113709323
118704281
102424853
174057660
142193836
116398728
129462764
131209205
116690402
11884704X
13061744X
100649416
121248186
11743552X
1055209786
104072601
118804375
1069137588
1053278055
1068191619
12256992X
10397184X
129200395
129891886
1024689565
117311189
141143061
133140687
118041878
11746337X
1036744949
118768301
118627287
118768581
116152265
11741462X
118804154
120270692
123600936
104311568
118649485
117398926
123834252
120431238
118572148
103977430
118770322
117478008
119049546
140907459
1053359950
123163234
118767380
117291390
117451053
12226195X
11876912X
127349359
117482145
134546857
138496943
116957212
123075599
117452319
119127709
134544471
134547861
118768255
117291447
103098291
104717863X
1123236143
134591313
116731923
119137305
123973236
113152469
1089921764
11888588X
137135130
104114010
118856774
120947498
1049232313
116220945
139803033
105586196
116469706
104378727
118659413
118674609
1054964815
118795961
1037326857
123881439
116238763
133053911
117621757
119512521
144055805
116775653
121880427
123286484
118674072
119072238
1027302696
1037503872
1139222961
122493443
118660217
1027020410
130123021
133281507
174027699
129604941
134059921
120691124
1036327868
132442086
118515799
1052861334
118513737
1024118061
101042159
123384443
143252038
126111189
123045347
121445372
1082097160
119355272
134971221
116407573
13476692X
132387212
116524812
1026266572
13050002X
117620645
138924341
11713399X
116699043
120984172
116136812
132205866
1125561335
118651471
1020853964
132362473
102375119
119096153
116863838
11850553X
104254165
100755984
117375802
135924499
118851128
118749080
103288312X
13192933X
1028377924
142715794
116040505
121675734
116540494
117396664
1073377296
118864815
13591647X
11874612X
118505548
118505521
118656864
1059507544
119060590
118503952
116316608
1031546774
117307831
13621309X
130841099
11630880X
11689041X
11857938X
104360119
119531569
11879471X
1037000714
134737822
137198663
102909439X
104150793
118780042
130325562
118540505
131886738
116267771
118760467
118697277
102552185
118621769
117327077
118698753
116231661
101973700X
116689226
117336289
116736151
118549316
118585274
116317094
132425831
116032723
100805949
101721986
14142060X
118793381
116881100
119167972
118940139
118516051
133698416
118725815
116884908
117483478
116753773
124300251
138159963
12945351X
132033259
121408000
1023664070
117377538
118628674
118727699
116107898
11620057X
118584138
117029408
116346035
103805850
119203588
118554727
118620193
100497756
123431891
136261760
118534483
119508036
104224401
119392976
120210347
117512419
128079673
11656377X
116832223
117027014
1045710539
11703018X
1050416007
117277177
1017103852
117315516
143605550
118849921
11935263X
1050991230
100017045
116193220
118781421
116314850
101423004
129143030
1043394079
104235012
116014768
104311665
100599672
116995696
118639242
1046289578
11716643X
1025122534
118558404
117353981
135495156
134677307
132828065
117400513
129891843
11862119X
118620878
128423889
113358733
100597289
117394122
118620088
134571223
120333422
117301116
11734852X
117197319
117391301
117359602
124765556
11739131X
13639728X
12247869X
117197068
131358685
117421227
130617962
103891986
119238098
119115530
1113681047
117274852
117392359
117355275
120763168
134708008
134537734
134540387
134681355
13453493X
135927064
124762603
1016630956
122997727
1042800758
1012101053
1031617787
13453736X
173019633
118799517
118620185
118802550
117341428
11729781X
1056767928
138406464
117201731
11536014X
172414474
120211874
1036716864
119399253
121827631
117195898
117375268
100624944
1129818373
118061305
132686430
108989368X
174065728
108990780X
102104387
133377105
1025374983
14061785X
1089574975
118540246
104206829
104011599
116332662
102199612
118631748
134557069
119105063
117582115
119399857
117581658
129798282
120494655
117320617
12483342X
14185880X
140127364
172458250
117334596
119362406
120671719
137998155
118807633
117580724
117411051
100704018
117333840
131687727
117305480
1114418234
102282099
132518694
117422959
140853898
1072860368
102453314
102546827
118632825
123473918
134554442
1027477445
118767038
118633902
102341435
132626330
117395188
118632884
101382952
115606513
130249912
132425084
1022247212
118644386
1019730250
118733141
116222433
118696823
121129462
118540084
134892496
119209349
130019488
121346498
104201088
138334501
115548807
10046517X
137547943
118632477
117059560
132771632
11851850X
118670689
118540939
117243388
142204412
118518399
116048638
118597523
118572121
119211505
11698595X
116616261
130609846
118784846
1034210661
118520490
116088516
117251046
119323915
101138601
124621546
116819537
115670475
1013451864
1069399035
117128929
117462721
135744806
12917498X
1017766991
132606100
142627909
122801083
172314798
106587404
116791918
104045140
117462535
116234776
117423459
117217204
111386322
108355241
102459355X
110406060
108162737
116083441
136548024
12946130X
116993871
124332498
131859358
136006043
121259714
116867787
116118458
107800179
118931474
118724223
11801448X
124381332
118628038
116070803
124419798
118581465
118796348
116235594
118646540
10031998X
1033529524
116718234
116471751
118646532
118724169
119000008
124431313
134645626
129291765
116108886
119348314
118558161
118548174
118601261
137401736
134756908
118745441
116574895
135098157
116397500
14234110X
117163902
138074488
104228822
116235160
118904299
1012457451
1052857027
136534112
119396289
118730770
118992333
1032151226
1036892247
1053427077
117450995
117437190
116581646
116258934
118852027
13095778X
117229563
137574886
120687615
100540619
122607120
11852836X
119009048
116333278
100790305
116408936
136325203
121137473
102606841X
117056383
136547222
116489227
116586346
131575872
136093175
116194472
142009563
116584408
129479616
141628758
117068098
116425415
116473843
1036889661
117288195
104063009
118956531
11614968X
11658436X
118688634
118686763
116332603
100695388
133823407
123730872
116379766
116322349
116222964
116574933
122414721
132046601
116471875
116587008
119264897
142081701
117759147
135990300
11773313X
131555391
1012295419
1036805824
123214181
118529714
1043720979
118685899
116329475
135744695
12097570X
116557435
116436077
1073445135
117731609
116256931
104565549X
1074234936
123054362
118680552
130248746
116253657
131575864
100121578
11911044X
116587113
130146870
117218227
118579428
141423935
116715081
123050898
117148180
118529919
100807348
116688912
11933075X
115872345
119131307
116730137
11683420X
118732374
118574884
136690696
133663566
120220644
11878210X
1076012329
119174561
119065290
118586416
122872436
1089512023
118921088
104225297
118578995
119396580
116730412
100820557
104177624
116975261
117332062
132639092
116727535
11678167X
118731386
132356716
118729225
140852611
120004879
11941077X
138609098
101779202X
116891033
118939874
117300772
106470509X
100173217
138344361
103922296
118910094
14085584X
124751946
122834771
104140674
139363378
100159680
104304219
122144651
118729446
119446715
119259737
11688830X
118540238
130591246
116908327
116542020
116731761
116857056
118717170
116649666
11665810X
118686747
11686625X
118896156
129486124
118690728
116666390
116592036
1073606325
116592079
116539941
137434421
136291732
1048595595
105337285
117219770
140137491
118690450
122844343
104234520
1018977120
10419345X
102522359
116542063
117558850
118699075
118542079
136480411
1021278440
118538810
1046599224
140233547
116908343
118891464
116589256
116809299
137302851
116323876
130590762
11680906X
128553170
121083683
119380765
118695916
1038112001
118539841
116540079
18953351X
116589205
136480446
118542192
116564741
137741189
104345616
173087124
138270864
116019220
12946581X
117597295
1041963602
1089634196
142302104
116653744
136187315
14129860X
118562185
118562347
1127070223
119262878
118560107
103778802
133905810
1014525810
118951319
129393436
116175591
116172169
116094443
118545124
134421477
118640003
124069134
1053051905
122513975
117749540
118501860
124545424
103994416
116031522
118559575
133355292
1073384160
1026798485
123823420
116024232
130038598
118925059
123094178
118722239
1048700488
1125146516
119054825
118800639
117222534
121322408
11621046X
118560999
116012218
118721941
106265790X
116196556
118560115
115431039
13907158X
133929280
1029895171
134971175
1031232508
118558390
11614517X
106368060
124623778
119544792
116094486
123210178
119500264
139940618
11616056X
116032529
129894311
142072443
118598988
116431814
116289929
119523884
116305541
116317396
131910329
1030295352
116857374
134795121
104038187
123816793
13633430X
10286425X
121445534
131552694
11643273X
124607950
119059622
116023236
118749285
1032884347
117526908
119091852
116397594
10422617X
119288567
119388936
116391901
103283757
11890874X
120849615
140318224
121607488
117326097
118598090
12998776X
116319011
1052447813
118597671
118550152
116364793
132281511
116510072
116322160
115690387
11874383X
134720873
118596829
117147443
116620153
118749331
118898191
116509422
100069983
101581742
131781162
1034495682
119131668
118742973
118747975
135318394
134848462
135447445
1019456337
129485209
119414082
104044802
117035769
141505133
116682418
119301199
118935011
116851457
121387038
124437893
102411271
124263488
122844653
104173416
10403128X
104086475
1089813155
103915877
130017493
123098777
118865900
118573381
118572237
100610226
134945239
134706439
123381843
119160048
1091218315
104268034
1034296698
118626167
103434868X
1076135331
116910054
11741154X
134442512
1037496515
124032532
116766301
1049712595
118780220
103977937
1128666189
118827472
122005961
12947634X
124708692
117003689
1052113826
134698525
1034063480
123333687
136671586
116563311
124790569
104222867
118752715
101488769
124505937
135851556
116471913
142314684
136429319
118766384
116256982
119448009
116498889
110562399
10496748X
124815014
131977318
104022094
120884895
1052510841
118973614
135697840
118549006
118647652
130655732
137912560
116028203
1044301910
117356999
117746371
117165190
120474239
117731323
133463249
1033516244
143805517
117492175
116824670
1030594368
118890220
100510671
117481718
12108759X
116309105
116650788
1024672263
105357343X
118792431
121365131
102851379
142314498
124179665
118617583
11865103X
11739632X
129009652
117165069
133113817
118593021
123207533
1050420543
119481464
119425378
138230838
103866469
131556835
119354438
116336382
11730767X
116429682
122171403
119255944
118577891
116515368
136261698
116150335
137634102
104137746
1073163792
138619107
133659852
1011645971
103722941X
117048984
117440302
117246077
104173793
118696211
116037881
116598271
11737606X
127686576
116664134
120258641
118563343
116733888
132670569
11877638X
117495255
130840653
117330132
115706836
119529009
117446408
118518860
130841048
116368853
141495650
118592858
100439675
117592757
116299347
12020620X
117173266
153121556
1030374503
1069219452
100240488
117761060
1012703428
122990226
122058445
117673862
100845908
11910704X
137923651
117112984
116194022
100499635
104274212
117721638
116256990
116872373
1012264130
102208247
135294681
109504933
1017691703
1020227702
102164711
118555855
1018729577
1012368904
118507206
141504838
124535208
123839491
11617949X
118612425
118545426
141654295
142302198
118549448
133576582
123838037
1014359422
116094214
136456170
138347530
117646709
118610708
1037504631
117117110
117033634
102533490
117247146
128480343
135014905
1071962523
118795651
117360961
1046301829
117141054
133014312
117060879
118552589
117321826
119020238
117072435
11710891X
131505785
1036885801
138215782
117294527
1052839452
118835718
119306670
118611666
13182807X
117192546
117192112
1037502973
1057942375
120451026
123852374
1056075678
116864982
1089784058
1056834153
123840341
116780711
116923571
137050402
136842119
127718702
133590968
116848901
100895484
135766540
132323621
1074004027
1030134146
116902299
120267659
138216282
123112400
103928774
116848758
117132926
118542648
120583410
11861116X
120729237
113910436
121539830
116852976
116581530
119267632
1051524199
129351105
118519255
118590421
136334032
14003563X
121872513
117243310
116039191
1048541835
11615120X
124864260
11860354X
118528386
116233230
1012968618
128943769
1012268489
1104959755
115363688
116730072
136160433
1015770878
133823075
1057739669
11602321X
118735896
101372531X
1026867614
118538322
136725147
138597073
117519901
116575301
101464525
117425214
130148490
130928933
118671855
118680129
112862883X
130150630
118678043
118746359
11938700X
118681524
116239077
1052852467
11610032X
116347015
117101680
1046847368
119659808
118688030
100462073
129185434
121624404
141112654
1061163660
13458645X
118681508
13204479X
116174919
135729904
102463077
118526731
142342513
1077339321
116159421
127183396
115807462
116222921
117271454
118528688
105514255X
116095628
130136247
1021946206
116178221
134036247
120538733
116297506
119216132
118527894
12946435X
126125996
102419965
119368706
118529226
130014737
101361769
1041616031
118525697
118680412
123906970
115484167
12982111X
115677178
135705150
137998899
141419571
118901753
120379074
116312335
138356009
117007811
1052851037
141501057
1042476896
1059632799
1013722647
137238045
11683515X
118724347
136672760
1042564906
117447455
133113892
117426954
118554514
119263475
117298611
1043651365
134128141
100696309
1089263325
119499231
1014827442
104005580
132419858
137473788
118773267
123691958
1074843223
122493699
117120081
13083856X
121649237
1073396274
118630369
11898599X
104296682
123961602
11721857X
134548809
118996525
117475165
119189275
132688794
119009838
130159409
134855884
130841161
128518804
124580939
117091235
104057440
128775432
100681751
117276995
104654058
115667199
13455423X
1027189814
121044661
133928977
124827721
137347936
117131407
117116165
118835750
124253393
134920643
117141712
134785096
118628666
119003791
11882581X
118764187
1117595757
134553322
124096824
1041727135
117276642
109474678
136114776
11851251X
117380334
118832433
131855174
11117564X
131462636
116760206
120971194
116402091
1019750065
122016416
136000703
116257946
130450731
134412222
131605186
117027162
118791036
121245845
115814183
103902147
120023482
116033282
129587087
1026018137
119001314
116398787
118509322
112794300
118627546
117369543
11725360X
117086975
118629662
117086940
132392984
130840815
1019151951
130841013
130175161
118627813
103131876
132203006
1144508517
117636738
119429829
127995625
117242969
118806157
119019264
117240788
138024553
117158542
130841080
117464406
133461440
139625143
117155713
118627929
117311154
1068389397
132318210
103755132X
104023899
128988444
117157678
139097422
117102857
118855034
136283470
118571656
117447579
129648329
117096261
100470106
118768964
118627910
1032896930
118643231
119515903
117314668
117369470
134081978
118522582
122361261
118625543
118770616
12785553X
1071672665
116443677
123581346
123802938
1031568433
118551256
122618246
1034852787
1074664167
138483167
118715518
104667982
117502359
137633343
133672727
102285977
118778994
1055187413
135165784
1073428931
103343164
1012305996
11723155X
116284412
117404470
118924133
118772597
117281816
119317826
17403654X
116599936
1015661297
136141293
133967778
101375611
100057306
124876358
116970731
1038745918
123256445
118584375
118570269
140648968
1012159396
118626523
118609815
116894644
134774639
12400489X
101668066
116631791
122296885
106830996
103928898
121186512
142744964
118684302
117478202
116106212
139095381
104136391
133663264
117743615
104206780
117460087
138676798
118938533
10218206X
116136197
117464392
11747617X
118617818
1020251131
138225095
123721032
133667642
117260711
132511568
139321292
117508594
11746483X
102200009
121622886
1036758699
118616366
118797999
117240044
102533784
118616374
117486175
118613219
117472107
118617451
134064658
116718854
13220763X
117428612
119118300
118856138
118839853
139587853
117400890
117491055
1077915551
129252301
137697961
142301531
133601226
116949031
118613723
118616846
142437638
115843477
118617273
104091657
118613480
100562507
104332042
1081205946
117472484
11875243X
117398810
11537874X
118895923
130248789
118604953
117015245
118596608
117027006
116514426
117045098
100094546
129135992
117338370
119424940
1046950363
118725947
130664480
116450037
137076304
118793241
117061409
123594219
117061441
116622113
135905443
11857826X
117144398
117310719
118576291
135925460
136106358
116094257
116956739
116671742
1036997022
1067476210
122210999
13834907X
116985070
100172164
1046666134
116305630
119408163
160282489
116768703
1077453132
105763004
116314338
118659170
1038489601
136139078
11748346X
100818684
134592522
115529519
12376372X
118706187
107137291
119060922
118553771
12396668X
118704133
116806494
134405897
116922346
118519719
116962305
11870477X
1034904337
11877459X
127764879
118706055
1011617501
116962364
116155361
120734303
118780743
137600690
137125348
11695776X
131457152
116917717
118978284
100863388
10399825X
142081663
11678735X
134405242
134790693
1031935606
116898348
118832824
118951688
116803630
116778806
134407407
12461261X
137582595
115729631
119291029
100358543
121433986
116897899
123885361
135567416
1056140488
129355291
121426106
118550330
118553356
137595395
120309823
125152248
116784466
118980009
138941815
115440658
117187941
130636568
1077852908
101381727
173134416
1037550536
116587474
115599770
11705822X
116556285
116552336
103124861
129846147
123667666
11663393X
118715941
116607157
118567934
100202349
116559810
135255260
116592109
12144533X
122840216
141239824
130635758
119220814
135446104
123857775
118724428
189557176
124019668
1051903955
116644095
101380151
130635642
129117056
123281954
116588268
130635812
136586953
133791548
118568256
1130793818
116447087
100773621
103913661
118898809
13443580X
116389346
134434706
134658841
116379987
136511090
103789391
123540682
100833136
116210680
117324434
1035138441
117220388
104117796
118759817
1089744277
117506095
118012355
11860953X
13700558X
117501816
1055685553
121623475
138151938
129218839
118754394
118620916
117269956
11860841X
118607103
139565612
125819633
119431246
139386378
134513827
117271977
124095739
134511182
118607669
118973967
117231290
138248427
129701408
116837217
100876412
141665289
122728165
116815825
119552418
117514608
129712671
131683691
10785869X
116521457
1036767930
122081250
173080537
121488578
118609300
1055485864
119414007
115399798
142011479
139287876
116836857
120430398
118754688
119022125
117326720
117222496
118759965
130089060
116829303
117457035
118754408
134512545
13014505X
1089840241
129988863
116360046
116599030
116230797
116576103
130187135
131551779
104010622
138414335
118698508
102411034
11667878X
11654077X
136137628
116894105
135008220
157503801
117385123
11625257X
100465692
116490845
118917447
1051615623
118848895
101363311
118829130
119309025
130273449
116511257
17215054X
130605506
100158463
116515015
11896979X
1050904990
116911328
124269273
1119808200
12105862X
12162692X
138600236
117066052
119138689
134635280
123505364
136804039
134734815
116387874
116061189
173888232
1014220548
101379773
132293412
116498137
134656903
134867300
11854327X
115549331
13439822X
140305491
1141107082
1055140980
135388929
116503068
103970754
116498129
121266532
1024924408
121249735
11636906X
134778065
123879205
124206921
104051221
116521015
136154530
116422408
104378697
116507497
129766054
117550175
117022624
1050461177
122955242
136803881
116555467
118725343
116520655
116344512
122651634
1057769851
117237957
116001593
117174602
118574892
1046930524
131485040
100063934
117381713
117103136
136195474
142594350
128564776
117022667
144055465
116479612
117327433
102166587
14352609X
128423749
117596205
1041648847
118566342
116261773
117021938
116287322
141831774
102411182
118637266
118550292
118697773
11703908X
118614576
128739436
117360503
122719158
118626876
116498498
117369551
116511869
117395684
118961446
11854490X
11723589X
117388483
116757086
118621874
117471984
117262463
118700103
135925118
117658316
115359885
116843217
117399477
117247618
119512726
117311634
11853811X
118773852
118547445
118933876
116658339
117363855
117257354
118557769
117416460
116511850
118594117
117429589
118903861
117357103
118540963
118625063
119351641
117286613
14353310X
118808346
116808446
117452963
117346748
1055466002
117346373
139011064
118618156
117231657
116847220
118545825
118634771
117333905
118546600
118690485
11653978X
118548018
119057077
115383344
105244024X
1012279189
104286636
11638686X
128083859
103972196
134171632
136334490
116295198
116341564
116264519
13390637X
116285036
124411037
130638595
116288310
119438674
103979182
1021102059
1036525147
119312700
1067537589
116331631
118993852
119732769
130928968
13632553X
118574213
123293839
118723863
134429397
116228547
128368349
1037516028
111842875
116389060
116338288
118777602
116274352
107166221X
128409355
1056131020
107519704
12937749X
128936789
103733003X
116297182
121387135
1056083875
116236450
116338334
103784497
1077876505
137571135
121897974
136970761
132206951
11659294X
129478644
139193766
116141395
1037360907
104033088
131482785
117245402
117721514
129655031
11609396X
120897334
116584017
1026820251
104160071
133729702
133384683
11690075X
118614339
117395412
117167444
103139544X
1053300085
121485838
118642545
118563076
116849959
130170100
11890616X
133823253
132390299
118612271
130249424
116858591
133045382
1078039402
116979704
110684311
136547893
118531522
116909161
118579371
119011190
104125489
118575236
116163712
104165707
117521523
120974770
117611255
116469196
133193934
100794548
117444154
131412000
118552805
117123560
115437371
116760079
116009802
140495053
118921584
1077499981
116778830
1082562483
13606244X
102109109
119434784
1013799119
104075813
116611650
126087482
117235288
132532042
116603054
128572906
1046756982
117269891
103847189
1011852608
103970649
130841137
116480289
116212780
119512297
138689644
100018343
124943888
135754968
1089808712
118638602
1027178944
116315318
109813855
115400206
118648659
128686138
128964790
11850245X
10244921X
117764787
1055183213
118505084
118504134
118965964
118645447
103972390
118995022
100936881
118648268
132734982
118644300
132299399
127072373
108138054
1054450633
11911139X
102509654
116295260
128348674
104325453
134691903
1065928688
123996457
131595350
118647814
119612968
118501690
1071907654
128866160
118648748
118501550
118501070
116315806
133342956
121418952
118650386
115756183
118829173
133333892
116299053
1035791161
12929327X
119193132
118505491
11864839X
107253461
11851136X
1055193782
141359447
134379128
120555794
134770870
118689223
11900853X
1025349504
1025719913
116450088
11649591X
124377599
116565292
118690655
1025289595
135341787
13761456X
1055978372
119285452
134382153
104101024
118694405
118766325
118538659
116422238
129627216
118536249
120032589
100286208
128578297
116327642
128758430
102532907
13477647X
100483542
1018486011
122369718
1034113550
119164035
12159176X
118694162
14235645X
116871733
118694375
118005626
137611536
119167239
1043633596
129038938
136029035
137459556
118689061
118717146
130658081
132181525
1030190046
118690965
104088117
134742710
124947239
137523785
11659554X
128424540
13645979X
116494476
1142011747
123257980
13438475X
116391448
100545580
11853601X
12438272X
135965179
117006777
104018593
135729300
119196190
116793368
116303093
130579181
118660063
117391018
136194575
116119756
119205173
118613642
174063725
113299451
14242823X
132590913
1036857441
116035633
143883364
137717725
116403527
116791810
1070186821
118809539
116859628
116152214
129473669
13346170X
117181250
117413135
117581364
143061003
135697891
13909542X
116179198
103944419
139683658
104950674X
1042684235
14338578X
128675756
118572741
118622358
116047917
130114030
131403958
117194891
133650693
116638109
116572922
117327441
119466910
1071099329
183611721
117226157
118602985
1036988473
103646783X
1066707707
1016453817
1047777304
1037324803
105546476X
118603426
139567038
117273783
116675799
1035134780
137893396
117598410
17408420X
118607782
116609168
11732633X
117502073
116637773
116625155
135898560
119304805
116627069
118607057
118750909
138103526
107857677
1073952894
117093467
116665920
116707801
118607626
12239657X
117222828
1107196477
138141177
117323500
117275581
102989633X
11667072X
115630988
1012300641
116628243
103941304
138141118
11860757X
118608096
136337201
11710292X
122244982
1025837444
118794558
138130604
100329632
116708832
1048343286
117093165
117102067
118749595
119007576
121301435
11861598X
119840685
117460184
118534262
117245666
118500651
120761866
102450266X
123922887
117495999
1019704578
116979682
117493236
139992189
117240869
127944710
118751867
129084964
101365470
117245674
1057895741
117206407
123624878
118798561
1049228197
118618458
117456829
118753010
1012366537
118616382
1036424154
121120791
134625609
124600050
1030251762
113262841
118752618
117477958
117509450
140976000
118917331
117484458
129478873
11721616X
1031444947
118823078
117261602
135083826
122626370
118619004
119020777
1030018472
134691962
104251727
135019648
124398499
117493155
117477125
119369958
118751875
11722877X
117306010
126963665
118890883
1114926000
1041733658
100975127
1027596509
119542269
136023053
122328280
130622036
11949924X
102109117
118533908
116790113
117267457
1029383782
104115319
116560193
119463288
116796863
117737208
142157244
11853596X
11674779X
124684580
122954475
123545269
122203313
116601086
116797673
1049537688
118505092
121199398
132176408
1015906435
117513318
118809962
128551801
112228859X
132337533
134110358
121900274
134376854
128957859
130240613
135582229
138561850
123647606
11891958X
119007592
116805153
118703102
129464929
116787074
118703226
132486881
128605049
118910671
118687301
123841844
131942522
11869250X
118693441
118535978
118896229
1033882399
118535129
118691805
116663197
141946024
12935757X
118534955
133662454
116667702
117427659
11755524X
11867692X
124869300
132426455
116286342
101533170X
1069212245
121588386
117588431
1035380668
116680520
123511615
11911643X
123079098
117395919
119307421
143058045
101226503X
101054440
117027049
116342439
118580949
116636602
131831402
1026115191
118689339
117368857
117410497
1012268470
116263989
103988327
11875212X
118963813
1047595222
118979582
118553526
116738162
134615417
104323159
119150263
1073934446
11859964X
1025278348
118930583
112872344
118599712
126029687
140103325
136139639
100100236
1032137622
117595799
131461869
116984511
1102176702
121540243
116225653
108774740
123649234
14225942X
117458201
116989599
101374399
118636596
117012599
143659332
117441031
130954357
117458600
124998372
118731890
11877137X
132588196
117052248
117602647
141432683
118637479
116978759
117080128
118878247
117449989
120811588
116988282
117441511
120747316
118808370
118636316
11883990X
118772147
135911788
11863495X
12430480X
11863707X
1089812876
103750495X
118860372
130469793
1056007702
134566009
104379302X
132104830
135436400
100713629
123426391
1125905379
124503888
131557262
118808494
1077217218
1042213054
1028080158
104005432
117347191
10137979X
1037500628
100848915
119559455
116716460
117739294
1051149649
116797126
118554751
118707280
116738529
101054246
115430229
129461288
118706640
11940124X
1012712176
129431060
118552465
129474231
116700289
140826726
119267659
118980025
132283662
118551124
137603126
116744545
100844901
118774778
100563880
119154951
1028434065
1048536742
116760931
11694305X
116790903
117197629
119538121
100608361
116008636
116969040
1073374289
137600046
116952431
119265737
116700785
130117714
134960483
1026300568
136536298
116991739
116070625
104021454
11868521X
134674049
139814388
116410051
104319321
1047869411
116574712
116652357
174046073
128518707
11072433X
135684986
134371151
1056158514
11868499X
116409746
133354334
126180342
119234114
11868518X
123361761
132402130
118746405
118686593
119444933
130366633
128893486
1109801890
134844327
137318073
129464694
174044623
122155572
119116510
1089838069
100804500
101311974
116541296
104175931
11872262X
1084352923
123336627
102308888
104113634
1089825773
134368142
11648666X
122345541
11868292X
1058047701
12302000X
136014852
105794307X
118685414
12148582X
11643788X
120107112
118686356
124670504
135158133
116058870
116447710
102455244
100119662
135170206
132297043
118896628
120468670
119120674
118684663
124015875
116425725
1137649615
121445437
116879815
100848842
11645041X
118556126
118574469
142917842
131605062
118615688
1033469424
135556546
116051760
103108572
100232000
117044237
121463516
123993393
134672275
118622897
118531395
118549855
116720964
118520814
119059800
133610012
119309912
118779141
101012365
122635388
100054315
100308023
14012683X
118668153
117196061
142807486
117188921
117096091
1026349575
116657979
11868468X
104227737
118640445
119052636
1032262583
119118602
116036877
123035767
118660764
117462608
118512978
102499020
118508288
11612363X
118115073
120150697
131462938
1050651480
116205814
116163127
116199962
1023591979
116221054
116209429
136959660
116150254
1079275835
116101849
116160314
11613481X
119127601
143906437
116208074
11897307X
128931930
118095102
116120800
116207523
119047365
116208716
1034489860
116233214
116119985
1032615583
116107650
130803839
1033970972
130840246
116120355
116591358
116149698
103869948
118511882
116148500
13235554X
10427719X
116195398
118657887
116194863
116114819
116155582
13848676X
131346954
123042844
1012176398
134129210
116155485
116148527
119474735
118510347
118508008
116208503
1028426135
118824775
118655329
118510169
10223244X
116112425
118520040
129898112
117360198
118530488
116541350
118520539
118522213
117742589
10247575X
116614382
116395273
116103205
119455668
117768375
117749176
116097701
1015138306
119059231
11852786X
118504185
116749253
118523368
119020742
116584645
11907074X
118618784
118841963
118702955
118664638
116815256
118507400
118511343
102199191
116056894
11639529X
118810898
117145173
116055448
1153565455
116056908
118767089
118913840
116850310
118511645
11773618X
11651387X
116749296
116325925
118565273
117505900
11654127X
118529390
119388057
139800786
118532693
101057903
118535315
118650130
116217820
116182776
131575910
120367246
119000121
118650890
122932420
117109525
116316829
100289614
101845098X
101460996
124683029
136803504
119372843
118846922
136913490
118657585
116001062
116056363
11601198X
1052620140
119286335
117000671
104345519
124288197
118917382
116036842
118504177
117764310
129459658
122364821
123411173
130068225
118646192
131686429
1012367649
116315865
118868306
116080272
11606840X
11850505X
100418449
130068241
116312610
116012048
100026826
104309040
100011152
102835047
136910289
141311649
116014180
116349891
130579777
118505505
135718805
119560038
119333449
128477091
116050438
116331674
118501704
118739670
129273813
141420162
100803997
11955111X
121720721
135429714
117144177
134475550
117170186
118979973
13988551X
11893094X
118805754
118785990
117072931
104156198
118818686
118590111
119525461
114307274X
118738623
103983783
1019108525
1089844883
117002178
120296322
11873475X
130261564
104366508
118880497
119514737
118590510
117054844
104206969
1071239635
135230632
118789791
119456613
117039977
116060514
120913534
116128143
132386917
119317133
10413660X
11703407X
12463561X
119368692
11864064X
123877628
119320479
118587404
118841009
11707988X
137664737
116545941
1051781116
119035111
131640127
104163062
142662747
120059525
122044916
13447967X
1073348474
1020723955
127291148
1019587172
116480262
116834633
118777831
116864656
118634712
119123878
11856448X
12835240X
118968696
118556312
118543768
1017178410
118560093
139593810
118779524
129486523
116726466
135278155
176980792
137375484
13335914X
1037031652
138368740
133885887
124812058
118798146
116704233
136266231
115344985
123931002
102217955
117039926
100470637
119148668
117363367
119079445
117227617
118740008
100766927
13361915X
130254134
120254476
116998237
116797487
117083682
118595245
135904579
116596597
137901038
119149397
118771760
1041637667
1072153424
121826104
118678809
11873721X
119265001
1055182446
121390985
118584588
118735128
124033652
1034434942
118738550
118583700
115433651
117604739
117588288
129261750
121114155
118586688
117608092
103879129
117208450
11691582X
1037498615
11867286X
124180027
100234526
1047330725
118586777
103980202
11906362X
116879696
118735020
134471253
119233665
134803892
119443880
118974408
172280788
121674223
118737643
119176653
116513772
127028137
118737082
120729180
119368722
1045264571
117071099
116942088
1054107572
116942037
1047331136
128881534
130631523
118735144
122325176
118585045
117596302
130167266
116936991
117321613
118612409
116824948
1043054707
133916812
116799293
117160245
117246603
138179654
118610813
124096816
11940818X
13818688X
118610961
104122021
13816729X
118762494
117506575
1014242851
116829397
119244616
103118187
104245565
118610473
116799935
119503700
135926750
103134573
174032102
142617962
137108567
117410969
11681859X
104321695
1025533496
131998358
117317799
129094692
104325011
119368579
119056569
117282022
139578161
137825951
103946292
117167363
118761889
118610031
117108189
12337166X
117140023
119059614
117184683
100400159
1013654129
11684938X
119322366
1015710549
143744135
116855908
1029371636
128781181
118587668
117337455
130237264
136611826
126428956
115663916
115664823
1020508957
10110555X
136503276
116021756
1035179288
100844979
136536395
115752870
120440067
118630229
135112370
102199175
104307196
117764086
118504347
118501852
131670794
116131810
117441651
11864758X
116311118
118506358
118610953
117572098
116080256
104197382
117151882
102499322
119223295
119285533
118504118
118858335
113666691
118645110
119267640
100419224
1037136780
117357030
11945601X
117393312
117409030
120021285
135436583
117417718
129487457
117382574
138806136
117353280
118908618
117312118
117691852
131973053
119214229
11875808X
124757898
120203359
1046147994
116485779
117265608
117363391
11879941X
1042470030
11731711X
113717091
117197459
117253006
130067229
123714222
11731742X
1037553608
136365833
118904418
117374660
117350176
13197629X
12989432X
118837877
117381705
118681451
11729392X
11740697X
118624539
119010003
117264776
11740442X
131972979
131973177
117197343
100802656
117313165
117373435
137706359
117359211
101105592
11892737X
118503111
134616618
135517362
142579254
121349306
116697164
125428200
117366021
117749532
117099821
10232235X
103973540
116707038
1032138068
118605976
124974120
102834180
116675594
135483131
119183315
135443660
116711663
11678041X
119384000
1053394128
116711728
104206896
122099052
133048322
117193526
104142197
116675810
117193488
116723750
128688106
116804831
104304464
128479957
103214047X
122254678
118606360
118812688
118804952
118908138
116725249
119037696
118604597
129014893
12854743X
1051155223
115666494
123641683
100562868
1037561201
118754319
116671955
120633728
101453124
1037137981
116291346
116579927
118599100
118931482
11627865X
1014490359
119344769
11860094X
116551313
104318759
116291494
116544716
103781315
13461660X
128987308
132535122
100763871
116576170
105048553X
116368403
116435992
173890245
116264721
100317960
116314915
13974939X
119168596
116336730
116543205
118744453
116374594
118597914
115548149
100540074
116415878
116572698
118601644
118929321
123611873
119531224
120138999
104091509
100322689
116423218
118788183
116323639
1012175294
118743627
116419784
100625320
118745301
131801066
100385702
116549165
117084816
136193773
135707439
129486140
129475084
117058750
119072858
136991092
11712687X
116180226
102479844
13771775X
118983849
116193212
118712322
116044578
1067410368
1055140581
116030534
116044640
117201758
120815893
118557432
118721313
138716102
117085316
136423396
119333473
136285848
119356392
11871290X
1012275701
121437604
129402419
103943188
132180189
116126566
14277460X
116126574
113667213
118555324
136186491
118560697
116927755
118560166
104182172
118628097
119189747
118550675
116038829
11705867X
1075765161
116073829
137716400
128678097
118559559
132180065
118723049
104295511
116883022
124982409
124270859
116066164
118551981
118581309
137396791
118776223
11855333X
118565915
116294094
116198796
118550470
118554700
11701608X
116959827
118556657
118562258
116968427
11857647X
116899344
117081523
103922253
118587773
118580779
118588893
116881151
118575449
101244371
117602477
118737627
116995351
118780026
118553569
118571508
11628904X
118715143
124378706
118555553
117084387
118573527
118511084
117575364
117145033
1049475240
117551406
143276786
118583107
117001333
119430606
137569718
116074701
118588079
118582607
117296880
117170399
118628232
118704931
117080330
118784714
117596981
118561871
11948756X
1019761113
117139947
1019755229
118600877
1089330545
135895588
134590023
134497945
138552975
115532269
1026951860
11666245X
119365324
121041042
104318104
116608943
116598263
118600966
124277837
101788622
119300435
135294835
116600098
118745425
118749838
104251514
119147033
118749811
1135804745
116545526
12946094X
118600850
116730811
100870228
128507543
139660828
139892974
138334226
124870619
111863007
116534060
118626175
133318052
119431343
133758087
116543671
116570881
119085003
1069655368
115373802
127323961
1089886098
119127652
121262847
133022935
124277497
116545631
116579420
118601148
122433998
104722282
116545933
116625724
116637838
104241160
134825225
104300520X
132171104
10086645X
103978887
132408465
135319609
118707701
139310851
1036757730
129975605
135203023
1067298835
118708236
11877624X
119404257
101312628
136256481
116878355
121574296
136203884
118712357
115676066
1089815026
119162229
118708570
117077801
134410815
129024961
124941788
118775774
1070828688
116994193
12483843X
103905480
104301859X
11855476X
132980525
130649325
118554840
117212822
10043746X
103927573
119716097
116881119
1043006362
100820042
1021135321
118712926
134414543
117045675
117012017
102104395
119258021
117045063
128778458
118708317
1043018352
118553909
1037537815
117029637
134161270
123393116
139478299
131602055
11855588X
135745721
122720466
11917099X
118593005
116995408
139219129
121572005
119322404
117058955
11620320X
128642866
139167862
119010097
12115873X
11775031X
1076087221
138493693
100506054
121154556
118592912
11954265X
116984384
118822756
118592955
118937367
105758183
116261277
118742361
117059250
116003472
116584394
104130792
104135034
119314061
100001718
10134435X
116108002
116393610
116166762
117026719
118792458
11601847X
104151978
1065277865
1033732036
122966015
119071606
119515164
102202664
118792555
119077701
117398845
121613801
116330422
1026177170
100374794
139215484
117089443
11741283X
118689479
101482612
14311607X
100149715
117429333
118522590
120769158
143884905
130183652
104196238
107711753
118571737
116757825
134758188
117022721
130253855
103405063X
123980976
140781595
139403922
118590995
13065163X
118682482
129464430
116385839
11697673X
119440679
117316024
116231327
116327545
117301817
103946489
1073442535
138717184
122170806
122440188
115376054
1036992039
118988107
118769596
118805878
122403800
118519352
118586408
115872442
131427806
1034924400
11900044X
118535889
116256974
100232469
116544570
11629292X
116272058
138050694
11750727X
117265632
11712110X
130626074
117701130
118917218
116613483
100672302
118770489
118692429
104236736
1067143173
118535994
116988177
117753416
116689498
122614461
136123171
116825227
118703242
119165198
1034720554
116808454
11739310X
127312048
118703218
118910086
118535749
136679366
13600363X
118534556
136375758
116843586
118722700
129476544
116659718
13213571X
118869442
11869362X
118693948
118689878
116643021
116419091
1067140069
116873612
118692321
100168450
116643013
115523057
118828703
100278043
118836927
124164285
135973546
135733383
118847635
116882883
1036945286
119217139
118814044
120824000
132024616
104262974
118837052
136026257
120659514
118732447
116642955
112856780
138778981
117267953
116539216
119044706
133421023
118883712
139012222
14248721X
116572167
1036793672
116619449
135729572
13641012X
116440171
116237295
118667424
1037001184
116747714
116251743
135719666
129462071
116504617
118887254
116776919
12985896X
118520377
1012181154
118748866
107340773X
116271620
142879142
104333073
1021269603
116828773
132572699
118667505
1043828311
141038284
115711449
116436751
117648213
1013198468
136187234
120770008
143060228
118660276
129490687
116493364
118967681
118834800
116431415
115445382
118816578
133853276
119501201
119360659
116554975
116476761
116523972
116525010
116395001
130113018
1037579046
12079389X
11854022X
128911026
122130405
121027236
116081384
139771743
124073921
118508121
116098570
1143267052
138176620
132249634
142073016
124411266
11865781X
1140787489
135772559
117048836
1132720796
103792198
1019623209
117767611
13180426X
12028572X
1044116692
121254569
124411576
101937120X
132392682
121599027
174376987
118786199
129077364
12457873X
119555042
189409231
105514160X
121611175
116510978
104364467
1037573218
118653393
102118960X
123526566
128732369
120327112
1067078746
118657852
11930791X
119320207
103867848
1032804394
134321332
100422977
1029930708
118607960
123353602
13980076X
118594893
118600486
118599224
118761919
11938776X
119388472
118754971
132289105
117267090
118911414
116504749
128585293
118603817
11880510X
116260564
115598472
119233428
117688126
117169781
101365632
101382286
118646583
117294667
138413568
118591177
11711684X
1029933618
118926802
1017627711
118594427
118755161
135153530
103088172
118599976
116428473
116436085
117218154
117257230
143696513
11721888X
116003995
118748181
11874528X
100802583
116922893
118809695
1012267563
117742481
118744615
118608045
116414944
104258810
118597787
11861164X
117233927
119369168
118593234
118750178
118543032
116792256
122145968
1055556605
11854229X
135637538
11871788X
11681294X
118540254
118542141
118717928
172118743
101016603
104272724
118541552
118696734
118993887
118718517
116657863
118541692
116809205
128713488
104067063
116649631
134255348
103818103
143493906
11676211X
189538422
116893699
116894660
118542001
118975773
118541706
118542265
116909196
13213750X
118718355
119692597
118698370
104059389
118702688
11861990X
107406632
124947689
122877292
1055541160
103987371
116901128
1043864644
116861150
1042696756
143601652
135250390
126352119
118541013
1014395771
118970852
1139404709
104073772
119157977
118542257
118695959
123952964
116282207
130609978
1027112218
116605650
11907396X
116290463
116764570
117456926
137108591
116703962
135577829
142573264
133765466
141714549
116043660
116762012
116576677
118800280
1054441588
116539070
118709291
11970207X
173218385
1056064056
1137016175
118547216
116560681
133711501
104327758
123370019
118710648
11670974X
116549394
116192399
124661122
135445515
116709642
120469170
116538716
118076027
116659572
124230911
123196876
117504289
1074419022
116560096
11655570X
103885498
116746963
103900187
121062236
1099087848
118580736
11870950X
134220439
107826953X
131550969
122206975
116489197
116550171
135678110
103787038
118773682
134400364
1055111794
116700947
102576335
1037529227
118703668
116124547
121215059
134636686
115821872
108359573
1115263099
1071831186
119706032
10001349X
100162371
119488140
116684283
11650448X
118660438
118515586
120236060
1030299234
132424983
118656449
104369496X
140082646
117614823
122569261
136212050
136212506
1042564892
116134380
116114797
116295902
138972311
118973665
118852124
116915889
119241803
116578491
119326728
102144264X
116214368
104213949
1078962189
11851198X
171972821
13647490X
102934673
124968546
1066811490
11851248X
118509810
1050418972
116654406
116221097
116163585
1089579349
129008559
116114657
115811974
118662570
1031984690
1026357934
118511270
118511394
124071201
13176456X
116114525
1037511999
135180007
123607922
119000725
101252099
137190417
116194898
134329465
1055196781
118509845
139337121
132890380
116148268
116153881
130103985
116225807
122500075
113395299
116146826
137428472
128536780
1089444710
103774807
128826894
116220864
12034369X
12860090X
141123648
123376114
116511001
123261368
118660535
122762223
174062958
116210206
138700699
116181044
104029935
135937809
133521508
116164409
116930535
135341213
117313785
1076412254
133234266
116260386
137353766
131954628
118781871
118575155
119211653
102374899
11878143X
134456548
119008068
12973960X
104303697
118728830
118578189
116660929
137587325
134457277
131781421
1038243858
116694475
116792841
116842989
119043688
1085155641
116735309
132579510
117227498
11917426X
116728698
135059402
128964774
13444700X
137780087
116023414
103975047
115377328
118577824
134452798
124623727
118633465
116085053
116801832
119064855
124453430
174071221
1034942794
134456270
119417812
128912766
118730215
137936052
103796827
123800315
133618862
118951114
1037566785
118951122
117221406
118560190
129076481
116687991
12056789X
118575287
104726465X
1019609451
122815343
113667434
1046202111
116899239
116924950
1035161958
134728173
122594746
116582049
141166096
117230294
11710745X
118670387
118641794
13625585X
116385308
118640208
118622994
118603256
115468048
132410184
159708257
121534154
134344529
130126446
119559994
1043477640
121592294
129463531
115594361
116088796
101007183
102436843
132438291
117635383
116254351
156428393
138033021
116216158
133092798
117101931
130812617
117456233
118678841
1052567339
115855130
104138378
142295140
101365489
117384259
116207388
13644251X
11861911X
118650114
1049294106
139208690
117008338
100706134
117573507
1023725088
118584596
11858622X
100552641
129478660
117041556
117519510
119011069
139479139
117135968
117047155
138387656
1098211324
1057769894
10392423X
11858524X
11931715X
118838113
120299526
138328951
118587234
118785028
13567896X
118737775
116137169
11858331X
116953829
1038874440
104264454
118785230
1041960093
116632968
118738208
1052846653
116936371
142417416
118782843
12947861X
117030953
117089567
117043451
117578290
137717709
116898666
117602418
133119858
117016985
118581945
116174935
142302163
100308104
116778725
117016284
1068784539
119175711
135155827
103922601
117158755
116036869
142293849
117604461
116419210
116955139
132515024
11705870X
151670463
115355405
118598155
116812575
121306127
117369047
116290897
122638212
118754599
118735098
118749250
134822412
116965738
100155324
138510431
130474819
1018255648
121115828
116544503
137991517
116414006
116643765
133045706
136214924
116887923
133667693
118561294
11856014X
116221445
118624105
132546280
117445614
103908366
1071845306
1054551693
132202603
116016809
134864220
119060752
118538969
130841072
118638831
130187275
116244321
117395404
104133368
117397571
117486078
118982044
118982052
118606115
117135550
118621335
11851993X
118907832
1014247292
118598031
11852156X
118500856
118607987
118535986
118810669
118780654
132609347
118549553
118735365
118683861
133144003
100832083
118646915
136044700
10242487X
118797042
172925185
11861794X
118626574
118802399
119149419
116897368
118681370
1029842930
118527924
118963147
130040959
10004106X
102447578
133823474
121599566
120820250
118828932
118517104
115849238
1059889838
1068238321
133113833
1060128608
138669260
118515055
116155515
11901680X
100261779
11851217X
118511440
118518208
116010231
118666312
1032148837
116252898
11851167X
118507850
1022876902
101929812X
116237929
118651110
116199679
118509675
1015180728
117039225
116481587
132493446
130104175
115444378
116106409
118658875
118655191
116409207
119256908
135551056
118511947
118505904
118648071
119140802
1038165792
119307499
116089814
117187402
116237066
130857351
123282721
102424799
1041648960
1045784591
137592434
12075116X
141439394
116566310
141739630
11656959X
11703939X
11609401X
117350370
137780737
118852728
116276479
116070951
131994786
131533665
1143064305
1028337000
119486725
100178405
116054670
130009539
1043385894
100864627
1046434306
130583537
116717424
118523236
124362540
1062724143
119650967
118670247
118795724
117626953
118834967
121149951
1026709415
104066873
1058376888
135725178
121497100
124662153
118524186
11901176X
119351064
124412726
118676687
119514729
119648105
6145508-8
116640243
134623614
1065635974
123632358
1028271549
124480853
11852321X
118523341
1081215046
116758031
119039001
117691208
121800598
1025730895
134354990
136044573
1143064135
118677667
100093302
132148870
103977198
131747568
1073420868
116629029
141545550
121097021
102441219
127213252
129478636
137858809
116885785
118864513
118589598
102499683
11874867X
118613073
118748521
104783331X
130615595
121096572
117466506
119026139
143251872
134675061
1095907549
118614126
103948171
104339981X
11861214X
129166626
116444436
117500089
13451985X
117441872
100825982
131702483
1106003683
131205579
118612514
117247588
117100617
12348796X
133197212
117473693
124268498
126837899
118867946
105330305X
109096185
1050384881
132511231
1014809282
1143571053
118614304
134684591
117375578
118614819
119827581
118764551
1071498827
1056922931
134524861
10041544X
100407129
104094427
117437581
104070404
140172319
104196513
120545772
117418382
118612433
13178031X
126812985
134524829
119121328
130615463
118764756
1012562395
105693767X
1034863673
118525042
116530758
117529923
118720961
116543450
118634224
130189960
14379017X
11867174X
116145927
135455502
118530925
103881417
1025717619
11627509X
116143827
116042745
116605758
116111097
118522175
11617482X
132175673
118679856
11900688X
132115115
1036370518
116057408
11672594X
117132756
116085878
118956124
1043825568
135021685
116080701
118632906
118581147
11852240X
116088915
117481726
118521101
11608118X
137764685
136923534
100111718
11850178X
118676423
143377914
116696761
130079545
102484082
136429734
1013310136
116081201
135735874
116088583
119298406
144047268
135728754
116113669
116935227
119175606
101071655
13273298X
116689234
116609028
135736420
13059055X
141273798
117041645
117406945
136154697
115829253
118517090
11850004X
103104674
118514253
135933420
116202149
121457591
118650874
116279451
135654823
117666424
116286857
1019498358
118517775
118512552
118665340
1023723174
118809873
102893969
172386586
104375949
11867384X
135904587
172450721
124411568
130567043
13871200X
102375070
11737492X
117447102
103958274
11742692X
117290696
119460777
117295752
118633716
117456934
1022248936
117333255
117269565
119357550
117342882
117399620
1140870211
117197289
1034559753
120755106
116948779
129477834
118636421
117420638
118767755
129489867
116752505
122393929
119055716
141847166
1032156031
1081850132
116480807
118633058
117394963
101945704X
117379298
116987367
117456918
1044333006
118637533
117380105
100700411
117443018
118806645
10430376X
131757784
139852182
117300608
118700421
116042680
116301864
120163683
118804928
117299545
134302664
142345776
118563300
1067698868
116260645
136062814
123520681
135697875
118939440
10391000X
118563386
116533676
116396954
11871600X
1019430818
118885235
133698254
104294183
135745438
117458813
11617207X
118777238
116652047
118713507
119184710
118567543
116187689
135733456
136128521
11898618X
100197035
11627364X
10912796X
11635190X
116210974
116535547
116609885
116300914
129147958
11622732X
116300590
116246278
123581656
119498162
116602651
1036382524
116602678
11638896X
115694056
12081997X
119060949
116270810
118565796
116292105
118567837
118811266
129489956
118563319
100636438
116183489
117735345
118669346
116984880
118584871
11864808X
118512749
115824340
116553456
119524759
1025885678
118012215
118557211
118674013
189560061
119435993
119404532
119255960
11719929X
118581007
104189592
11606496X
1064801056
118594974
139744355
116113995
118616617
117357065
116617209
113290063
123875978
13785109X
118587684
1058841084
129535346
117113239
1019763949
116925310
120241307
116299290
121032094
104305487
135554098
116053585
134387376
138224102
1037941462
117211516
135267099
1053410719
1066597898
116171359
117467146
11910802X
117133817
117148970
104001666
121675076
116468157
118994425
118828533
1055586911
101402775
120932652
143288148
116353333
141708050
1037975014
116498633
121057534
12459090X
1026772338
134862465
118593625
116518103
102572607
116591900
100591604
116943807
116552298
116343478
104244739
116228660
122461622
115620680
121083039
115845917
120716771
13484596X
124365248
134484886
132326671
116264950
134698290
104040270
101845117X
100227392
117022470
124692923
10379302X
12144550X
10400715X
123494591
1073291103
123609844
10437182X
172306639
118592769
115379975
124738796
132453665
121673677
116449926
11859348X
116671963
104226056
124255493
121062244
17425699X
121253171
129292206
11946912X
120346400
1073993337
102909385
118951076
135432987
104150998
116268891
1034849166
118739964
116135220
118594168
123594804
124768075
116133872
116821701
116260874
133583708
1089872585
116202882
104287071
11624870X
118741632
118741713
119303752
1076541798
119554488
104367148
118773607
116563486
118544489
1020610255
11669033X
124953271
119401126
119186322
11741591X
135926408
118973649
132457482
1073406628
118835572
133624269
118911910
137081286
116368926
116491825
10416588X
138990166
119355329
122785851
116540044
118709143
1033569593
11666696X
137915853
129473316
122630025
116667168
101226307X
116659157
116783575
118546651
118547453
141702044
118548565
116563451
116393661
116405465
1026762219
118547356
136284523
137683723
104069619
130609528
11928930X
173511937
121501302
116650796
116369620
116349158
118709712
116368861
11651194X
118546643
129475394
116221488
118545906
118639528
116636041
104224002
130433896
129477575
116891025
131609149
117370274
141202092
117042749
1036892174
130627011
118621513
116897031
116850434
118728733
116996854
116985828
129476382
116876328
100733417
118986740
104275618
119000474
116452633
100190014
1055109382
136233600
129529834
118095390
11603680X
136994490
116756918
118827065
116989815
118569600
118569317
116752734
118571842
101459734
132800772
127698000
116245875
129476366
117167886
129460265
116611316
121059057
11671980X
116720697
13248871X
118727834
129474274
131710699
119133911
118573934