#PREFIX: http://d-nb.info/gnd/
#TARGET: http://www.controversia-et-confessio.de/gnd/{ID}
#RELATION: http://www.w3.org/2000/01/rdf-schema#seeAlso
#DESCRIPTION: GND identifiers in the Controversia et Confessio bio-bibliographical Database
#CREATOR: Anna Neovesky <Anna.Neovesky@adwmainz.de>, Torsten Schrade <Torsten.Schrade@adwmainz.de>
#CONTACT: Hans-Otto Schneider <haschnei@uni-mainz.de>
#FEED: http://www.controversia-et-confessio.de/gnd/personen/beacon/file.txt
#UPDATE: monthly
#INSTITUTION: Academy of Sciences and Literature | Mainz – Digital Academy
116296283
121689662
118501070
116257679
118501550
116279354
118637673
116010061
988945703
11899669X
118649914
116382694
129080500
116063394
119614642
136646417
119618982
119620294
116732555
118510487
118662864
119621606
118923927
119623420
119631814
123803284
120165694
118515128
118516507
128676566
118517287
104161728
118517384
1034669869
100065457 												       		           	
118518534
119734117
118519468
118519565
118829157
121666395
100089003
119009137
11964259X
118521330
100077064
124643620
117664251
117664480
118977407
118670646
122783093
118638572
100839894
118853805
102446040
118606875
100104711
118671928
119655284
118681524
119660482
118681826
129922706
100993303
118685066
12444282X
118682946
11636968X
121801845
118533649
100343562
11674779X
12114349X
124899617
123591287
118537369
119681595
129008311
984322930
100286208
124958249
119861240
119242745
131749056
119692503
118701215
118720317
116521279
116565101
100166989
119703521
118710109
100292135
100163920
118639595
118550535
11678735X
10411228X
129106593
122360567
118707531
132950723
117201650
119720116
100363237
118712373
100863892
118712926
117220299
11856000X
119727641
116187263
124903371
118777521
100195954
132681722
119020270
102547785
131935860
118569899
119738988
123880645
129181641
100182747
124579434
118729195
138893896
116660929
116689781
11668982X
100375235
118731696
100303552
1019746971
124246869
118580485
116005548
118783297
12165026X
124363822
104179562
11692960X
12239366X
121977250
117187984
118785478
11948370X
120585650
101943911
128518502
118786679
118834509
101761023
118590375
11955111X
104047259
12992041X
128801352
118107011
12211843X
118790676
116139374
122760441
118714082
12446808X
116247118
128776676
119792087
118793004
116264586
128621761
132081539
116278919
129919268
11632144X
128928697
118600796
119806711
11980865X
130484539
117598690
100327001
119813092
122057635
100405002
117330736
12466833X
100268536
128680725
100401503
118612190
10033475X
118613073
11879728X
124441270
118798162
119369958
123624878
119836998
118798472
104318864
121410293
128586702
124408494
11864257X
119844478
130679682
118621599
118802232 
119850915 												       		           	
119393697 												       		           	
119852144 												       		           	
119853094
118803573
117368997 												       		           	
117370053 												       		           	
115795251 												       		           	
118768077 												       		           	
118768123 												       		           	
11739680X 												       		           	
100675859
118836706 
116535210 
124739121 												       		           	
119863359 												       		           	
124168876
119868377 												       		           	
118631926 												       		           	
100705251 												       		           	
124543251 												       		           	
117383317
124527663 												       		           	
103143726 												       		           	
124661076 												       		           	
118807757 												       		           	
124331408 												       		           	
130524794
1037533909
102782733
119865130
1037509897
6146410-7
1012280438
123923832
130425109
119522098
103750710X
1037498720
10108188X
118716824
104105941
1037509943
119667614
1037540263
1037538803
119655918
138334064
119612968
119452855
1037506650
111017378
11985659X
138011745
6146406-5
1037541278
103753882X
134121198
130475025
137792034
119747189
119799162
1037540948
130465003
137875045
6146027-8
100075657
103838592X
128543051
141762306
119662930
11968280X
1037541499
115690387
1037541065
6146414-4
1037498739
122875699
133189708
1037499107
11976329X
1035076187
118736396
103751145X
1037540182
134136330
1037615999
103122249
1231298850
11979781X
11607969X
1037539958
6145493-X
123129885
11972944X
128767561
118514555
119063670
115849181
131711539
115617809
115823697
6145775-9
1037540522
103075623
128600691
1022459333
136486517
1037539982
1037503880
119767333
136357946
1037564693
1037538811
103751257X
130448508
132030276
1037505085
132784300
6145918-5
119698722
13150309X
119865734
119699125
119693623
115801103
1037535707
117732036
1037540700
1037540697
102181578
1037541618
1037504569
138507031
1036708950
117313785
119827972
119805359
124436013
119842092
1033991627
138367183
119878941
1037505352
119640619
104277319
1037502639
1038797675
1037540409
103754062X
122954025
102768595
119612526
103751257X0
1037539966
1037507835
11973124X
1068630515
118862758
142698563
1037540255
1037541685
119652560
119842114
1037506553
1037509307
119767325
124461271
130100412
7778526-5
119627590
103526451X
119797100
100226000
118518569
100143687
123213568
119629275
118621009
11983040X
119740001
124854184
100064418
11968859X
122254678
119797933
11709711X
118593234
100668887
119872641
11889014X
119859033
11960843X
118734946
102439702
119804158
119752239
119641968
119809257
119789523
128978678
1055588523
131858483
100310265
129972975
178091642
11965606X
119786311
117209937
119156121
100038328
100964664
118505114
123653258
118518836
104154381
119682311
119835142
117194727
124644988
11850245X
128648236
118670972
100642713
122775473
100235158
11984012X
122158253
119835487
1244412700
11629891X
119844664
131904906
119782499
132037289
104072024
11854392X
11578781X
119820153
102480443
128694440
119759977
1019659653
124702597
119784874
104149256
118775006
13196965X
12485382X
1167254270
119841835
119226618
100687741
136096352
118637533
100237045
1055563741
119098652
1074260864
135743729
118805967
116574577
118689673
116973749
143728121
119743663
1055553371
119767058
119786923
1055595449
13845065X
122990234
133598276
118670468
119029421
128579668
138777640
1426807450
101953399
102430837
104266112
119760940
131507915
102554099
1012750795
12126100X
122765893
1019533990
123115353
142669911
118958410
117616354
139186220
137599927
100227791
1035138565
130340308
119719606
119613603
119615932
13145482X
119772388
119788446
119713233
119048957
1055575189
1055537775
116991534
119689561
119732831
119738341
121323862
115721371
119606496
101071515
132544261
122253914
119681188
119724545
119832585
10407115X
129381020
119733080
119632950
129674559
136145868
119752719
1055497048
119721023
100077153
119752743
122403738
121211703
116908882
123590736
104049022
115714634
100210007
124076343
12014901X1
124800513
119791390
128874767
119800780
118575449
12014901X
116850663
115638903
119702037
173043631
1000923730
129809489
119846071
12014901X0
124501338
115650873
/117692360
116975202
100174973
116608609
1169752020
104319194
11861343X
104117273
12411718X
116269014
119868008
10099721X
133680886
116154446
119702754
119024918
136201504
104125365
118532502
1043191940
117106178
1052365752
123233526
142680745
117645559
116657588
1008638920
1187123730
104082054
100635415
100355471
118688626
118709666
119674319
132701391
119646412
117677256
118560093
1006354150
11975937
124429564
119857391
118541838
118550853
128616741
119873079
119856190
118502026
100018335
130434299
119820412
119822016
132294990
123255791
123256038
1232557910
119663961
132603837
1037602161
118683527
1037541138
119629372
1037541502
1187363960
119682508
119682524
102324212
106532507X
1019663022
133443582
1042661120
119 847582
119699516