
#FORMAT: BEACON
#PREFIX: http://d-nb.info/gnd/
#TARGET: http://correspsearch.bbaw.de/search.xql?correspondent=http://d-nb.info/gnd/{ID}&l=de
#FEED: http://correspsearch.bbaw.de/api/v1/gnd-beacon.xql
#CONTACT: dumont@bbaw.de
#INSTITUTION: Berlin-Brandenburgische Akademie der Wissenschaften
#NAME: correspSearch - Verzeichnisse von Briefeditionen durchsuchen
#DESCRIPTION: Alle Korrespondenten, von denen Briefe und Gegenbriefe in correspSearch gefunden wurden 
#TIMESTAMP: 2019-11-08T18:19:56.063+01:00 

4499779-6
4042742-0
4052988-5
4028557-1
4389935-3
4066640-2
4079709-0
4235486-9
4505361-3
4594357-6
4010325-0
4022085-0
4228478-8
4111252-0
4002113-0
7731782-8
4289347-1
4001409-5
4015240-6
4051460-2
4068262-6
4136982-8
4041445-0
4086129-6
117237485
7667619-5
1187590
4163316-7
117199851
4145798-5
4141947-9
4345483-5
10299983X
116001062
116001097
116001771
116239859
116003995
102199175
116004827
1052395600
4211800-1
119372843
118643622
119540355
116005106
119540363
117733725
116005904
118646761
116006056
154107190
116007389
120092859
104173114
116008636
140699627
116009128
11600925X
118501062
116056082X
116271914
116009802
35077-1
11864758X
116276126
116276479
116276738
2024311-X
118647733
118501577
120438879
133245918
118647911
11864453X
118501852
118501860
119092085
118648071
119086395
1019536926
117761249
1029833478
17239-X
1052412564
117761176
11629292X
124288197
118502255
130651354
116294272
116294477
118644890
116294906
139437754
116295058
128686138
119061341
116295546
123599911
113666691
11629633X
118648594
126087482
118648659
116296909
116297034
139437819
116297506
130567043
119059835
1049696980
116299290
117671460
173180027
118645056
116303042
118645110
135717787
116303840
120577852
116012366
116012048
118503006
11630880X
116331674
116308583
140011293
118649485
104173149
1018466282
1018152237
121840360
117763047
100843530
116312947
118649671
116016671
11850357X
116315865
115541322
139437991
1055648976
116316608
135746590
135746604
118847767
119252724
116316829
118503839
13250572X
101063857
115664823
119228432
119280183
117721387
118504177
118504185
1053136897
127871667
117662933
118809695
116352655
1052395651
118650467
2030321-X
135718805
117766348
119609770
116353961
139438076
1052732364
1025107500
4241685-1
119376377
1019551313
116211946
11865103X
116377658
11850505X
103156828
17417814X
12105876X
118505076
117505471
1089451709
118505084
118505092
11883231X
119458446
100289614
118849794
119314088
1053410476
116381086
7754053-0
100563880
129093947
116215208
1053463510
119490528
4053219-7
116019050
116020490
139438106
118988107
118505491
118505505
132249553
118505521
118651471
116216026
121599027
124411576
116024739
11850553X
117764523
118505548
116025360
119214601
118822349
1030594368
143738801
104345519
119000121
116031034
117766976
118505955
117766984
118505831
116036842
120367246
11603694X
122302281
133214591
118651838
118646346
119241803
118505904
1021277495
118646370
116042613
116042737
116042958
1051040248
1112495754
130551716
119612658
100938604
125987897
118506358
102424799
116048174
116048387
10111713-9
118808818
136536395
117562939
126267715
116050314
116050438
135862531
18027211X
116056789
136300782
116062150
116062142
135704561
116063181
116119578
103104674
100023185
11606899X
1073087417
142668478
103885498
117767611
117767638
136803504
11608023X
117750794
116080272
115682171
1023781239
118507206
1012175294
132424983
116067128
131910337
139481591
11609396X
116096438
1052395694
117767352
142807486
117767662
1101960698
118654195
116123907
104362871
100002188
1072946556
11933237X
116100273
118508008
1019727063
11610225X
117745863
121611175
115833706
116103388
13948163X
116104198
118654527
11610497X
118508121
139481664
11610578X
101217591X
118654624
128644796
100425429
1028426135
116107650
136959660
118657887
119474735
118654756
116108886
118508288
111255730X
118508377
116109912
119156466
139481699
117583448
1037505069
118655132
116114673
133429717
116115343
116117680
1037124278
116119756
116119985
1012176398
119552450
118658166
116120223
128278056
116121009
119404532
1089596421
1041288603
116123001
118655620
11612363X
117462608
116123834
119019930
116124547
106547766X
139481729
137991517
116129654
116130709
1037138627
116132248
118509470
139481737
101864876
116135697
116136049
803192-7
11613612X
119127601
116144300
118656449
118960040
1020689471
118973665
116146346
139481761
117589160
139481818
116147695
11614775X
116147792
1034667750
123004101
116148527
118656678
119080656
1050651480
100733778
1032917601
116150254
118510169
130840246
118510215
1037125223
1037221370
116155353
116155361
118510347
116155485
118510339
11866266X
11851038X
116158255
189463805
118510452
12863460X
139568328
116159286
11818704X
116159987
143458388
118828932
116160071
116160225
102499020
116161175
5034819-X
1050420721
116163127
116163542
116165103
118115073
100041213
116181052
12956320X
118510916
118972472
13237367X
102144264X
113672446
118658875
116190183
119462206
116194863
116195398
118663542
118663550
139493743
1018725148
119060590
116199245
1050009835
133648877
116199784
104842091
119025701
116200375
135549485
139493824
135549566
1060278340
115796517
116205814
116206500
116207523
116207388
116208503
116208716
116209429
118664174
116210206
118162330
118512099
116211571
116211822
119624214
135551056
121020509
116214430
116214724
116215372
116215445
118512250
118512315
118808850
126214581
152641173
130812617
116219203
116221097
116221445
118660764
116221909
118512749
116225653
133117332
139494006
118824775
118660985
116231742
102200610
116232501
116232951
139494111
1018729577
1018730346
118661078
11851301X
123286484
139494219
1051423805
11623637X
1051423813
129460796
11623685X
119289598
118513109
139494340
130112968
116237295
116237481
116237554
101921632
118661388
116238267
117159557
13644251X
118661604
119303590
1053341067
118659332
117620645
13949443X
139494510
1024307387
1044570199
116252596
133294544
127609342
116255498
1068608870
1065348991
117621757
135554098
116266856
116267119
132839164
116267739
116272058
129656747
116298405
101868650
101165250
1018734635
118659405
132432315
127440941
1073406628
122506979
11564170X
1049697804
13352163X
116384697
116385308
116395001
118514245
118514253
116396229
118514326
139498532
116402326
116403527
132387107
139499202
118659871
135613086
116422211
13871200X
1033700355
13950205X
1051423899
119001314
128543612
116469412
121575209
116469889
116469951
1082535583
119059231
135583772
118514881
64766-4
1073065634
16118087-5
120691124
118809873
119020742
116484594
11867384X
118515055
118515063
116492252
119199343
119116758
1050009886
123157544
118660063
139502424
116519770
100057845
116551631
119501201
116552115
116552433
116552611
116552891
139505245
116554975
116561343
116562463
173169228
116685298
117735728
116714190
117525553
116723866
116725966
118674579
118796704
103145931
116751460
133431827
135674719
116775718
116776021
118516051
1048375285
139505318
104163763
116814616
1034658336
120482673
11674233X
116747714
1042767106
118660276
116750715
124753906
133203522
118516507
139902988
1052037178
1051427258
116818433
11682090X
118913859
124177204
100062350
1018736042
116828234
116753668
116828714
116828773
117052248
139505342
117065390
118664638
117067083
117083682
118517082
1076420702
118517090
118517104
117142778
117143030
104327952
117144061
117144398
118517287
12345591X
11715380X
118664883
1012180387
117154571
118668005
118853082
117161144
119633302
1013268334
117162418
139523057
135672422
118840517
1048375978
117174521
118665340
117175277
117176710
117179337
117179434
117180890
11866543X
118189379
10148772X
1118732235
1026274567
1055386408
117186880
117187402
1031161996
1018774734
135655811
1051427304
1061010252
101079974
117066486
117066621
118667955
128985976
1123235597
117144649
136307159
4351303-7
11640065X
118518348
115585974
118518569
138348030
100439675
116435194
118666835
118518658
116435704
116435755
118666843
128729163
119291827
1046882600
118518836
1100730281
138049335
1034434942
1023760126
116452633
128556641
135708028
116456590
116456949
119535866
119355841
118519352
100072488
116468157
117648213
108952367X
1024762009
118870653
118667424
115711449
11647243X
11647680X
118519689
11866753X
100454356
126281246
116480289
124122280
116480807
1052412815
116481706
131469126
118520040
139523340
121994783
116492503
118520237
1065407467
1052412874
11650448X
117685232
123628911
118520512
11650739X
118520555
119118416
119130947
119382091
116509392
12959203X
116511001
118816098
131921916
119501694
119360659
116517158
189564512
116525010
118676334
118521098
119111276
11852111X
116540486
1028271549
11654418X
116544147
100887074
118521330
119024187
116629061
115847170
138263469
116636688
11769228X
1027137040
117692433
17850260X
122197631
11852156X
128708174
118676679
118676687
118669915
116655372
116655607
118996193
131975862
116668237
188430652
116671874
1045712914
11769875X
118676903
118871811
116689234
11879972X
129692336
119195259
11852240X
133121615
118522469
12111547X
100178405
11935263X
116709138
11671087X
116725346
124374956
123821649
118677330
117664731
128693517
118670646
116750154
132175673
135021685
116757825
117666009
116766301
116766360
120796783
101071655
118945521
117666416
118677578
127800328
130189960
116480238
11886243X
116011912
116027223
118678647
101059434
118956124
122210999
118671049
116028254
118820141
100766803
118878794
102199191
118671189
118524089
101587584X
1015797725
1025656229
116057734
119120852
123197066
117626953
135728754
100101844
116054522
116054670
116055448
118878913
1014936802
100102840
102484082
11542931X
118878980
105366690X
116069422
142010707
1052024262
116080701
11608118X
100601669
118524879
121067629
104130717
116084324
116085053
118671650
116085991
39894-9
116088915
118525042
14131365X
119216132
118525263
116100028
117637459
118678345
5164401-0
13775423X
116113669
100754228
1043229191
131512501
118525654
1012182894
118525751
116138149
119043572
116142901
117645613
116145927
116146079
10046002X
179674935
100082505
1037564464
118672142
116152214
135697840
118526200
118526243
116159421
12325096X
1036789772
118680145
116170808
116170964
116170972
118680161
116171022
129082546
118892851
13594029X
1052804594
133434745
102679191X
128662034
116176024
104224029
139962808
116179198
116179449
1031952047
116180064
140086390
116182164
116182776
116187530
143814613
118680471
116187913
118680552
1015878180
128641835
115807314
106314390X
157253880
120264986
1081794992
116222964
104224401
118113437
118527665
11625243X
118888897
116231696
116238909
116239522
118527959
137173431
117661147
117663182
1013250869
116251255
11625159X
116252227
1037600444
103884793
116253657
1011887711
119543338
11766376X
116256931
116256974
116256990
116258780
130819735
118122274
116235632
116240075
100054315
116262397
2052078-5
116319577
141993820
133494500
116321202
131747568
116322349
135735076
119523493
100116523
116332603
116332662
1073449912
116333979
116333995
122016599
100117929
13743457X
14040242X
1049493230
116355085
5135549-8
119022486
116371757
116371773
1051035589
116372419
119154048
104228644
116379375
116379766
116379987
118529250
1052851037
1061010325
116408936
116409525
116768703
10408748X
104335262
104045213
12337166X
129303151
116425415
118681818
133879879
116425512
118529579
116426292
1017093172
11643788X
118681907
55981-7
116447591
1015638422
13669523X
1073364992
116448059
121380491
116452072
123597625
116460253
118954830
116882883
119357151
100121381
116471727
116471875
1053427077
100122434
104234288
132282542
1055183213
128366222
116496398
116496665
116496762
118684809
136846998
118530380
135908663
13014522X
1014023939
116590394
100993303
116517220
118530666
118685112
118826352
1086912063
119024241
119098652
116538473
11868518X
118530801
119205173
104175931
1089479719
128971827
1015760635
1015710549
100805949
116568992
118685414
11656928X
118830295
116569158
102488401
116569182
135935377
116569352
118685430
1065846525
116574712
116574895
116577142
116577444
116584475
116585986
116586109
100695388
118531352
116586443
135935172
116610832
141628758
133823407
1073505189
118844423
2121613-7
118682849
116612096
118682857
11661305X
118531484
116319542
115811974
116320567
139158227
116326018
65191-6
116357088
102463298
129640328
135925592
125009496
116381256
118685899
116396504
116408626
118924001
118686151
118683128
116424184
11750324X
116424699
100280463
118532154
100796923
116426799
117504025
116436077
136309682
136285732
1073352013
1037504003
1048376966
118686577
118532502
124596592
1015492320
116473770
118532650
116482559
104123176
118687018
118532847
1051591376
103105816
116513195
133287181
11895458X
1015492363
135988764
116518103
11652426X
117508241
119224364
116532580
118691449
105011292X
1050112954
116535105
116551445
116552468
120855089
116558296
131575872
129385484
116590335
118533401
131575864
118691406
122785827
116584084
1046964968
119076241
132046601
118683861
116598271
116599936
116601329
116613483
104046430
1015523803
136309976
117514276
116631457
119237652
116633565
116636068
116642718
116642955
100278043
116643447
116646799
118534262
119022478
116649089
116662018
118809962
119353210
104143754
13600346X
1096485346
143910949
118534416
118534432
13600363X
117528137
118692321
118534556
1070235113
119312611
104228458
1069604836
100672302
1046341677
11869247X
119062550
119674904
119354438
118692674
1067140069
116395257
10017718-9
116752505
118692895
118534947
101106572
11940124X
116719095
116719141
4626907-1
11674748X
116749253
116749296
104260106
118535196
120074672
1050118081
136009662
1052413234
116792256
1024427935
1089476345
118823663
116796634
119463288
116797487
116797851
136985181
119165198
118917218
138778981
118535668
117753416
118703218
130249424
118535749
11853579X
119314002
136026257
100443907
100127495
118703234
186604122
136696007
104262974
102017433
11954931X
118703250
118535978
11869362X
118535986
118535994
116807385
116808454
116808608
13213571X
119061228
130469521
116825294
118693735
119523884
118536303
118910086
116830794
118847635
115373675
118693123
129204536
118693948
116843586
1157563171
118836927
102532907
116847190
116847433
104114843
118694022
118840452
101205767
10313378X
116877669
1020398043
116878894
130019488
118694146
11632662X
118814044
116333278
11635772X
119467143
118689304
103090800
116411465
13059055X
116419210
116419091
118900897
11853758X
118863169
128649798
103099204
117673498
118537636
116448539
103753834X
137078080
104234644
1153845156
12159176X
100519024
138050694
130096563
6146565-3
1073428931
117530468
102522359
115842187
116494360
129473316
118690051
118538322
133669319
116540079
116542055
118538489
116542020
118716905
11910704X
118716891
118924710
119242265
118716921
5313992-6
116564741
11753658X
118690728
118717030
118538705
136429572
104234520
118690817
116589256
100143695
1114752932
116590904
118538810
116592036
116592079
116593601
118690949
101138601
118538918
116595280
132086557
39226-1
5541564-7
119096552
116599995
116600217
101464525
120710757
116603054
119331136
118538969
1012266354
101482612
116623853
117544531
117544566
118539337
1066280029
116631791
120474867
116647868
116941189
116649666
1048359611
1011358298
116654430
118539698
123952832
116657979
1035386658
118717758
116664975
118539841
118966243
1061010465
118539957
118540084
117548081
117548103
118964844
11854019X
118695916
118628011
118540238
118540246
118540254
100489885
1053820798
116747412
11674751X
11674796X
100151310
116754842
116760370
118537342
11676211X
102411034
116764929
117549088
121083683
118718045
116772913
104077468
116788070
139524347
119449072
118541013
116798432
116798688
1154629392
118695681
124644023
116705108
1030227659
116731923
136044700
116737166
119332108
116804688
116809027
118718355
116813717
118541358
137644434
118541374
12073205X
123916275
117737771
1052025900
118718444
1089743289
116822414
118718460
10172876X
116824158
1055413669
118697277
128491434
129692433
118541951
116830050
118697498
11683045X
116830999
118542001
119108445
119301008
116832223
104345616
116834633
116834722
118891464
118542192
118697765
118542257
118542265
136291732
116857056
119063727
116866152
118542451
100750141
10434976X
103804071X
118718991
118719009
134255348
116869690
6123021-2
3025935-6
253997-4
136141293
118542648
116887311
11688830X
116894164
116894644
100146562
116900903
117611255
116901632
116901888
116907339
119240351
116908327
102459266
104367148
100860230
122630025
116921048
118543520
1020741961
116924950
118719483
1014905133
116930535
118699385
119178737
100349854
118543830
119092662
104363266
131545000
1049703308
1020226684
119284936
116346035
1019620579
1012268977
116348674
105011910X
116350946
118700057
118835572
117738131
116368926
116369620
118829130
116378786
1059562804
136060501
1101595752
1051615623
118544772
116385839
11638574X
116391448
104366133
116393661
130879282
127811044
116404760
117415065
11741512X
1049703332
118545124
118545140
1050161831
123825318
100377645
120489996
1118396340
104137169
116440821
117494100
118545426
14044775X
137304722
1050161858
100158218
116445599
128676418
100158862
118701428
118545825
116462590
102911398
137081286
118545906
109475860
116475633
1026762219
116476524
116483512
1055557695
119035030
116490691
124244300
116490845
1072863693
116491825
119428512
116498889
118773348
116503068
117501662
116503688
104044977
116510978
118927507
115357742
128848065
118546619
116513772
118546643
11750369X
1052024246
100576869
118973649
116527013
116527080
119034743
118546937
135683726
118709143
118979582
11928930X
116538716
1015707874
116539984
116540044
118773445
1025661176
117508543
118547356
116553952
130609528
1051055466
1051055490
132771632
102531153
118547453
118709445
11656086X
1031738150
116563451
130652865
11854764X
132987635
11656508X
118773607
1066327718
11889112X
135932637
102643369
1038225019
104085568
116604948
64409-2
116655801
118547895
116656344
11665712X
1027108822
116658886
116658924
116659157
118022377
119519623
117513172
116660147
121673391
11870978X
102111871
115821872
104254262
130132365
104254335
11666696X
118548549
118548565
116673451
137774419
118980106
100291597
118633716
104311665
103787038
13037217X
116689951
135905443
135905451
11669033X
129431060
116691174
135905583
11854893X
118549006
117516465
116700289
116700785
129565636
121422356
103154817
118886649
100162878
1075830125
116717092
1038701503
119093839
118580736
118903861
119267659
161106749
118710605
116724528
118549561
116730919
118549553
115485872
116732385
116732725
116736151
119151421
119220563
120565951
1078280185
117519901
100166326
14269973X
130975893
116738928
1020309032
118549774
11877414X
116744545
11854988X
116738561
118703897
116752734
1030051097
1019175079
118550152
118933876
116760931
118550241
2044334-1
2011852-1
11676371X
116768290
119087863
118704133
1019616466
1048652491
118704281
118550500
134960483
116786396
142473464
116790903
11855073X
118550748
1055299386
118550756
116796014
116778474
116778253
116797126
119265737
137650752
118550942
116803169
100355358
133817571
140005439
118704931
116812621
1122573790
116813245
116893346
116893435
116893575
118980025
118551264
116898127
101476493
116903953
116905859
115368302
137582595
116916273
118551655
119209349
115661220
116923911
187133182
100357636
116928603
100358128
1070533815
118552589
121016048
118552465
116940336
5099699-X
119060922
116942924
11694305X
137600046
101134541
118930982
116952202
118552759
116952431
4431977-0
116953373
118706314
1059754959
118928910
100844901
116961589
1034904337
116965738
118706640
100822177
122107020
137629486
129587087
118553356
130569216
1014635225
136175902
1014635470
118553526
116991739
172813670
119376466
116994193
116994150
140778705
116994258
117531693
11700958X
118979752
117010421
118707175
117531898
117012017
118553771
118775006
137633343
1019761008
118707280
1062675797
116927852
1080671587
118979698
1054656924
1051617154
118554077
118883712
118554190
1026830214
118707639
120079291
11704640X
117046825
121354016
117048984
118554514
117053961
1051617162
118554654
118554700
118554719
119247267
117061999
118554727
100295622
118554751
11855476X
1020941510
105131996X
129355194
117070181
139479139
118708228
117071536
117073652
129299405
128826045
118555049
117045098
136536298
117048836
1051617200
1051617227
12393091X
117074748
118555286
129048348
100351190
100351212
118555324
117124702
118901850
1052298370
100362710
117139076
1030581576
10079064X
117139432
136084184
126521956
117201758
136812473
118555952
117209848
1036841154
117212822
136249930
5056474-2
122776356
117032476
118775766
117603511
118556312
102423806
117037699
126354898
117036757
118775782
117038326
117039144
10409754X
117048488
120508249
130187801
117050199
118556452
138998795
11705867X
117058750
100289355
124180027
117060321
118550675
118556657
130187976
118775944
120611929
128822481
117085316
117089559
11705870X
118711962
118746901
100790100
1047329999
117615595
11711569X
118557459
118557556
119214644
118776223
142300276
119305429
117148687
104224312
16114780-X
102239452
102109028
118712373
100031900
100858457
136293662
100503225
118576879
119813785
139152156
119853558
103490101X
117165832
122367103
1101609753
117175048
137665865
118712926
136193773
118558404
100365094
100794548
1042620008
119163861
13783831X
117230316
118955314
118907441
117234303
117234729
118558862
117238929
107336710X
117243310
132670569
116013435
10016806X
123597544
116032723
116026847
11871483X
129475084
100504426
116030534
136035922
116032529
116235349
101650337
116035633
116035803
137712375
116195096
116038829
11603890X
118666878
118776665
116044640
118559796
116045191
116053437
100504787
118891502
117748773
130658405
119418134
1089715242
11856014X
118560166
102479844
119356392
118560174
120815893
118822837
118720961
118560190
118560093
118560239
119072858
102077975
139496823
1052301614
118560328
116061146
16331319-2
136208312
102374090
137717725
118560603
4051422-5
118721224
116073829
116193220
116193212
116076844
118560751
116090235
101125526
11609401X
11750727X
116094214
123228808
105415760X
1054157693
118721577
101325192X
118721593
100177085
11856109X
129585688
116180226
133729702
116126566
1055096175
118561529
118561545
1013263049
116145307
117512419
1038715067
137493703
124725031
1160507422
119018527
118777149
118722239
104098112
116171383
1061006212
136707378
115694056
118885235
116172053
116172126
116172134
11856224X
1049922433
116181869
116187689
118777238
116188111
139215190
142345776
116194022
100846084
132250934
1050834321
116196556
115755637X
10082451X
121406806
116206675
172188369
142591211
116210680
100303501
116212365
1098448243
11856286X
122871766
1096483971
136062814
11622004X
118723510
102749728
118563211
119021498
118563300
136061214
116231327
116231661
118563343
118563386
4573609-1
4604462-0
4256058-5
4819076-7
7589241-8
4353171-4
4042577-0
7860969-0
7687566-0
7618296-4
7580670-8
4074038-9
4556183-7
1033656801
1045768995
1067202404
101980436X
118777505
116251069
138834180
116254785
116776919
116257881
116257946
116258977
1070291315
1013451864
116338970
130096741
121585441
133698254
116270810
107609460
13390637X
116273364
136110118
116274832
116285036
116288310
116293802
13612836X
136128610
116295333
11629583X
11856448X
116300914
104242280
136323650
119117509
1052919162
116340266
116310790
116314850
123970016
1073480437
116330422
117531332
116338288
118777831
119424940
1020227702
130213845
117537969
116342463
11898618X
116342684
116343125
116344202
118565796
11634542X
116343478
123012-8
63304-5
15514-7
10158700-4
136128521
118715399
11635920X
116359277
116375469
119193310
117539821
132190214
11638686X
118566288
1016755007
116403845
116515228
119223554
100200850
116652047
119448785
100614426
11871600X
129926590
100203604
116545941
116552336
119056526
116554487
119160145
11659294X
116566515
122387791
116581530
123431891
116581751
118567543
116582049
136586953
118567616
119060949
116591021
102496323
118567780
118567799
116611316
116581646
119381311
116601825
1011515318
116607157
116609958
115674667
116611839
119239361
1032019549
116614307
116615168
116616261
100816703
116627344
116587474
1068332263
116592109
117553824
103908366
116955376
116057203
116653531
116737085
136311024
116737883
118569767
104378727
131687727
1051065402
118568558
118725815
116640243
119203588
116643765
118725904
118568671
118725947
1052052002
116652292
116652721
127698000
501775-0
123608759
116678070
100747256
141239824
104865608X
104135816
118726285
129474274
116687177
130442755
118569317
100038646
119000474
116719761
10419653X
119047365
118726463
116725087
13382070X
1037360540
119053667
116737255
122411609
118726617
117605204
119512831
118975773
141505133
117606782
116756918
118570293
12493434X
118196278
116847484
118570439
118778862
100511570
116850434
134281748
1022427822
118779249
118571125
118571133
11762621X
124730752
122701852
136601774
133523624
116876328
127500995
131710699
121059057
1073002969
4445829-0
16129258-6
117634816
11852593X
116891025
116896299
116899336
1019199326
116911344
118571656
104235012
118640437
118827065
119093502
116943963
118727699
118572121
100185657
130626074
123259452
116960078
116962291
1055141987
124505937
119164035
118572393
118572482
116955139
11857213X
1019357711
100189571
116980532
119002043
118926217
118572628
100190014
120226510
116987650
10206783X
118779923
100804195
116996854
118572741
118572768
122170792
10145004-7
117003689
101488769
11767477X
118572903
118572970
117007382
118780026
117024465
129692425
118780042
124822339
117026379
119133911
118573063
103860312
1019535415
1019541296
119324261
135577829
118573527
10850-9
11948756X
1089409788
118907131
118095390
141202092
12949769X
117068098
1074844661
121534154
11974578X
136782574
119072475
125597703
1074360389
118780255
119008017
1028510764
142684465
100370381
117148261
121346498
118573934
120532611
104224002
117191175
119430924
12130969X
118780344
104276150
112291-5
118728997
1019609451
118574248
118780484
118574426
124985548
118574469
141831774
117218227
117219495
117219770
119550407
136161804
127615458
11857454X
118729225
11864064X
117313408
123593336
11718960X
1019623209
118780670
124204473
1073442535
117279889
117279927
118574868
124281729
124485979
118574884
118729446
119272334
132356716
10426831X
118729470
117282405
1051068169
122834771
143631438
117300772
117302287
1102918962
118729659
118575155
115363688
118729683
117315907
1050794230
105315867X
1053160054
120696428
118575449
100172164
101138245
118575538
110562399
1052760503
118727559
116619449
118575767
119553511
1065501293
118730029
1052174558
1033766402
118576194
118576291
11941077X
116679840
116687991
116688912
116680997
11906006X
1023404419
116694475
116715081
116715693
137915969
116727535
130474819
121949346
116730072
116730811
116732881
1012285650
116732350
102478929
1090268971
104187360
116735996
137926677
118577409
11705822X
1061006174
11857745X
12973960X
104342358
116760206
116762586
11906278X
118993895
1022601385
1017957290
104304219
119259737
1019381957
116790296
116790962
11878210X
1053882122
116810742
118731386
116811951
118578464
119065290
118578510
116814357
118578537
103922253
141299215
116836482
137397216
118782525
136266231
102517266
100305342
104140674
118578995
11684132X
116841338
118731890
116857889
1073476820
119756102
116853859
116854944
116857986
118579304
116858516
118579371
11857938X
118579428
14085584X
117546046
100373267
1044301910
116988703
117002771
139489681
118580051
100307671
136779751
116862297
116863277
118732692
118580213
116863838
116870273
1017446180
100227627
1051651395
100308023
131656600
11894553X
116864656
118580485
11700846X
1061006166
143047086
116876077
116876212
116876786
116876867
1052045650
137996330
116876956
182135543
189487348
116877146
1068652780
137018967
116877227
1117144119
137019254
116881011
118580779
116881119
116881151
13702035X
116882255
100791549
1027194230
118580949
118581015
11858104X
116892021
118581147
119149575
12438272X
116904496
116907304
119508311
116913355
116914076
116914564
1060404419
116953829
1074004027
118581465
115612297
100308805
120719800
1059262681
142172022
118733230
11696068X
100309038
118783580
116962437
100636322
117568627
118783599
100372724
119526026
138343926
104153067
118733389
117559180
117562084
118874470
117562467
118733419
117569380
138373477
118581945
117008338
131839268
11700877X
117570419
1037502299
117009741
142417416
118582054
13907158X
118710109
100527485
130538795
129623083
117027162
121489809
117030953
120472155
141038284
117041556
118784013
117043451
117044237
117047155
118734008
128942231
117741558
140822267
138387656
128964774
119764873
117081051
118784412
133378934
117088803
117089567
185416330
100824544
1073060853
117091812
117120251
117120367
118890220
117122653
104264489
118583387
1052846653
118583425
100379591
117133817
118838113
104256060
117280135
117135968
118784811
119063905
118584138
118584162
11931715X
11873699X
119402785
118584308
117603872
116935340
119011069
119233665
118785028
116936371
118928171
116936649
118821008
1049718674
137573650
117604070
137575157
104264454
119285428
11873721X
119176653
118584588
122594967
11858460X
118584596
104466553X
117604550
117147443
118584693
118737627
120659530
121038459
135155827
11757547X
117580139
118737449
118584871
117591033
118585045
122121643
117602418
117608122
118785230
117612529
11858524X
119239191
118737775
117172839
117173118
118894358
118585509
117178756
118735098
118585533
11716240X
13384546X
137911971
117186171
137914482
119297345
11906362X
117187666
103076700
10014138-9
117188883
129160741
117189383
117148180
117162671
4560708-4
101397593
117166111
122149181
1068784539
117575410
1054162468
1051654513
1073934446
1026794137
122058445
132033259
13567896X
12053343X
1044646144
118735454
117188921
118586092
117208876
11858622X
116879696
104274182
12182795X
1054107572
1051071658
116898666
116898798
11689881X
116899239
117741817
104274212
11878577X
104081147
11878580X
119263297
104163186
122736230
116909161
121365131
116945907
116956739
138225095
116961082
101325940
116962259
1012729575
116985070
138233438
1037543653
141420162
118587668
116995696
118587684
116996544
118786113
138226628
118587773
11942441X
118786199
118734865
129424765
101689466X
118588079
118803204
100228003
117037788
117039926
117040940
119434784
117057215
189489510
117058955
118588893
133647196
13913011X
136208746
117071099
1020124741
100231683
116989904
1103151401
118735780
124494692
185703488
123304768
117080128
119071606
1073505804
118589466
120918935
100802834
11710633X
118786792
1011665794
100790305
117107743
119777029
117110523
118786938
118589784
11712110X
137602332
119481464
117123544
119777819
117135550
118590111
117742147
117136409
137690991
6146531-8
137770227
101930992
137980558
118822357
104103663
117154776
128549084
117157805
11859057X
117607347
117170399
102202664
118805967
117171417
118590804
103753641X
117189545
119087286
117613002
128169-0
1031568433
116011203
100769292
1038489601
116014687
183703561
1055249761
120955695
116023236
116023260
116023414
1035115123
136448402
116047291
104366508
116051760
119202662
119034778
132536633
116060514
118592068
116061189
119782138
128585943
4582384-4
116065419
116066563
115368361
130664456
116070803
105608104X
116070951
136576656
117692719
116071184
138493693
1048421163
1052175112
118790129
119229684
116077468
11859267X
1018996605
116091908
118790471
116092386
118592858
1051893674
172305403
118592912
13874825X
118593005
116108002
116108193
104356480
101460996
116134127
1044915684
116139935
116140348
116143533
118836714
118740776
116163712
1055520376
116167696
116168080
1018888322
118714082
139766243
11874092X
137838638
100233619
11859382X
139291679
118791869
104130792
1034924400
118742361
116177802
127750630
11948496X
120388642
118641662
123907411
1052175236
116189525
118594605
1026177170
120875683
1026191157
123502721
116192607
118792415
118792431
11917099X
118792458
12115873X
118594818
118594826
11620527X
119212722
130434086
118594869
139215638
118951076
183835255
130425737
1041571119
1026905818
13921660X
116246871
118595245
11954265X
102613117
116250305
119118025
116260386
103888098X
116260564
116267771
116261277
116261315
11859544X
117689335
103244956X
1052841201
121005976
134961366
157301370
1034345605
116278021
118793187
134220439
11627865X
116278749
116282207
118793292
13923473X
100232469
115650938
35254-8
35269-X
2083040-3
117746525
11877185X
4031532-0
1051108853
117697206
116289929
143591169
116290749
116291494
100026656
116305541
116305630
11630586X
11859687X
134265858
116307641
117706094
116314338
118592688
100540619
118743139
1048690946
131595350
132808811
100385702
13950379X
11859768X
115548149
118597779
139094245
116324945
117686387
118598031
118891936
129600180
119059614
1024878724
133089118
118598279
1076511406
133601145
116336366
118598481
118749218
116364521
173890245
119059622
118749250
118788019
118788035
1052175406
1049807685
118598783
116373296
104377674
118743627
128770201
116374276
116374594
116390417
116390794
118743872
1024879801
116392576
118809334
118599100
119344769
118788183
116398949
116414006
116414391
118825356
116414235
118831194
116444657
116444541
142139289
120861410
116415878
119420147
119388472
100395236
116419784
116419482
133022005
1051154510
118744224
10039535X
121450597
118599380
116421606
116423218
118599410
116423293
131937898
104091509
116429682
116430427
104109327
132626756
116444436
116432047
116432098
100625320
118744453
1027749720
116435992
116436271
100545580
116444002
116450223
116450606
118599933
11565352X
118599976
139081127
142367397
116457317
118788515
100322689
122030915
116504641
1024880788
116510056
115532269
116510927
143516264
118557211
116512539
116512636
1033635006
1037496345
1095113143
132563894
116529938
116534060
118788795
121441962
116543205
116543671
118600966
116544570
139196684
119254158
101365632
1024880931
100020666
115774467
118601261
118745441
119322897
116570881
11860130X
104318759
1027016073
117533254
12459364X
116576170
14142060X
1073671542
115431241
118601644
1025573579
116578920
118601709
100253148
116579943
11658372X
1116305399
116593229
1051524199
116617683
118602136
116598638
11874951X
132767007
102808120
119034557
1068921056
118886576
100763871
118749595
136456170
116609028
116609036
117594520
116621249
128366400
183611721
116624043
11662499X
116625155
1076338674
116626062
116632917
106021444X
116633905
116637331
140896341
11663748X
116637773
116638443
1073430782
119167360
118603256
1028565593
119462214
1120596793
135098157
37846-X
1051817919
117598410
138252750
115526641
118750178
118603817
116673818
1024881164
116675586
116675799
117598712
1050552326
11669937X
116700475
118803476
116707801
116707887
116711094
1049722213
116711728
1051817986
1051818036
131974017
1051821037
1028970102
118641891
100318371
119441284
1026855950
116713356
1017731527
11674183X
104239107
116742623
118750631
119006626
118750852
118809466
115630988
116122986
118840819
116780711
11892737X
116781025
119242044
118605429
104256346
11680579X
118605747
117018201
118605909
118804928
117091219
118606042
117093165
138115109
118606115
104241462
113667434
119167972
121627462
117101931
117102067
120598159
118606557
117111473
1029625700
121408000
118632949
18953351X
130383538
1043591184
11762053X
102217955
117215643
104257024
118607049
118607057
119064669
131751913
124020631
117211958
117227358
1029748209
117229938
130869597
105213811X
117219029
1082206334
118607200
118794957
1052445063
1015520782
117226157
131403958
118607413
131854003
117230510
102909439X
117265721
118973967
118754971
118607626
5200654-2
123714397
104250380
117269956
117271454
117271691
117271977
118607782
1089450346
115750010
117274119
118607847
102139274X
118607960
1019576790
118607979
118607987
104066490
118607995
138154856
100799434
104200693
1019578068
1019580852
139545530
117320536
117321435
115749829
117323500
18385831X
118608045
117197785
117323772
104083565
139065237
118608096
1019587172
117326097
11732633X
117326720
117326798
11732714X
117327077
135112370
118608215
118795147
117330019
117330132
118795163
13816729X
104314206
1049218655
116697067
129504254
117500747
100267491
117501816
118608746
104325011
124159168
117506621
117506575
104138033
117507091
117510181
103118187
104086793
10026705X
104108312
115594361
100267602
116799293
116799935
1019587547
1019587881
116816481
116818948
104310529
116824670
11940818X
119503700
116824948
115800484
116829338
116836709
139650598
118609807
116848510
116848693
116848723
11684938X
1051630320
116852631
116853433
116857374
118610007
116859989
121586723
117645184
1030010897
100264158
116902299
116902930
118901605
118610473
105288105X
116923571
116863919
130364428
139989315
117025275
118795430
100400159
117039993
117045470
119368579
118610813
118761889
119056569
121201082
117646709
118761943
11876196X
135970180
117098981
117099023
119048981
116567570
1014359422
118610953
11710745X
117107174
117108189
118610961
117108278
118610937
11711684X
118611046
117117315
11712365X
117123560
117124184
1047377268
136791867
117140023
117140678
117140791
100325947
117141097
119244616
118611275
117184683
1017338744
139681485
117191787
189507551
115754369
102166587
117236799
118762494
117247111
117246603
117247146
117263427
118835718
118860283
118611593
118611666
118762648
117310719
104161884
117316024
1015137369
119267632
117140562
117141399
13718638X
119010860
103946489
138368740
118795724
1051011701
117367915
133916812
139578161
118763032
119088967
118795775
118612158
117410616
118760130
117418269
107674138X
104122021
1054168806
117430560
117458813
1038750008
140234977
100272053
117462748
104321695
142617962
121534472
122326350
119369567
117443336
11744555X
120257726
122416198
142265098
1012848353
10218206X
119473585
1057656321
117464392
11746483X
104318422
117474460
117470198
117472107
104258810
118010298
11747066X
117470902
117743437
118938533
118613642
1070022780
1051630479
128407581
117339458
1036758699
130615595
133663264
119473704
118613960
1051011787
118614088
119118300
1011456230
1103468219
1034766600
11737797X
118614304
118917919
137180969
117398020
117398845
117398810
117399477
118614584
2118215-2
117401625
117402567
1012363759
136256201
1080056319
117416053
118797336
132444992
1057563927
117425230
117751901
143696513
117428612
127940944
1014842107
118615084
117437883
117441759
103949429
117452335
1081549130
117452343
118805193
117452726
118748785
1089584571
117462241
117462411
117213527
11861553X
104332042
117508594
118797999
1023821176
172380340
119226618
117452351
117477125
118798170
117480088
118751719
1019720719
1043591575
1019704578
1077256884
10110555X
117481718
117481726
117482609
137946309
1013524713
117492175
117493104
117493236
118751972
118616196
117491055
1051825784
14234110X
118890883
1012364356
117483931
116009810
117485284
118839853
131755528
118616366
1096487748
118616374
119074486
1025726502
141497777
121762289
124621546
117652199
117195464
117205346
2063692-1
1051853095
11907947X
142500046
117202363
117202827
1019724137
102517870X
11875257X
143493833
1051853141
138500290
118616803
118798472
11721616X
130383090
104372729
117223298
118752898
118616617
117202770
104223596
119059096
118617109
1077888104
117230294
125075561
1012440257
1012532283
118617222
117241237
118617273
131922807
1073480720
117245666
128637811
102121982
1052396860
118617451
1045784176
117259268
117262692
117263958
118617583
11726461X
117272485
118617850
117658316
1055161597
129717134
118798782
101244312
134064658
11724791X
117244791
118992864
119396289
117257958
4393046-3
4796471-6
117673692
139321292
117261262
1019767065
118618393
117264776
123265754
118755552
117267813
117286370
117286400
118618555
1061006131
1107048885
117288772
1021104132
115388443
1036892174
172641365
130017094
139497919
1053838700
130048313
117312355
11731238X
11861911X
1037498933
117311901
117312118
117307831
117313165
1070186821
1047380056
1047380102
11731742X
117317810
117318477
117344923
117345180
118619411
117348120
117348937
101042159
105551466X
117354023
1051854288
117354732
133399524
118619667
117363111
117363391
121308510
6147470-8
118757598
118619756
118619772
117357030
1053580444
139587853
117365785
117371548
118619926
118757709
1011749874
1051385962
1051855594
11879941X
1045175498
1051855632
1059637979
1051855659
117374377
118951432
11945601X
117382361
117382574
117386413
1042167141
118607685
117196061
1025110358
118620606
1055162208
117201731
118837052
117232831
11893709X
1031546774
142169161
1051647541
120213370
11723589X
117247588
118756311
117248711
117253006
117615692
100624944
11862119X
115501142
100807348
11727335X
117274852
117275948
117296058
117299243
102439702
117300403
119282062
117302732
14025577X
117302791
14235645X
117302023
118621874
117335614
1078119090
117338370
118801937
118837877
117340995
117341037
1011886081
104075813
118757342
119543133
1053262353
118622358
118622404
117359602
118757393
101511124
119036495
121734307
117373435
117356999
131626590
117358991
117375098
11737573X
118757490
11737606X
12989432X
118904418
117381713
100565565
117384313
142627909
119010186
117400254
121937232
117393096
11739310X
117393665
117404322
119010003
119141396
119326434
118974955
1047834952
117421995
11740697X
118840150
117408603
118623753
117409030
117699667
118760866
117416959
116191414
117451134
1049470532
117423394
127101403
1025141423
11880281X
117431427
129378453
101147465
120101440
117432504
119315130
1030374503
119151227
131409395
1136913041
103164086X
1074002121
117439312
117439479
128572906
118963813
117267457
117267821
103349271X
117282677
11896786X
117291951
128972920
11729392X
117293091
117293148
11729327X
100802656
2024343-1
16172375-5
4032660-3
118625543
118625594
118803530
119010224
117315591
117321516
118805371
11732342X
118803638
120180502
118625756
117325015
117339385
104078014
100526551
118626167
118626175
129733199
118767372
118804111
117369047
117369454
1084650452
1035179288
117369993
189539208
117388920
117744158
122092996
117390828
117395684
133313638
11739632X
117396850
118982052
117414913
118768409
119049546
139078584
117417661
118627031
117427748
117703060
118627198
11862721X
117447579
127995625
118634453
115552901
1044248386
1024780767
100056458
1052638848
110756669X
1012714470
117464406
118768972
118627546
117482064
119055988
1050300637
10179777X
117471356
118852728
1026018137
117471984
117478113
117487457
100687741
117488739
11876912X
118769146
1055510338
117491691
11862783X
127864628
1051635004
118908235
117495255
117746185
103098291
64386-5
117495093
117495301
11623346X
100689590
118627910
118627929
117449091
1102184101
118770489
1029977224
117076317
1055208909
118628097
117086355
117096261
117102857
118628232
11709501X
117102784
11710311X
118594117
118628445
117115460
117116092
118770950
117746266
1051886538
118628658
119034522
139097422
117119636
126363722
1102920606
117121657
1020090243
103749993X
103755132X
121022323
118628844
136031196
128988444
117131148
11690710X
104197420
11882581X
136099297
104305487
117132284
118806157
12221532X
172442788
118806289
117146390
117148784
117151319
117086975
1051884667
117090751
1037536800
1068389397
122638212
119515903
118629662
130841072
118816578
117157678
1037537823
117158542
130840653
130840815
122361261
118643231
1050805860
117163619
1050014944
117165069
143605550
119429829
117170755
10425534X
14319867X
118845047
102554099
117218421
117231657
133461440
117234710
134081978
117235288
1058875027
118057383
117240494
5036107-7
118598910
117243388
11725360X
115867449
100680283
118630229
11863027X
117269565
130841188
117269875
122547969
118766325
117746371
1051890535
117302996
117299545
127935037
119189275
1036753131
129489867
117290629
118630563
117300608
142255645
117301019
128778598
118630741
117309702
117309672
117571695
118806645
1055721592
118766767
119048663
117572039
117572098
100700411
117292788
118767038
117295752
1051229596
139497641
118767089
104143584
118767208
1044557176
118806742
123597757
117307610
117307173
11730767X
117314056
1055192417
1029851689
119868601
117574171
115445382
1018775684
1022247212
119105063
172818893
118631977
118767542
102085281X
117332895
11757449X
117333255
118632108
11733359X
131592289
117333905
117333840
139011064
117336289
1101606444
129610046
1034559753
118767755
120755106
117353078
117353590
117353752
118632477
118807218
121093107
3021916-4
117362751
119083744
117366021
153733438
117369705
107341471X
117357103
117767387
1051891515
117379298
119421054
118771760
117380105
132626330
134198158
118632884
118633058
118632892
118632868
118632906
119319217
102104387
119259745
118807331
116042680
117375861
104170603
117384259
129794007
117387436
118841378
118633244
119156164
122725522
127939555
101488912
104318724
142341460
117395404
117395412
117395056
11739775X
117581658
133089126
117399620
11740098X
117401072
10070333X
1049453964
1070485934
117408662
1102921181
100704018
117411876
11741297X
117413135
1028493835
138575363
119873206
118807757
100705871
118973614
117445614
11901470X
117614033
118634488
117456829
117456918
120596954
117458600
117444154
105559289X
119160358
117446408
142236780
117440922
136596673
117443018
13162542X
11987394X
120163683
117432792
131757784
1025657268
117434973
118635212
117428884
117429481
117375268
11877137X
1058876139
117354198
132790912
128689633
117347663
136910289
122366778
117227617
117349208
117349518
116944528
119151456
118808230
105189252X
117592080
100709230
1149091347
100726208
116969024
117748595
1071572857
1043236961
117595950
118636421
136932363
118772589
116982322
116984465
116984511
116986050
116985925
116986786
137424094
116987367
118772783
1051892546
116988592
116993871
104197803
118636979
122461789
128564776
138520909
10416476X
1073899519
117006122
1050318617
117010235
117012769
1048415767
117013447
117602698
117009229
104197102
117015245
138527431
132477386
118758160
117021261
117021938
117022470
117022624
117022667
118896202
1054170479
117027413
1053974620
1048415791
104182822
116002409
118637533
118797158
118611232
116915188
116274778
117593265
