#FORMAT: BEACON
#VERSION: 0.1
#FEED:http://uni-helmstedt.hab.de/beacon.php
#TARGET: http://uni-helmstedt.hab.de/index.php?cPage=5&sPage=prof&wWidth=1920&wHeight=957&suche1=gnd&pnd1=&muster1={ID}
#PREFIX: http://d-nb.info/gnd/
#NAME: Professorenkatalog der Universität Helmstedt
#DESCRIPTION: Portal des Forschungsprojektes Wissensproduktion an der Universität Helmstedt: Die Entwicklung der philosophischen Fakultät 1576-1810
#CONTACT: Forschunsabteilung der Wolfenbütteler Bibliothek (projekte@hab.de)
#INSTITUTION: Herzog August Bibliothek Wolfenbuettel
#ISIL: DE-23
#MESSAGE: Eintrag im Professorenkatalog der Universität Helmstedt
#UPDATE: updated on request
#TIMESTAMP:2019-01-18T13:20:12+01:00
104106379
10016191X
117761702
140966587
171960688
119609312
124547311
173146589
104106441
101698674
119059339
104368640
116149566
128522569
10087441X
104114436
122883187
116215291
104279915
116223324
116221437
124860788
123213193
116226447
104318775
124626203
101679602
116469382
121245675
104308761
116813636
100808506
120536633
104279893
118518437
136479243
11645864X
116118547
123353874
124439055
124716938
122899210
116617446
116617489
122878698
116655267
11852190X
116711310
121631524
172946182
11965184X
12350905X
101072252
100110789
121869490
174040032
121936953
116426829
11642687X
100120458
141210680
122500806
122500830
118015796
100753485
174138830
116371633
1020601078
100281028
104124539
172898978
129194166
104267976
100126030
100866913
116827459
116831146
124603440
129760242
116572302
104105933
116649631
100150497
115627081
116888717
121350320
116912065
102545790
116354313
119117983
100153860
172121884
116387807
116474734
118701568
118016814
119701057
116605057
129510033
116650850
118800310
115387056
117517518
118639595
116802936
121423492
101062494
174086253
102511594
124766331
120388952
129388327
116993901
121832821
100210007
129324930
117063460
120263920
118558838
136695272
12142426X
116181478
116181486
116187263
116240210
104318686
100202616
118826565
12136142X
100175988
116662549
100867367
116991836
116985828
117671622
120700441
1030176515
104317663
124860761
104288566
12490582X
129997404
104334479
129401331
115833463
118732560
104280611
104273704
100372678
129554847
116876247
118737147
124890253
117174025
117187968
118747622
12470283X
104063343
11977450X
132550881
129808768
100237045
122192842
116015136
124640486
116045825
104218851
124820468
104125500
116140348
116142200
100236383
103084681
11627753X
117684244
136702201
119545950
116436123
116436212
12496933X
11645282X
124586848
116573848
124514790
100261035
12015014X
1012299457
104142197
121391035
104194421
104106190
128568208
117643246
100269435
10422665X
11745642X
121358313
12142345X
104138017
129714089
116818948
119434547
131924907
117024090
122873009
117108898
118611518
115870830
118613596
100407749
128604778
12142104X
117482250
101761457
120896001
121387933
124937284
117673722
104318392
100868134
117201766
104359676
117628123
117405744
117415871
117636886
122124464
117369713
124646786
117466921
117560731
121761142
128437162
117277118
132964716
100702236
11729618X
12135735X
100715524
117352748
120229862
121102424
124950078
121420779
115698841
11650417X
115445471
141953055
1016201435
124442080
117304050
116371587
121718328
100922252
141524928
1025972511
115612750
117261637
1025973747
117464104
117305103
100402429
100697771
116610379
120032988
103492124X
1055530657
100255302
100155294
132776960
141305681
122537696
1055342842
138077983
129507423
116256753
117701564
104207566
175424748
1016945655
116644494
115885536
116912820
117503088
	