#FORMAT: PND-BEACON
#VERSION: 0.1
#TARGET: http://www.uni-leipzig.de/unigeschichte/professorenkatalog/leipzig/pnd/{ID}
#CONTACT: professorenkatalog@uni-leipzig.de / Christian Augustin, Christian Rau, Thomas Riechert 
#FEED: http://www.uni-leipzig.de/unigeschichte/professorenkatalog/leipzig/cpl-beacon.txt
#INSTITUTION: Professorenkatalog der Universität Leipzig
#TIMESTAMP: 2019-01-18 13:20:13		
 11653321		
079487068		
100030750		
100031927		
100042937		
100055427		
100110290		
100123953		
10012495X		
100166962		
100227392		
100258336		
100265154		
100292437		
100300081		
10030186X		
100320988		
100332811		
100343414		
100352677		
100356109		
100459897		
100472591		
100540686		
100546420		
100558097		
100559409		
100590772		
100618030		
100625959		
10069859X		
100715494		
100762743		
100769292		
100780024		
100804500		
100810853		
100814638		
100830234		
10085950X		
100867707		
101050321		
101116047		
101161530		
10116890X		
101174640		
101179936		
101180438		
101185472		
101185499		
101186509		
101191162		
101210086		
10126609x		
101266391		
101267657		
101273452		
101294077		
101308639		
101334796		
101349106		
101349491		
101356781		
101372965		
101382626		
101386583		
101389876		
101393474		
101398549		
101405766		
101430051		
10147007X		
101471025		
10149355X		
101526741		
101544340		
101552424		
101562020		
101562616		
101570953		
101570988		
10157102X		
101571127		
101578148		
101579373		
101583257		
101588615		
101594518		
101594593		
10160520X		
101622988		
101628269		
101633793		
101636210		
101642792		
101673353		
101673809		
10167760X		
101703457		
101710933		
101713398		
101714491		
101781903		
101789181		
101827032		
101856970		
102021864		
10202507X		
102025487		
102026149		
102038651		
102043906		
102075166		
102083797		
102098182		
10210056X		
102160252		
102170533		
102172013		
102172269		
102184658		
102187363		
102196850		
102196958		
102198519		
102251541		
102307946		
102346399		
102349002		
102356122		
102361339		
102444420		
102447705		
102503060		
102503737		
102511209		
102520968		
102576874		
102631271		
102642613		
102646082		
102648832		
102651345		
102660476		
102666369		
10267163X		
102715610		
102715645		
102726078		
102733511		
102734941		
10273495X		
102737029		
10274341X		
102743541		
102746400		
102746842		
102751277		
102754691		
102769990		
10277210X		
102773378		
102826331		
102826870		
102924716		
103073582		
10311503X		
103135057		
103145893		
103157697		
103910247		
104011424		
104047038		
104050934		
104074353		
104074361		
104105100		
104105119		
104123184		
104126299		
104196661		
104208813		
104225564		
104264799		
104273801		
104284862		
104502665		
104518537		
104519738		
104533528		
104535776		
104539712		
104540060		
104566752		
104566973		
104568909		
104570733		
10458436X		
104594705		
104619295		
104626801		
104628987		
104629827		
104641282		
104659955		
10466018X		
104661364		
104661674		
10467024X		
104695471		
104697490		
104697512		
104697962		
104699558		
104723289		
104728582		
104735538		
10474135X		
104742828		
10474412X		
104745932		
104746378		
104753315		
104757019		
104783508		
104818492		
104883146		
104883154		
104894830		
104926120		
104926171		
104926961		
104927070		
104927984		
10493266X		
104951818		
104959630		
105006831		
105031909		
105033731		
105125032		
10513712X		
10513760X		
10513872X		
105138754		
105163635		
105164976		
105165395		
105193984		
105205044		
105213888		
105237698		
105238546		
105239186		
105239437		
105240761		
105248118		
105283452		
105294845		
105325562		
105326690		
105335010		
105335215		
105336319		
105336467		
105340537		
105343404		
105423017		
105423033		
10542546X		
105426369		
105457396		
105472514		
10548573X		
105495107		
105495867		
105500771		
105508667		
105518085		
105518700		
105546674		
105556696		
105571741		
105607002		
105615730		
105616605		
105616621		
105649023		
105652571		
10565700X		
105666211		
105685062		
105701726		
105703710		
105725749		
105757942		
105760242		
105772526		
105783498		
105784907		
105800155		
10581105X		
105828661		
10583856X		
105848174		
105848727		
105860840		
105860883		
105881821		
105883034		
105883085		
105883093		
105883115		
105916862		
105924547		
105952826		
105953229		
105963356		
105971596		
105972762		
105972835		
105972878		
10597370X		
106010174		
106035347		
106042254		
10607847X		
106078836		
106082019		
106082051		
106082655		
106082701		
106082949		
106082965		
10608464X		
106088092		
106088165		
106128949		
106129163		
106131826		
106132016		
106190822		
106191381		
106222341		
106223593		
10622364X		
106227459		
106234390		
10624812X		
106306332		
106319159		
106327887		
106371061		
106374532		
106375032		
106377833		
106465848		
106481169		
106592904		
10664033X		
106646400		
10665067X		
106664948		
106685406		
10668941X		
106717448		
106725912		
106740598		
106752715		
106753975		
10682077X		
106924834		
106955780		
106985396		
106985884		
106986791		
106987070		
106987259		
106987429		
106994506		
107018942		
10707060X		
107100487		
107101483		
10712341X		
107123789		
107123843		
107124106		
107126702		
107126702		
107126702		
10716468X		
10723940X		
107241714		
107242109		
107243210		
107243679		
107246082		
107246791		
107248611		
107297973		
107355280		
107360616		
107371324		
107398672		
10742388X		
10742553x		
107435748		
107452235		
107459175		
107492911		
107535726		
107541866		
107574942		
107599791		
107612410		
107651785		
10765881X		
107670275		
107670453		
10769980X		
107763206		
10779084X		
107872218		
107912384		
107914964		
108000567		
108271714		
108369447		
10841096X		
108437698		
108698793		
108727513		
108760200		
108785939		
108819019		
108841995		
108922391		
10894445x		
10896339X		
109229924		
109251067		
109285476		
109349881		
109423410		
10947872X		
109535723		
109560302		
109612442		
109750721		
109879406		
109894286		
109928024		
109954610		
110290232		
110567595		
110686659		
110953630		
111220777		
111478464		
111639247		
111786207		
111919088		
111998417		
113107269		
113191111		
113304455		
115270752		
115358730		
115391274		
115430520		
115441204		
115462724		
11546364X		
115536752		
115597778		
115602445		
115651195		
115661905		
115670602		
115698841		
115832068		
116005025		
116005580		
116010061		
116010738		
116011173		
116024259		
116028351		
11603940X		
116039841		
116042621		
116048786		
116055251		
116055294		
116061189		
116083611		
116087978		
116089172		
116091789		
116093587		
116094036		
116094362		
116094850		
116095628		
116096403		
116101423		
116105410		
116106379		
116107391		
116107987		
116107995		
116111895		
116117044		
116130903		
116137363		
116145331		
116155299		
116159901		
116166614		
116187808		
116192364		
116194367		
116195681		
116206799		
116213957		
116216131		
116221380		
116223278		
116224878		
11623539X		
116238550		
116239840		
11624870X		
116255498		
116258004		
116262397		
11627185X		
116273828		
116273992		
116291869		
116293160		
116294205		
116297263		
116300868		
116305681		
116307110		
116317876		
116328932		
116347163		
116348763		
11634900X		
116357010		
116362715		
11636355X		
116373164		
116374098		
116382813		
116393165		
116397160		
116398582		
116427892		
116433132		
116438177		
116439297		
116458593		
116458607		
116458704		
116461039		
11646125X		
116463368		
116476826		
116490314		
116494603		
116508116		
116512091		
116512857		
11651292X		
116513845		
116514353		
116514361		
116514426		
116514477		
116516828		
116521708		
116530502		
116530529		
116531142		
116532793		
116542969		
116543132		
116551070		
116552018		
116552484		
116552611		
116553049		
116553103		
116554487		
11655536X		
116556633		
116556811		
116558784		
116569026		
116575514		
116577584		
116588187		
116588632		
116593113		
116598026		
116611715		
116612266		
116612339		
116613785		
116623284		
116624981		
11662499X		
116625007		
116632968		
116657154		
116659769		
116673567		
116681888		
116687703		
116692340		
116738405		
116739606		
11674104X		
116745398		
116749296		
116749563		
116752653		
116756934		
11676628X		
116769351		
116771704		
116776021		
116776951		
116789123		
116792965		
116799773		
116804289		
116810769		
116812605		
116834803		
116850035		
116850566		
116854731		
116864982		
116866446		
116870885		
116871881		
116874422		
116878355		
116881046		
116881585		
116900377		
116900601		
116911778		
116912138		
116913118		
116916222		
116916656		
116916877		
116919604		
116923210		
116927100		
116932155		
116935391		
116938048		
116946520		
116951087		
116954604		
116961848		
116966440		
11697141X		
11697849X		
11698600X		
116991615		
116997338		
11699746X		
117000779		
117023361		
117023817		
117026387		
117027227		
117029939		
11703651X		
117037354		
117038865		
117044369		
117046043		
11704721X		
117047643		
117054453		
117056987		
117057363		
117057614		
11706713X		
11706940X		
117070270		
117071765		
117073059		
117077070		
117079448		
117080357		
117095206		
117095575		
117104884		
117105376		
117105457		
117108235		
117119520		
117120510		
117121045		
117124931		
117129119		
117133116		
117138320		
117139270		
117148814		
117155365		
117157988		
117160830		
117164089		
117167916		
117176567		
117178489		
117191388		
117204803		
117206407		
117207152		
117209309		
117211443		
117226297		
117238724		
117239283		
117244821		
117245321		
117246891		
117247162		
117248967		
117249076		
117250074		
117260568		
117260614		
11726170X		
117269166		
117269883		
117276995		
117278394		
117281387		
117282405		
117284009		
117284114		
117284203		
117293407		
117296481		
117299081		
117299545		
117317500		
117318728		
117319538		
117322334		
117331244		
117332216		
117334081		
117337080		
117344192		
117347434		
117349321		
117353078		
117353590		
117354325		
117354589		
117361607		
117362395		
117362751		
117363251		
11736777X		
117372110		
117374938		
117376078		
117380512		
11738240X		
117390186		
117400564		
117401501		
117403393		
11740960X		
11741154X		
117412317		
117413054		
117414778		
117417920		
117432296		
117433373		
117434582		
117437999		
117440280		
117441031		
117445053		
117451452		
11745561X		
117455881		
117459666		
117471763		
117474606		
117479373		
117480223		
117485632		
117489751		
117491810		
117496537		
117502553		
117505129		
117508144		
117512656		
117514209		
117516837		
117523038		
117523992		
11752770X		
11752865X		
117530476		
117534749		
117539252		
117547824		
117549665		
117550337		
117555185		
117556416		
117572098		
117572195		
117572284		
117577642		
117583243		
117584576		
117585297		
117585416		
117591203		
117598887		
117601357		
117602647		
117608017		
117608793		
117615765		
117624349		
117629383		
117629561		
11763817X		
117640816		
117642207		
117642215		
117645338		
11765762X		
117658022		
117664332		
117666491		
117673684		
117674214		
117676888		
117688010		
117691704		
117705349		
117710652		
117712701		
117712892		
117713694		
117716731		
117735310		
117752037		
117753653		
117761451		
117765643		
118001027		
118102206		
118115200		
118136151		
118149776		
118149873		
118172662		
118186922		
118500155		
118501410		
11850598X		
118510541		
11851069X		
118511742		
118513109		
118516884		
118518569		
11852223X		
118524550		
11852562X		
118527479		
118530313		
118535412		
118536567		
118537032		
11853808X		
118541013		
118547992		
118548549		
118548670		
118556657		
118562592		
11856286X		
118565621		
118565699		
118569015		
118571052		
118572180		
118573543		
118574574		
118577565		
118578006		
118578642		
118579606		
11858006X		
118581813		
118583425		
11859057X		
11859057X		
118594885		
118594966		
118596969		
118598538		
118598791		
118599801		
118602608		
11860399X		
118607502		
118608916		
118614169		
118614541		
118615173		
118615238		
118616390		
118616595		
118618385		
11862198X		
11862220X		
118622692		
118622900		
118627724		
118628054		
11862976X		
118632345		
11863562X		
118636871		
118637185		
118644084		
118644114		
118644289		
118644394		
118644912		
118646540		
118648349		
118649795		
118651854		
118652478		
118653644		
118653903		
118653911		
118657933		
11866168X		
118661884		
118663283		
118664662		
118665278		
118667246		
118670743		
118671375		
118673874		
118674706		
11867594X		
118677292		
118677438		
118680110		
118680463		
118681249		
118681559		
118681850		
118682644		
118688944		
118690590		
118692046		
11869359X		
118693662		
118699717		
118700219		
118701274		
118702947		
118703714		
118703951		
118704141		
118704303		
118707450		
118711504		
11871368X		
118714171		
118715712		
118715941		
118717944		
118720414		
118721399		
118723227		
118723650		
118724169		
118724681		
11872584X		
11872665X		
118728547		
118729470		
118732307		
118733648		
118737325		
118737368		
118738291		
118740598		
118740733		
11874335X		
118743392		
118745085		
118745441		
118746952		
118748173		
118748408		
118751727		
118754203		
118754688		
118757024		
118759353		
118759590		
118759868		
118759892		
118760076		
118760750		
118762338		
118764365		
118765086		
118766481		
118766597		
118767356		
118769316		
118770500		
118772678		
118773410		
11877378X		
118774328		
118774425		
118774840		
118775324		
118775804		
118777394		
118777696		
11877784X		
11877932X		
118779656		
118779680		
118783181		
118784293		
118784447		
118791168		
118791737		
118792237		
118793500		
118794965		
118795430		
118795511		
118795805		
118797115		
118798871		
118805843		
11880586X		
118806556		
118806688		
118822055		
118827707		
118832158		
118832840		
118840762		
11884704X		
118853279		
118900102		
118911031		
118917684		
118927191		
118935313		
118942298		
118942794		
118945254		
118955144		
118971212		
11898926X		
118991787		
119001837		
119018845		
119027577		
119034743		
11903476X		
119034948		
119041057		
119045613		
119052695		
119057956		
119066882		
119077086		
119081822		
119081938		
119089181		
119092212		
119106035		
119115204		
119127733		
119133601		
119135809		
11913702X		
119145073		
119145081		
119147114		
119150751		
119151375		
119152495		
119165791		
119186187		
119201143		
119214229		
119215373		
119225476		
119231611		
119239353		
119268132		
119268388		
119282860		
119285258		
119286777		
119291754		
119341239		
119342790		
119346303		
119346311		
119388197		
119409704		
119453452		
119466732		
119472821		
119477009		
11948692X		
119489228		
119522438		
119539284		
119540932		
119551411		
119551853		
11962902X		
119703475		
119724065		
120007983		
120058367		
120067919		
120095297		
120110423		
120154781		
120419823		
120425963		
120462834		
120508273		
120531100		
120567075		
120569566		
120635577		
120638037		
120801809		
120829770		
120854457		
120897946		
120909537		
120930234		
120930269		
120930536		
120976641		
120987074		
121005739		
121020339		
121039374		
121050718		
121050807		
12105263X		
121052885		
121060624		
121062244		
121080838		
12115064X		
121156761		
121167526		
12117784X		
121210227		
121235114		
121259617		
121304256		
121364046		
121450902		
121453839		
121469182		
121478904		
121544451		
12160120X		
121608891		
121610772		
121613658		
12163793X		
121642453		
121674223		
121708217		
121712222		
121712338		
121713563		
121834948		
121846768		
121900401		
121916731		
121933555		
121988031		
122020456		
122052315		
122072006		
122107225		
122131584		
122145968		
122351401		
122470117		
122474783		
122521102		
122571355		
122643909		
122658256		
122710533		
122754913		
122760441		
122862724		
122864786		
123042275		
12306371X		
123109868		
12318231X		
123258561		
123287154		
123435277		
123635942		
12365890X		
123719720		
123832241		
123914957		
123926572		
124089046		
124200508		
124277411		
124302742		
124303331		
124329349		
124349293		
124359752		
12436005X		
124364837		
124413471		
124434703		
124437818		
124544789		
124547311		
124580297		
124651399		
124686214		
124702325		
124716903		
124749984		
124750664		
124813755		
124848869		
124869629		
124910858		
124982549		
125003587		
125028946		
125140339		
125177755		
125197896		
125309430		
125314914		
125374763		
125401515		
125416326		
12543569X		
125445245		
125489110		
125630476		
125664176		
125675526		
125678282		
125694318		
125720629		
125788789		
125830076		
12593002X		
125967225		
126127700		
126272379		
126280797		
126313989		
12641081X		
126426880		
126441596		
126540020		
126647836		
126678340		
126831556		
126947031		
127428151		
127593462		
127606491		
127624090		
127997911		
128091061		
128097299		
128173092		
128235470		
128284862		
128448636		
128517522		
128609133		
128674326		
128721103		
128738294		
128745363		
128759933		
128768673		
12877455X		
128814217		
128828234		
128867779		
128881623		
128962763		
129006025		
129020125		
129033707		
129095427		
129234591		
129540277		
12958388X		
129711691		
129826898		
129833339		
130088447		
130184659		
130218596		
130220574		
130274178		
130511323		
130825832		
130840890		
130983632		
131030752		
131076027		
131289314		
131347691		
131420984		
13145482X		
131517562		
131555030		
131582526		
131774581		
131888099		
131947249		
132006049		
132227053		
132245116		
132346044		
13250412X		
132617994		
132779544		
132781573		
132781859		
133101614		
13312567X		
133254119		
133385825		
133391477		
133409546		
133565513		
133576140		
133746968		
133751775		
133787850		
133790320		
133802493		
133846903		
13385552X		
133899616		
133919099		
133968847		
133973360		
134090020		
13421255X		
134231368		
134445007		
13445605X		
134522109		
134535391		
134693736		
134702158		
135363462		
135424372		
135656370		
13566120X		
13566778X		
135686792		
135726816		
135731240		
135774780		
135842034		
135856833		
135872359		
135932815		
13593303X		
136033229		
13603800X		
13609970X		
136104525		
136134181		
136202020		
136205070		
136222013		
136267254		
136267971		
136302823		
136303846		
136367542		
136427553		
136452361		
136469787		
13647022X		
136733824		
13677217X		
136781713		
136789862		
136803040		
13684412X		
136877400		
136943357		
136953131		
13699606X		
137003218		
137003293		
137182554		
137269684		
137327803		
137375107		
137493657		
137568967		
137589484		
137611501		
137632711		
137649991		
137666101		
13768326X		
137685394		
137807287		
13781772X		
137818327		
137821778		
137935358		
13793792X		
137978944		
138016046		
138018820		
138023700		
138057966		
13807495X		
138092621		
138129126		
138129754		
138372217		
138379157		
13843297X		
138680892		
138703043		
138713723		
138903042		
13890667X		
139041249		
139366318		
139451218		
13970258X		
139871268		
139898204		
139899472		
140060529		
140333290		
140442995		
140456325		
140570500		
140805478		
140877444		
14093362X		
141080825		
141685174		
141930454		
141994878		
142068780		
142105422		
142232793		
142368407		
142394882		
142763942		
142825352		
143161725		
143188984		
143193791		
143664107		
143908995		
143909096		
143923579		
152157417		
154501123		
155195255		
156716216		
156719363		
156743051		
156848740		
156890127		
157096734		
157257509		
157294641		
157535495		
160713331		
172209862		
177335947		
186666772		
188176535		
20872477X		
400090724		
400168979		
401326195		
480417377		
481813693