#PREFIX: http://d-nb.info/gnd/
#TARGET: http://gutenberg-biographics.ub.uni-mainz.de/gnd/{ID}
#RELATION: http://www.w3.org/2000/01/rdf-schema#seeAlso
#DESCRIPTION: GND identifiers in the Catalogus Professorum of the University of Mainz
#CREATOR: Michael Haft <Michael.Haft@adwmainz.de>, Torsten Schrade <Torsten.Schrade@adwmainz.de>
#CONTACT: Christian George <C.George@ub.uni-mainz.de>
#FEED: http://gutenberg-biographics.ub.uni-mainz.de/gnd/personen/beacon/file.txt
#UPDATE: monthly
#INSTITUTION: Mainz University Library, Academy of Sciences and Literature Mainz (Digital Academy)
119127059
117242500
139427945
10111852X
122486455
1055498613
118501410
1034658417
118503928
113689280X
118142690
1025705688
118671340
12894594X
116877936
121902560
116959819
118767704
11860421X
118690760
126009244
1055241558
118689347
139899111
119152916
1055264817
119239663
1137029889
116181354
120272709
1020162279
117343927
116701498
118601199
106987244X
171977424
117615765
132186063
1132544912
119361833
120540444
117745391
11718859X
134130391
117753505
116469528
1136347909
118553232
1052955827
118624075
119294400
118716212
1136890777
113702402X
1208035029
1123539456
117375462
118706632
118741551
1136689818
118663534
1137028882
112353926X
1102280224
118752502
1081050152
118561669
102609543
11601072X
116103817
1136445412
1046646915
1017518483
1141241633
105167835
1041800711
104941359
1012378292
113679025X
117102997
105666262
118515683
1123681244
118757016
1136882820
118634798
1024976661
118651811
118600168
1050532260
1239071523
128860413
1012412237
133678008
1136676783
107519606X
118695738
125138067
116721065
115452206
125429290
170276058
117012394
120447258
11883780X
1153576074
1107068622
119009358
117139785
137307241
1050553721
122014308
132164868
104548959
13184010X
117754919
11886890X
133963128
129492159
1136688013
118750240
137731205
118580132
124439454
118593382
17219573X
125310595
117278572
10509904X
106235931
120225743
118726293
120426099
118550659
118747231
1196047464
124511848
118636766
104932260
138380988
117184357
117023388
118794884
1136885749
1202745032
116073926
118904396
1064018009
105010960
117714380
1065279264
1050552814
105523925
13337212X
174078609
105130281
1141412152
112809830X
105053218X
104974411X
108477592
116874651
106455222
118694014
118577697
116613726
126091412
1245586653
118504002
11883617X
118694294
118505726
116040076
118506250
104671505
120564785
118652869
106417169
137948115
10427459X
104728957
118507656
1064721443
1022906615
1014330076
136184421
1060534681
118860003
1014811279
115469788
118831631
139938753
1015388906
123080142
132097168
117719803
118759728
104924543
118662732
1015931251
123364280
122678834
118907107
117757365
128288353
1126273414
118758667
119277425
129450634
120828014
118513079
106515365
1047612828
124098010
1067680926
1156200911
118739387
104924535
11851461X
1042788146
118825496
139711279
1195901771
118559176
119154447
1019549009
115557741
117400769
118674560
118674722
11675172X
12056937X
105431494
118516272
119020378
133338045
105026042
112685382
105043087
1202557961
119027178
172014905
132480239
1139178768
118817086
115399518
1136443509
105196932
105941948
139706194
137436319
118707159
128721103
118525808
140255591
120301113
1156409756
1147095396
1047595362
105432318
116366265
130327263
104512660
137945698
1212207548
105237698
118746391
118682016
11653835X
137808631
119288966
118530836
1163970883
118531190
11955450X
11639482X
131413341
174067852
118686356
120732580
172093139
119263432
119193620
118687050
119071320
136186807
122826434
124194044
1146865457
118692259
118814508
174120834
12929229X
1123537917
1136891722
1190603020
137887965
119306212
120608510
110292556X
11872715X
117205389
115461655
118616668
118731351
117372110
118779605
118938355
118766961
102257868
11873640X
11879552X
118814850
121072339
116588039
118545507
118835246
118737333
118712136
122799224
123637406
118777483
118789538
117335142
116801425
101117132
116853042
117080365
118729136
118591541
122271335
119482630
119142546
116448903
117755125
118771264
1055155627
118589660
119061066
120249685
131525336
119135884
119219050
117712701
140099409
118558811
139165754
1109932219
118618946
119154714
118760173
138398992
136214223
170941566
137224222
119137860
1017537267
1065347391
11692649X
117710997
122396103
117750050
105397113
117402222
1027702473
117726257
120427443
1136887342
118982826
139697861
1103586106
1055271236
119022095
124864368
117713589
119044471
121907031
107866927
119003139
119398176
118598295
1047249642
1025166833
138935386
1102183687
11897114X
116754680
1055363270
117309699
170217418
1029182701
118760106
113702805X
113663763X
119458179
1080928138
118583603
1136889035
170121747
120478668
170180352
105035610
108133259X
1065210221
118696718
1077121539
1203309511
1175217670
1074375467
1070887161
1081335688
116369841
117757586
116684186
1070667056
116941111
121388212
102341206
133795039
104690712
1192277740
121281337
119194946X
118941305
116540192
11895282X
121062236
12848070X
1250463432
1047600544
118554794
121664053X
120854368
118024809
11892429X
117410691
1143544625
136279198
118712918
119254573
118567640
170118215
118588419
118588664
119020823
121510239
118814109
118563483
118580086
105586358
121070646
17405842X
118626906
1162460261
1037881672
1147094608
1192234618
1192515927
138880476
115667571
1186642548
1136686762
1250694892
107919885
120063700
1025565819
117737984
116273615
1038388503
121390853
1012470202
120844929X
11872455X
13302671X
106239643
1098219376
133051684
140257985
1089261705
10470456X
107323575
116838752
1051216206
103509309X
140856757
11873301X
1050396294
118584723
105200034
104575115
117097403
1080966722
119560518
107096595
118843745
1216660069
1152826697
1163546712
1141243377
119551896
1219472425
105187739
137170718
172306132
13219497X
1051177499
1069526584
1065212720
105099902
1163468630
105254738
1153567229
1109897731
1109899157
1202544762
129706647
182034410
1172523304
118953923
105306084X
118833928
105210668
1011284952
11874366X
1128828170
1200483774
118599763
170146340
1206696125
110735099
130199885
118601911
120038668
105123145
1123680345
1207283576
122949897
108439062
1048087840
118822403
133159396
1151464031
11565450X
116804122
117720607
122670531
122188969
1022580841
1012556816
1075169100
117754498
117330426
1012771474
118909908
118610414
120514648
118986805
129950378
135534704
120162237
139522379
1128094495
11861150X
123673208
118898892
119394712X
172374065
125556101
120245688X
112809584X
133475719
1088447422
1204031320
10647278X
106667580
1128097230
1051163862
119046253
1078426651
118627716
117726613
1089101856
1020195975
1095669133
122472349
1019390190
118806084
11725374X
13992860X
142950017
107011123
1033584118
138847568
17096891X
1204394350
12232689X
119175517
1190575256
1079797424
1191315266
172671167
1207509531
1141239809
1055313230
123831725
118960008
1204882053
1204030502
1197278540
1204883459
116005904
118805193
100132723
1204028974
1204035393
1136480633
1106112385
1209417162
122850327
1204879648
118507923
1204887810
1204888558
124980988
1204892822
101480504X
1205110593
1209417456
1123221553
1205116702
120511906X
141941685
1207951218
1207951730
1207953415
120709724
1208035061
1208035088
122985672
116726571
12476035X
123755654
124209807
1051476208
120409410
1209715988
128582677
1209716690
120525028X
1157827179
1205250581
1209716984
1027525733
1205251707
136160611
142579742
1205325042
1205251456
132867176
1205327959
102570469
1205338268
1205344845
1209785595
128560789
1209785714
104374845
115720057
1209788225
1205350292
123002656
1067653953
1136430792
1207355070
1026701716
10407969X
104365420
122582489
141191228
17329670X
103101942
1209317354
116796855
131761277
120742692X
122259645
1207427594
1207429252
1207429759
1209710323
102518297
141940808
120788541X
1207885800
1207950076
1207950300
1208035142
123006902
104196610
132815524
1051475929
128862610
121533417
124240429
1122056826
141847107
120769433
1208807889
103157174
124250823
129807281
100378978
1042193487
1209320053
1053510683
1209320835
1193530946
124251668
1209417677
120971054
1052864384
100326285
116809280
129721719
1209453207
115800980
1209453231
129721727
173296734
1209453290
1209453487
1209644061
130191663
11983457X
1209710579
121610403
142369225
119112167
118845047
1193213010
1209912538
117240494
1209913542
1209914115
1209919192
120992028X
1022023926
10070333X
133191842
173296726
119874687
124161332
100092403
118697544
1158959710
120172828
1186664940
1186667028
122876318
1186668628
1055349804
1186671734
1157793037
1187371300
1198759526
100335608
1187374105
1187378925
1198779276
105556294X
104234407
139043179
1187387959
139810986
1198820322
1198897333
132947102
100042325
1187548065
1198901896
116216247
1187677280
1055590358
118516833
1187680087
1187681245
138599041
119636107
1187683477
1195745516
1055657924
100880193
102733718X
1196165629
1076100961
14120902X
1197271929
1197273255
1187684759
105126054X
104334819
101103611
136587763
1012399745
1197952985
101873032X
1197952365
115390278
1197843175
1202974791
140366385
1187691003
1187692069
1187693561
118910279X
1202975283
1189103257
1035497247
1191307697
11624027X
1191803287
1191806332
1191947521
1191949400
1027458424
124583466
100868932
1192399218
173303684
1192485572
139132112
128875607
140371370
135982855
1067091718
132333651
120310118X
1203106122
120311107X
100688292
1203333951
13600489X
13014889X
140142738
102911622
1012265013
122976312
1193067820
1193069467
119307181X
1193072581
116908866
105558319X
100868517
100160565
116491191
143885340
1193450330
121425509
1193462223
1022723081
102572607
1193466733
1193606063
1055206175
1036332004
133005046
1193617200
1067199888
100314260
1050049527
123714222
123753228
1194214029
1194215092
1194997511
1194998488
172589800
1197850511
1197854487
1197857095
1197859608
1197862102
1197864156
142624969
1197951032
1198163275
1197958215
129044571
1198170506
1198172894
1198175338
144000709
121318222
1198254580
1198257911
131759795
1198264675
1198268166
142228672
115856234
1012390594
1198289910
138687390
1245835121597
119873194X
100958141
1035381826
1199407038
1199662119
1055323074
1199892084
1200382455
102630674
11663801X
1157735495
1200255550
1200261593
142650749
102610940
11708882X
1075606764
1201330823
120133490X
1201456355
120327767
1201461197
118824473
1201783267
1202574203
100401929
1202633013
1202637124
1055341994
1202826970
142102512
100870015
1202967620
141702060
142160369
100907253
1055238387
119623579
1203581068
117309702
172753589
1059728214
1053511817
139106189
1203837275
1203838360
1203838670
129075809
117443808
1125386878
1013156439
1242919007
1190042002
1203331738
12103173X
171999878
106234633
1244400351
1246555824
118921800
1246530163
1015977103
1033140821
121756467
120036800
120269244
104535164
1246529025
1047686880
139830901
132316269
172057280
105978817
124943212X