#FORMAT: BEACON
#VERSION: 0.1
#PREFIX: http://d-nb.info/gnd/
#TARGET: http://cpr.uni-rostock.de/resolve/gnd/{ID}
#FEED: http://cpr.uni-rostock.de/cpr_pnd_beacon.txt
#NAME: Catalogus Professorum Rostochiensium (CPR)
#DESCRIPTION: Im Catalogus sollen alle Professoren der Universität Rostock seit 1419 dokumentiert werden (im Aufbau).
#CONTACT: Forschungsstelle Universitätsgeschichte Rostock <unigeschichte@uni-rostock.de>
#INSTITUTION: Universitätsbibliothek Rostock
#ISIL: DE-28
#MESSAGE: Eintrag im Catalogus Professorum Rostochiensium (CPR)
#UPDATE: always
#TIMESTAMP: 2019-01-18T12:20:13Z
#REVISIT: 2019-01-25T12:20:13Z

100073263
100098959
100121039
100125190
100230873
100266924
100280560
100365094
100591302
100596533
100614035
10072406X
100748198
100807569
100810977
100867669
100869998
100870619
100874215
100878385
100881521
100972314
100974325
10097841X
101038615
101051859
101061722
101129815
1011378531
1011399717
1011494744
1011536641
1011706954
1011707551
101170854X
1011709139
1011709775
1011710250
1011713527
1011714108
1011714523
1011714752
1011715228
1011715597
1011716216
1011716798
1011717204
1011717662
1011777231
101177755X
1011777746
101177982X
101178033X
1011780593
101178081X
1011781085
1012122522
101217834X
1012274659
1012281566
1012395987
101264631
101272669
1012772713
101285930
101297393X
101344791
1013492498
101352336
1013524209
1013620720
1013620836
1013772121
101377275X
1013780582
1013791738
1013794044
1013794516
1013794982
1013795563
1013799003
1013799593
1013800044
1013800605
1013803647
101380399X
1013804422
1013804775
1013807847
1013808789
1013958063
1013959175
1013960165
1013960491
1013960904
1013962036
1013967372
1013971574
1013972392
1013972708
1014007194
1014007798
1014008816
1014009510
1014009804
1014049814
1014051088
1014052165
1014052793
1014057183
1014059615
1014060389
1014061059
1014063752
1014064481
1014064937
1014065429
1014087465
1014087821
1014090776
1014092450
1014096464
1014903343
101509847
1015285899
1015286216
1015286763
1015286992
101528745X
1015287751
1015311970
1015316689
1015321348
1015321992
1015322417
1015322905
1015324096
1015324983
1015326668
1015326900
1015327044
1015327737
1015327923
1015328091
1015328229
1015368778
1015369154
1015370527
1015371272
1015371485
101542516X
1015425518
1015426182
1015428347
1015431976
1015434142
101543567X
1015439454
1015439764
1015440266
1015441246
1015442153
1015443109
1015443303
101549539
101562020
10158332X
101593481
1016000901
1016003706
1016004257
1016005253
1016006942
1016007876
1016014015
1016017537
101601788X
1016018363
1016018657
1016018991
1016019661
1016020694
1016046413
1016054491
101607879X
1016085974
1016087896
1016089856
1016092393
1016095775
1016097182
1016098758
1016110596
1016114699
1016115180
1016115571
1016115989
1016117299
1016178352
1016178751
1016181426
1016182341
1016183208
1016183909
1016184352
1016184875
1016187831
1016188404
1016192126
1016192584
1016194080
1016718608
1016932855
1016936842
101693789X
1016940742
1016941293
1016941633
1016942354
1016943156
1016944063
1016949758
1016950128
1016950535
1016950683
1016965729
1016966180
1016967322
1016968450
1016969414
101697048X
1016973411
1016973993
1016974396
1016974787
1016975260
1016975619
1016999372
1017002401
1017003335
1017004943
1017016372
1017017107
1017019150
1017020019
1017020795
1017021562
1017021791
1017095450
1017096058
1017097046
101710039X
1017101094
1017101574
1017102767
101710333X
1017104182
1017132607
1017132895
1017135193
1017135436
1017135789
1017136475
1017136866
1017137366
1017186731
1017187118
1017188491
1017241376
1017243468
1017245088
1017245797
1017248621
101724930X
1017249571
1017250170
1017250480
1017250731
1017252149
1017252726
1017283176
1017287449
1017288569
1017288917
1017289271
1017298238
1017301220
1017301824
1017302480
1017303193
101730355X
1017304033
1017304297
1017335974
1017339295
1017339953
1017340552
1017341125
1017341524
1017342059
101736205X
1017362203
1017365407
1017365660
1017366233
1017366616
1017366926
1017367132
101802846
1018069879
1018724702
101881308X
1018818499
1018819606
1018822445
1018822909
1018823409
1018823824
1018824162
1018908935
1018910352
101891885X
1018920226
101892258X
1018923527
1018924671
1018925376
1018926380
1018949100
1018952845
1018954333
101895628X
1018963308
1018964029
1018965165
1018967516
101896794X
1018968199
1019010479
1019011157
1019016833
1019037717
1019040149
1019040718
1019046465
1019046678
1019047275
101904893X
1019219254
1019219815
1019222859
1019223332
1019224002
1019224495
1019224886
1019225289
1019225785
1019232951
1019235845
1019236353
1019444134
101944969
1019551062
1020307536
1021149985
1022364006
102329923
102376026
102425108
102429766
102432376
102437327
102438013
102456909
102498229
102511144
102545790
102551189
102647666
102707286
102743541
1028078323
10282357X
1028370059
102911266
1030068720
103082468
1031784136
1032142049
1033425583
1033849669
1034522981
1037804333
1037946294
1038127815
103860754X
1038778948
104045280
104050934
104055014
104069457
104083409
104102527
104103167
104103329
104117311
104125101
104125187
104125195
104166282
10417952X
104184744
104191570
104191589
104197412
104206594
104210443
104214147
10423878X
104265493
104268190
104279419
104281812
104286458
104328118
104334487
104340770
1043488820
104352876
104380896
1043833188
1043833633
1043836403
1043942998
104417191X
1044186224
1044186283
1044186380
1044186542
1044186712
1044186976
104418714X
1044187263
1044187395
1044187484
1044187549
1044187956
1044188138
1044282940
104545216
104594705
104595299
10459537X
1046356143
1047132931
1047174294
104717443X
1047176661
1047192969
1047207206
1047207354
1047212595
1047212765
1047213605
104731362
1047345307
1047345668
1047345919
1047346257
1047346893
1047350688
1047351137
1047351609
1047409399
1047409968
1047411814
1047412527
1047413884
1047415070
1047415712
1047431696
1047449285
1047455161
104746425X
1047464772
1047465485
1047465620
1047471205
1047515490
1047545144
1047545268
1047545500
1047545659
1048061965
1048062767
1048064395
1048065553
1048072304
1048073823
1048082148
1048082458
1048083632
1048084582
1048110621
1048111342
1048122271
1048161641
1048162451
1048162583
1048163180
1048163369
1048163857
1048164802
1048170721
1048170780
1048170918
1048171124
1048171663
1048172015
1048172236
1048172287
1048172325
1048172368
104817249X
1048172562
1048172716
1048172783
1048172899
1048172961
1048173151
1048173224
105006580
1050598202
1050598210
1050598253
1050598261
1050598326
1050598342
1050598520
1050598679
105059875X
1050599594
1050599721
1050599810
1050601491
1050812751
10526363X
1052708609
1053180764
105325554
105325562
105334863
105546674
105659800
1058154648
1059277832
10602874X
106089455
1062670418
106345990
1066394091
1066829551
1066832625
1066832986
1066846553
1066848726
106687333X
1066874409
1066876509
1066882770
1066882940
1066883149
1066884919
1066887233
1066887810
1066888434
1066888744
1066889422
1066889732
1066890889
1066891184
1066891788
1066892164
1066919437
1066920060
1066920125
1066920249
1066920451
1066920656
1067223401
106763350
106886959
107048914
107147971
10722867X
107387743
107599252
1079415629
1082772291
1082773824
108441563
10852485X
108684849
108716899
108837785
108853802
108921115
109199960
10942381X
109557255
109658906
109742044
1098222075
1098222148
1098222318
1098223306
1098223586
1098223667
1098223748
1098223772
109822387X
1098223896
109838084
1098546830
1098551621
110033434
110223098
110312503
110491890
110726871
110825357
110922034
110981855
111056888
111199298
111204801
111600421
111608260
111768829
111840139
11189509X
112081908
112274633
112451330
1126255904
112685994
112686230
1127255169
112963358
11297418X
1131592018
1135699739
113623496
113632843
113871309
114006040
11437015X
114440328
114511667
114684618
114954453
115025383
115095489
115237585
11535249X
115363866
115370889
115393439
115398961
115412824
115420738
115425241
115447458
115488065
115527532
115530797
115551255
115588507
11559437X
115620699
115666230
115686398
115754016
115757597
115767827
115806059
11584113X
115845100
115847952
11584855X
115852786
115855777
11588324X
115885846
1159158843
116011300
116013508
116024437
116027665
116029110
11602979X
116056592
116061375
11606501X
116067527
116087110
116091312
116098813
116099674
116112166
116118547
116133201
116140623
116146699
116152974
116155299
116163852
116169087
116174420
116184418
116186887
116188235
116191791
116196297
116201738
116202610
116205822
116208317
116214074
116218177
116219734
116241551
116247940
116248424
116256540
116260149
116265752
116267380
11626991X
116273615
116274085
116276967
116279494
116290064
11629180X
116291869
116295430
116300892
116307218
116311606
116319437
116333219
116341793
116345586
116352302
116366230
116368942
116376503
116382813
116392274
116395028
116395435
116399902
116416238
116421991
116427930
11643208X
116448903
116450134
116464194
116479124
116491418
116499672
116507942
116520981
116524588
11652801X
116549955
116559500
11657075X
116571233
116583843
116588136
11659408X
116613726
116616776
116654848
116658711
11667072X
116679921
116681322
116690445
116690755
116709510
116710276
1167192133
11672742X
116728752
116733330
11673485X
11674782X
116748184
116753536
116764074
116764201
116766271
116777176
116786442
116786566
116790563
11679061X
116795905
116807717
116810106
116810750
11681263X
116813644
116823127
116825863
11682638X
116826630
116834773
116841540
116841699
116870818
116874651
116880309
116884266
116884339
116892951
116894113
116899824
116911336
116911980
116918365
116957506
116972890
116979933
116988134
117001295
117002798
117006742
117040282
117045608
117046043
117057444
117066982
117071536
117076465
117077216
117079448
117083062
117088943
117094706
117097659
117108057
117123528
11712382X
11712964X
117131458
117132349
117133418
117146587
117148423
117152064
11715265X
117154350
117155365
117155624
117156655
117162442
117168823
117170798
117182826
117183148
117183857
117204102
117212253
117223190
117241687
117244821
117252891
117262102
117263427
117266132
117270393
117281042
117282219
117282561
117291803
117323667
117337994
117338036
117342203
117352047
117354449
117368199
117369713
117370800
117370843
117378828
11737976X
11738240X
117386790
117392499
117399450
11740733X
117413437
117416959
117417424
117420751
117432652
117433586
117438103
117440779
117445185
117464252
117469173
117471763
117474673
117480835
11748296X
117483125
117487813
117510440
117512168
117524263
117531332
117534145
117534153
117534692
117539392
117540080
117552801
117553174
117554685
117555037
11755569X
11757063X
117574414
117578061
117580325
117581380
117584878
117595179
117596442
117599751
117603686
117608475
117608769
117620238
117629243
117635669
117636924
11763817X
117638250
117639184
117650811
117653209
117664332
117674176
117675717
117684058
117685054
117692409
117693774
11769875X
117707457
117707848
117708054
117711543
117711675
117711748
117712825
117720496
117724122
11772467X
117732567
117754919
117755893
118020897
118052489
118064738
11809761X
118108085
118114522
118118587
118119249
118126121
118129007
118133608
118145681
118154303
118192655
118502271
118506943
118508024
118510193
118524550
118528130
118540122
118546171
118554107
118555367
118558838
118561359
11856336X
118564854
118566679
118575023
11858006X
118587838
118593080
118596241
118598902
118599526
118599615
118600923
118606379
118607103
118607634
11860810X
118608193
118609106
118616056
118622749
118630415
118649213
118649779
118653903
118654578
118663275
118667769
118671960
118674129
118674153
118674706
118674722
118676318
118680110
118683225
118690965
118693670
118701150
11870611X
118706691
11870821X
118708309
118712098
118715941
118716875
118717863
118726714
118731408
118732331
118736213
118744518
118747258
11874979X
11875145X
118756532
118756575
118757016
118757164
118759183
118761706
118762028
118763555
118768905
118769138
118769839
118770500
118770969
11877140X
118775324
11877655X
118777939
118784919
118795430
118795686
118802879
118916289
118930095
118956329
118974408
118976419
118989987
119009137
119010917
119036762
119055538
119071339
119092700
119108127
11910850X
119120577
119129779
119147106
119149621
119186187
11920908X
119213532
119215373
119234114
119239221
119239280
119240998
119243148
119261774
119265621
11928877X
119319985
119320665
119371758
119436280
119478269
119484331
119503514
119512556
119516756
119516772
119518856
119519402
119527014
11956002X
119627590
119633388
119667738
119684705
119685159
119693798
11969669X
119713403
119754479
119759101
119759500
119772434
119774291
119777347
119780518
119782162
119783134
119793725
119841916
119868466
119868555
120029022
120052164
120058367
120063832
120078597
120080699
120081482
120112655
120152533
120178990
120186284
120238934
120239744
12024196X
120249685
120260220
120266008
120293048
120295725
120313545
120318377
120325365
120369281
120376644
120435756
12043993X
120466481
120474611
120489929
120495643
120539438
120541238
120565293
120591383
120591847
120592509
120604396
120608138
120608537
120608685
120611163
120615746
120615983
120616017
120616033
120616041
120617811
120618745
120630591
120635402
120659220
120675145
120707276
120727633
120728613
120750082
120760819
120761378
120765128
120771489
120795027
120832550
120835924
120899264
120927624
120987783
120993236
121015688
121057712
121081648
121149323
12115811X
121167534
121171477
121172562
121208494
12121687X
121217779
121237680
121242463
12124816X
121259420
121269450
121272729
121283429
121299481
12133175X
121356396
121384616
121392902
121436357
121445445
121464989
12147559X
121512428
121531678
121531899
121533093
121533190
121541169
121563553
121563731
121564045
121586480
121593215
121627373
121674290
121676021
12168587X
121687236
121689794
121691772
121717186
121740366
121740382
12178097X
121799689
121808556
121817288
121818284
121824373
121839885
121842738
121848663
121848949
121863980
121873870
121892026
12189987X
121903516
12191044X
121917282
121921336
12193439X
12194784X
121958337
121981452
121986624
122022815
122029062
122030974
122047281
122052196
122052315
122053907
122097920
122126076
122183118
122217691
122242432
122246594
122250370
122254856
12225905X
122267958
12226813X
122274636
122279085
122292189
122305418
122324110
122338863
122351827
122351835
122355245
122424409
122425359
122427467
122442881
122447808
122448405
122465148
122471997
122475097
122475488
122479866
122482271
122499700
122545257
122548353
122558332
122570715
122574648
122598253
122615549
122624009
122624386
122637828
122639014
122648706
122650611
122679032
122695186
122701933
122707516
12271086X
122713958
122722388
122727231
12274411X
122747909
122749022
122752279
122756827
122795199
122823605
122842987
122856996
122915534
122943759
122965922
122989120
122999770
123018471
123041651
123042232
123070171
123077257
123105129
12312476X
123136539
123139074
123196876
12321386X
123266351
123275644
123300800
123300916
12330685X
123314577
123322405
123360595
123386640
123391512
123420008
123454069
123481740
123511615
123571693
123574552
12357983X
123635179
123646294
123690781
12377179X
123799201
123847737
123893674
123908043
123911400
123914256
123988039
123988314
124072844
124088066
124094805
124133754
124145469
124147968
124150993
124159168
124255825
12433492X
124351263
124354866
124355005
124358322
124368395
124374352
124375154
124378560
124405797
124413854
124500838
124518184
124530680
124531709
124563260
12456416X
124571530
124571662
124579477
12459056X
124626203
124644783
124646670
124680437
124682308
124684157
124695191
124704204
124708544
124742335
124752039
124760066
124760600
124762050
124773052
124775772
124800750
124813518
124813569
124813763
124820468
124827012
124828396
124829139
124829309
124832660
124834965
124838529
124841333
124846351
124864775
124873332
124890326
124898424
124956211
124982220
125114915
125143095
125149298
125231407
125250290
12529655X
125296789
125376340
125592744
125627548
125654650
125712049
125760892
125784864
125791348
125803176
125813821
125828853
126031983
126524289
126728739
126741662
126791589
126990506
127342761
127563660
127763619
128270969
128287365
12830328X
128367709
128379812
128388951
128392088
128398604
128407670
12840776X
128409754
128425784
128444541
128455721
12847050X
128490942
128504943
128506520
12852099X
128541083
128542926
12857156X
128575387
128639377
128649127
128649151
128681063
128721227
128752939
128757736
128758627
128766018
128794917
128801352
128834889
128838302
128868430
12888262X
12889945X
129078662
129082759
129096709
129165522
129170097
129170216
129172294
129175919
129202665
12921888X
129228796
129234168
129274224
129287288
12945317X
129476277
129507822
129521833
129566802
129567264
129571776
129619728
129709247
129722650
129761222
129770868
129880493
129881376
129891630
129936685
129958611
129998699
130035300
130050784
130050784
130065307
13017078X
130194611
130204013
130241105
130312207
130320935
130380954
130382396
130412295
130466042
130608653
130665878
130687839
130922625
131378783
131378791
131467948
131476939
131484761
131493663
131540580
131593137
131714732
13175002X
131756974
13177509X
13178577X
131789864
131807838
131809067
131883704
131893351
131910590
131922505
131923226
131942352
13198960X
132038161
132052504
132053683
132157330
132158000
13217099X
132180553
132184060
132198177
132207168
132245116
132301482
132309262
132314614
132328526
132329077
132329166
132352354
132352419
132363755
132375710
132379864
132380749
132415631
132421887
132427990
132430169
132433990
132465795
132466791
132473410
132475170
132485133
132512947
132513765
132515423
132524244
132526069
132535130
132541998
132544237
132545195
132545543
13255285X
132565625
132584166
132598124
132598965
132599198
132637731
132681021
132697696
132716062
13277299X
132775999
132777002
132778130
132778505
132780844
132787865
132788233
132788357
132789094
132790505
13279490X
132800705
132857081
13285838X
132858606
132905272
132905841
132965593
13302282X
133031608
133048551
133048713
133049949
133053016
133110575
133120813
133121674
133122018
133122441
133123405
133123693
133125610
133126641
133129063
133135020
133171930
133177173
133235475
133266745
133275019
133282783
133293289
133299341
133306852
133307050
13338683X
133415244
133430138
133451968
133454401
133499847
133515931
133535908
133591263
133624013
133630234
133631737
13363695X
133649504
133675106
133678008
133678164
133725707
133741346
133757013
133757595
133785173
133799557
133801691
133802493
133841456
133850277
133872688
133875393
133880702
133906949
133914933
133916995
133966186
133977218
134117727
134183533
134205626
134206061
134206134
13425810X
134287193
134650360
135361982
135560721
135561531
135596262
135653266
135656222
135659728
13566148X
135663741
135671477
135700167
135713714
13572158X
135765137
13577831X
135803381
135843103
135847427
135877865
135878101
135902185
135947308
136033539
136051855
136125840
136129560
136130151
136130771
136133118
136138187
136141684
13614425X
136161324
136163556
136165559
136219136
136220460
136220533
136222250
136251196
136256864
136257240
136258794
136260608
136317529
136319564
136375839
136412971
136437524
136445209
136451527
136452698
136455107
136477593
136485871
136486711
136520065
136552749
136573487
136600220
136600751
136618766
136636411
136643280
136656587
136687199
136688640
136689841
136691560
136694233
136706479
136711774
136713238
136714013
136751164
136807801
136823017
13684653X
136895603
136930824
136945961
136977073
136994547
137014341
137016328
137022670
137061056
137085591
137110618
137177143
137182058
137240112
137241348
137244754
137279043
137340478
137366531
137449747
137450850
137482442
137525265
137539681
137556659
137572611
137582633
137585756
137662416
137746938
137914253
13791962X
137923082
137929773
137976739
137990871
138027277
13804368X
138064105
138076820
138084793
138133123
138134340
138147167
138208557
138263507
138273839
138274371
138275130
138276471
138277052
13827729X
13830811X
138308446
138397511
138413576
138425345
138449910
138450161
138534217
138561656
13859192X
138601240
13860231X
13860388X
138612366
138612498
138617600
138653801
138829233
138913013
138948283
138953635
138981981
138994277
139019855
139037349
139041540
139044809
139076468
139162569
139169237
139249133
139285806
139401768
139485376
139519157
139639101
139640134
139644091
139685928
139692460
139733086
139746862
139747516
139750096
139790756
13979543X
139801650
139827153
139828168
139828346
139859780
139868879
139902260
139932429
140003800
140041893
140149023
140198520
140223908
140287086
140303553
140476326
14049832X
140499202
140525688
140626085
140654364
14073337X
140740570
140749721
14075167X
14075444X
140754695
140759271
140763007
140763503
140763864
140766154
140766405
14076657X
140783636
140783938
140786961
140787186
140787372
140788670
140790047
140790330
14079087X
14079123X
140791434
140800085
14080031X
140800794
14080157X
140801855
140802290
140803149
140804358
140804609
140815260
140816011
140818138
140846891
140852670
140853138
140855912
140856358
14085665X
14085679X
140857885
140858474
140865659
140866051
140866345
140867198
140867759
140868089
140868437
140879455
140881417
140881808
140882006
140882634
140882987
140883363
140883525
140890904
140891110
140891242
140891773
140892036
140892214
140893369
14090137X
140902511
140903658
140903992
140904344
14090462X
140904905
140924167
140927921
140929126
140929282
140929428
140929819
140930078
140930698
140931090
140931198
140958908
140959246
140959874
140960546
140963200
140963367
140975438
140975578
140975705
140975888
14097685X
140977007
140977260
140977430
140997369
140997628
140998225
140998853
140999167
140999736
141000600
141036168
141056487
141064277
141086998
141123273
141157488
141284455
141318961
141359803
141363940
141364645
141365331
14136579X
141366273
141366834
141367407
141390719
141391103
141391839
141392142
14139241X
141473347
141473568
141478187
141485396
14148585X
141486511
141491914
141492503
141492589
141497459
141497742
14149798X
14149820X
141510331
141510536
141510803
141511001
141511214
141511354
141512210
141512679
14151311X
14153172X
141532556
141533005
141533587
141535709
14153592X
141641983
141647965
141648643
141649321
141649607
141649933
141650176
141653469
141653663
141653965
141654414
141654546
141654937
141663618
141685093
14168559X
141685832
141685883
141686383
141686707
141686715
14168691X
141687266
141689617
141689773
141689943
141694629
141694769
141698055
141702672
141707305
141707356
141709782
141710012
141710233
141710608
141711329
141712384
14171283X
141713313
141713445
141713844
141714166
141746270
141746475
141746947
141749091
141749822
141750502
141750936
141762179
141827793
141888067
141904461
141934182
141934360
141934735
141945044
141968605
141968958
141969482
141973382
14197382X
141974001
141974311
141974524
141974699
141974893
141975237
141975997
141976276
141976497
141977477
141978422
142023736
142024163
142024678
142026328
142028347
142034312
142035025
14203536X
142035602
142036765
142037702
142038113
142040398
142044792
142045942
142046302
142066796
142067237
142067563
142069973
142071498
142071714
142102857
142104728
142104914
142105422
142106119
142106712
142107212
142107751
142118184
142118443
142118699
142119075
142119245
14213483X
142135062
142146870
142159719
142165832
142166308
142166820
142181706
142198803
142199087
142199435
14219963X
142204234
142204870
14220515X
142254681
142282839
142283819
142286583
142292796
142310131
142310417
142315303
142315869
142316466
142317004
142317756
142321850
142322636
14232292X
142353507
142354163
142355046
142356336
142359300
142360457
142361143
142363200
142363308
142363375
142363510
142363588
142363774
142363952
14236407X
142364487
142364568
142364703
142364800
142364975
142365807
142365971
142366250
142368407
14236939X
142370142
142370355
142372900
142373044
142383856
142385042
142385395
142386626
142386987
142387193
142392901
142393487
142393754
142394114
142394416
142394645
142394882
14239582X
142396060
142396443
142396753
142397954
142398144
142466824
142500763
142501093
142501646
142502030
142502200
142548391
142549894
142550140
142550515
142550671
142622990
14262442X
142624594
142624861
142625043
142625140
142625329
142634441
14263476X
142635553
142644684
142647101
14264739X
142647764
142674427
142675032
142675296
142675539
142676799
142677116
14267723X
142768324
142769746
142770116
142770566
142771082
142771473
14277202X
142772666
142772984
142773689
142775355
142775584
142775754
142775878
142776033
14277619X
142802921
142803170
142803588
142866245
142866407
14286658X
142866989
142867217
142867470
142867705
142871869
142872016
142873152
142873748
142873985
142874221
142874620
142874841
142875244
142875767
143091662
143092073
143093096
143093460
14309405X
143094432
143094947
143095854
143100939
143101110
143101595
143101811
143102036
14310232X
143102605
143103067
143104292
143104500
143104608
143104780
14310490X
143105035
143105175
143105337
143247727
143248057
143248340
143248650
143249029
143249436
14324972X
143250116
143250396
143251724
143273728
143383515
143384155
143384570
143384767
143385224
143386131
143386441
143386689
143386743
143386840
143387049
143388592
143389378
143409719
143429736
143429795
143429957
143430831
143430963
143431129
14343120X
143431471
143431862
143432397
14343280X
143433032
143433156
143434098
143434314
143434640
143434853
143435019
143435167
143435310
143435574
143441329
143441620
143441884
143442171
143442503
143442856
143444360
143444808
143445073
14344526X
143445367
143445480
143445871
143474979
143490311
143567497
143572709
143579797
143580191
143580817
143581228
143582267
143586114
143586939
143587072
143587323
143587552
143587684
14358782X
143587943
143588001
143588443
143591169
143592548
143592904
143593153
143594060
143594265
143597507
143598228
143599267
143600362
143601504
143605968
143607456
143612859
143698338
143921703
143922025
170217418
170396878
17087821X
170909905
170999645
171375262
172726743
172751098
172762278
172943744
173000355
173638848

