#FORMAT: PND-BEACON
#VERSION: 0.1
#FEED: http://matrikel.uni-rostock.de/matrikel_rostock_pnd_beacon.txt
#TARGET: http://matrikel.uni-rostock.de/gnd/{ID}
#PREFIX: http://d-nb.info/gnd/
#NAME: Matrikelportal Rostock
#DESCRIPTION: Datenbankedition der Einträge in die Matrikel und die Fakultätsbücher der Universität Rostock 1419-1968 und 1992 bis heute sowie der Universität Bützow 1760-89 (im Aufbau).
#CONTACT: Universitätsbibliothek Rostock, Digitale Bibliothek <digibib.ub@uni-rostock.de>
#INSTITUTION: Universitätsbibliothek Rostock
#ISIL: DE-28
#MESSAGE: Matrikelportal Rostock (MPR) ab 1419
#UPDATE: monthly
#TIMESTAMP: 2019-01-18T12:20:14Z
#REVISIT: 2019-02-01T12:20:14Z

100006132
100039014
100057136
100073263
100078222
100098657
100098959
100109217
10012478X
100125190
100157181
10017731X
100180477
100190472
100192149
100196314
100208428
100220738
100230873
100254861
100266924
100271073
100277845
100280285
100280560
100281818
100290132
100309836
100325440
100336892
100343392
100461492
100474845
100477755
100487831
100540856
100541496
10054276X
100554180
100591302
100596533
100614035
100615481
10062071X
100636497
10064855X
100688055
100701485
100705367
100706223
100710506
10072406X
100748198
100749143
100752578
100753965
100770592
100807569
100810977
100811698
100821006
100826520
100835317
100839061
100867669
100869416
100869998
100870619
100874215
100881521
100886256
100892302
100898327
100900534
100914241
100931626
100942792
100945767
100964664
100972314
10097340X
100974325
10097841X
101010702
101038615
101051859
101052308
101057113
101061722
101072252
101109121
1011251582
1011390272
101140029
1011401827
1011434334
1011535874
1011536641
1011644908
101168276
1011715597
1011717662
1011772183
1011772191
1011777746
1011896087
1012111636
1012157431
1012213870
1012267199
1012274659
1012328694
1012396266
1012399753
101243715
101244312
101253295X
101258461
1012598586
1012716236
101272333X
1012766373
101276639X
1012804496
1012805557
1012811840
1012824128
101289421
1012933504
1013256921
1013323017
101332823X
1013339266
1013373928
1013402952
101343019
1013443292
1013447638
1013492498
1013517393
1013523741
1013524209
1013556321
1013601009
1013620720
1013620836
1013626060
1013725018
1013765192
1013770862
1013772121
101377275X
101378041
1013792386
1013799593
1013803426
1013842138
1013849825
101386281
1013891996
1013960165
1013972104
101399213X
1014007798
1014009804
101402594X
1014026555
1014030145
1014059615
1014061059
1014065429
1014087821
101410243X
1014245567
101425813
1014275555
101428497X
1014325412
1014326001
1014326303
1014326567
1014332087
1014458382
1014474469
1014477344
1014478685
1014496403
1014546834
101454758X
1014547687
1014551714
1014589894
1014597900
1014759552
101476930
1014770629
1014776880
1014793769
1014809916
1014815088
1014879647
1014988403
1015082076
1015093108
101509790
101509847
1015138454
1015139574
1015142524
1015143016
1015145744
1015146961
1015147240
1015149006
1015221912
1015264697
1015305741
101530943
1015316689
1015321984
1015322670
1015322891
1015325750
1015326579
1015326919
1015328156
1015354955
1015359493
1015440266
1015471463
1015511597
1015555284
1015574270
1015575528
1015669638
1015676065
1015727182
1016031149
1016082959
1016092393
1016110596
1016122233
1016178352
1016180594
1016181426
1016184352
101621280
1016271611
1016385072
1016391897
1016400934
1016441487
1016467729
1016511736
1016514654
1016518870
1016541880
1016551029
1016597045
1016691483
101681139X
1016857632
1016941293
1016967608
1016974396
1016975260
1016988605
1016999372
1017002401
1017003335
1017019150
1017020795
1017047227
1017064903
1017087121
1017097046
101709811
1017101094
1017104182
10171050X
1017136475
101715273X
1017187231
1017214654
1017215537
1017216436
1017227217
1017245088
1017246114
101724930X
1017249571
1017250790
1017252149
1017284806
1017288917
1017297517
1017341524
1017342059
1017365407
1017365660
1017366233
1017366616
101743364X
1017439478
1017439567
1017457735
1017513562
101753540X
1017548552
101756874X
101757425
101761023
1017637687
1017672490
1017674493
1017704414
1017855668
101791402
101791550
1017960860
1017993122
101802846
1018050035
1018106502
1018128557
1018179402
1018189696
1018202161
101821982X
1018222952
1018302964
101843712
1018596135
101860145
101862080X
1018621970
1018675787
1018773819
1018799737
1018819606
1018823409
1018823824
101883124X
1018852719
1018864792
1018865217
101891921X
101892258X
1018923527
1018949100
1018954333
1018967222
1018979719
1019037717
1019040149
1019040718
1019046465
1019156023
1019219815
101924738X
1019270640
1019371218
1019374837
1019380497
1019392223
1019396857
1019407298
1019407808
1019411244
101941796X
1019420723
1019439963
101944969
1019456833
1019470801
1019489642
1019501294
1019501588
1019524871
1019525878
101960493X
1019619899
1019621931
1019627794
1019717548
1019727233
1019755741
1019775521
1019816139
1019843810
1019855770
1019863846
1019872667
1019978880
102000701X
1020046007
1020079584
1020079738
1020079975
1020168196
1020246227
1020507454
1020510137
1020535024
1020624981
1020637447
1020686367
1020703075
1020766328
1020816422
1020823445
102082428X
1020847034
1020868252
1020879181
1020895926
1020900490
102095698
1021026115
1021035971
1021039195
1021040975
102110190
102110840
1021109126
1021112143
1021136263
1021146722
1021151173
1021166227
1021175439
1021176095
102117896
1021192643
1021206210
1021209953
1021227994
1021248371
1021252859
1021255319
1021255661
1021256021
102126766X
1021270563
1021280240
1021281360
1021327050
1021357626
102136696
1021378763
1021388912
1021408689
1021410543
1021717878
1021795879
102183244
1021845515
102185662
102187959
1021902756
1021916056
1021941603
1022010107
1022068962
1022133764
1022160281
1022161644
1022162152
1022164325
1022188542
1022189298
1022191098
1022197142
1022197339
1022197487
1022197762
1022198319
1022198823
1022200232
1022203959
10222112X
1022217526
1022219065
1022219308
1022219618
1022219782
1022222201
1022222546
1022222724
1022224123
1022225219
1022225669
1022225766
1022226258
1022226703
1022227297
1022227459
1022228234
1022229257
1022229893
1022230050
1022230182
1022230670
1022247840
1022250442
1022250787
1022250957
1022250973
1022256726
1022267280
102227225X
1022272411
1022272632
102227662X
1022276921
1022279874
1022280996
102228663
1022331825
1022335480
1022335766
1022349163
1022349708
1022350188
1022352067
1022353977
1022359762
1022360000
1022361902
1022362496
1022387936
1022388924
102239407X
1022410563
1022411594
1022415956
1022425463
1022427121
1022443127
1022443313
1022447394
1022448730
1022448943
1022465147
1022470914
1022494570
1022497065
1022522930
1022524798
1022548476
1022550705
1022575279
102257552X
1022575716
1022575996
1022581112
1022581139
1022581783
1022590588
1022593919
10225964X
1022602721
1022610333
1022647415
1022650181
1022671707
1022691279
1022699334
1022707930
1022720929
1022724673
1022730134
1022747878
1022762524
1022764454
1022764578
1022767585
1022770616
1022804766
1022809601
1022810170
1022830708
1022847600
1022851799
1022873695
102304408
102310525X
1023105403
1023171767
1023256568
1023275457
1023325020
1023334569
1023373580
1023375389
1023375974
1023379899
1023387182
1023410664
1023411180
1023469340
1023528479
1023528525
1023557568
1023624311
1023630532
1023632578
1023632861
102363290X
1023649543
1023670844
1023672464
1023673479
1023675943
1023689340
1023689634
1023694751
1023697203
1023713063
1023717476
1023720272
1023724111
1023736071
1023736659
102373771X
1023743515
1023752700
1023756943
1023759624
102376026
102376972
1023769727
1023773007
1023782820
102378999X
1023790831
102379585X
102382258X
1023825295
1023826518
1023827638
1023867338
1023900920
1023972433
1023990814
1024039927
1024074315
1024111040
1024152995
102416362
1024190005
1024207439
1024220915
1024227782
102424691
102425108
1024291901
102429766
1024303950
102430616
102432376
102434964
1024361691
102436975
102437327
102438013
1024390233
1024400727
102440476
102442533
102442592
102446547
1024475204
102451230
1024525503
1024539598
1024562026
102456909
1024595757
102463182
10246376X
1024663167
1024673383
1024755371
102475881
1024760022
1024760456
1024760944
1024761258
1024764370
102476500
102476764
1024783979
1024785963
1024816710
1024828743
102486135X
102489939X
1024914305
1024938557
1024948838
1024955230
1024955486
102496730
102497427
102497532
102497567
102497591
102497818
102497923
102498229
1025011724
102501920
102502153
102502196
102506647
102509654
102511047
102511144
102513351X
1025135172
102513995X
1025142160
102515204
1025161564
1025169093
102517061X
1025178602
10251934X
1025205979
1025232232
102523362X
102523940
1025241894
1025246357
102524696
1025252799
1025252942
1025267729
102527959X
1025284941
1025285573
1025289668
1025304659
1025308778
1025309111
1025312910
1025315170
1025315790
1025319028
102533717
1025345401
102534572X
1025352416
1025356047
1025369645
102537186
1025373944
102537620X
1025388917
1025393589
1025400496
102540369X
1025403711
1025404645
1025404998
1025409191
102541469
102543429
1025438949
1025446763
1025447018
1025450205
1025451457
1025451643
1025455517
102545561
102545790
1025458214
1025458435
10254753X
102547998
102548234
102549296X
1025494180
1025495942
1025499581
1025500067
102550786
1025508033
102551189
1025521900
1025526929
102553168X
1025534328
1025534352
102554978
1025572785
1025573021
1025574184
1025586344
1025586581
1025587219
1025587626
102558984X
102560498
1025607341
1025611314
1025616545
1025616561
1025656865
102567735
1025687264
102572380
1025728807
1025752228
1025757947
102576122
1025770641
1025770862
1025784006
1025794370
102579706X
1025823524
1025848039
1025881028
1025975642
1025977513
1025980905
102607472X
1026081238
102610260X
10261878X
1026227747
1026229820
1026262135
1026268419
1026294428
1026294932
1026297516
102630623X
1026314089
1026314437
1026339626
102634364X
102634400X
1026391725
1026420156
1026437679
102651696X
1026533155
102667669X
1026706424
1026739837
1026762227
102681779X
1026820480
1026825938
1026829615
1026848768
1026851238
1026852641
1026853109
1026853389
102685380X
1026854091
1026860709
102687436X
1026904463
1026907144
1026909848
1026930804
1026949696
1026950503
1026999235
1027087825
1027090435
1027092306
1027147291
1027147445
1027250505
1027251471
1027347223
1027435211
102743541
1027475884
1027508855
102755353
1027557988
1027577768
1027677762
1027681905
1027701795
102771465X
1027727638
1027742971
1027767265
1027767303 
102777675
102779047X
1027818323
1027859739
1027953239
1028026684
1028085850
1028087101
1028092946
1028108958
102811555
1028130724
10282357X
1028251777
1028280769
1028306458
102830665
102832619X
102832633
102832900
1028332572
1028333528
10283377X
1028374305
102840261
102841411
1028424191
1028498810
1028552394
1028601832
102864330
102875030
1028854501
1028855273
1028902425
1028940408
1028945485
102894868
102895023
1028951434
1028954034
1028963130
1028967381
1028984677
1029053073
1029079005
102908370
102911266
102920370
1029269017
102934517
1029355630
102939749X
1029524114
1029533245
1029570094
102957509
102957770
1029622345
1029667314
10297313X
1029760675
1029772630
102978646
102978824
1029802114
102982679X
1029842922
1029844313
1029853061
1029858950
1029932557
102995850
1029972257
102997344X
1030012938
103004742
1030057214
103005773
103006461X
1030065993
1030117179
1030117586
1030141991
1030225834
1030230374
1030233810
1030236305
1030238170
1030243840
1030275556
1030296642
103033580
1030373590
1030425868
1030445087
1030448647
103055885X
1030580499
103060357X
10307564X
103076484
103077332
103082468
103085491
103085858
103091041
103096361
103097384
103101527
103104380
103104402
103106200
103117229
1031177418
1031183418
1031201319
103120815
103121464X
103121846
103122060
103123997
103127038
1031272267
1031273964
1031274626
103127488X
1031275606
103128771X
10312893X
1031293329
1031294422
103129537
1031297588
1031298177
1031315179
1031315551
103131566
1031348018
1031354468
1031355480
1031391916
1031401180
103140220
1031411275
1031413545
1031414134
1031414258
1031416889
103142754
1031437649
1031447997
1031449477
1031452249
1031458670
1031500715
1031502629
1031503382
1031505946
1031506772
103151214 
1031526846
1031533451
1031534598
1031547452
1031567194
1031567658
1031576592
1031581332
1031585931
1031586105
1031586776
1031587209
1031593667
1031598286
1031641017
1031642323
1031642552
1031647899
1031662820
1031663142
1031663665
1031663835
1031675523
1031678484
1031683674
1031697020
1031702873
1031742018
1031745068
1031867546
1031896201
1031896562
1031910018
1031911596
1031918574
1031925368
1031962301
1031972544
1031976159
1031979980
103203453X
1032034785
1032094680
1032097396
1032134763
1032138025
1032138882
1032140658
1032142049
1032143614
1032145137
1032145617
1032151242
1032152613
1032154551
1032155094
1032156090
1032157100
1032185104
1032192771
103220091X
103221225X
1032212942
1032213671
1032218029
1032222263
1032229187
1032263997
1032266694
1032273372
1032287047
1032304030
103230541X
1032306122
1032331666
1032332840
1032334819
1032347473
1032362189
1032375647
1032402849
1032406860
1032432764
103245461X
1032506768
1032507489
1032515023
1032516100
1032523387
103252975X
1032531452
1032592052
103261482X
1032684879
1032692367
1032755326
1033201421
1033289604
1033304263
1033312665
1033376558
1033480835
103351974X
1033523690
1033528250
1033531774
1033555460
1033571296
1033572861
1033598720
1033610798
1033619329
1033659800
1033681571
1033720267
1033800074
1033808156
1033846929
1033851477
1033864722
1033901024
1033902802
1033910864
1033925977
1033932353
1033935786
1033962627
1034031384
1034031864
1034032801
1034034219
1034035711
1034038990
1034052322
1034058363
1034086952
1034091522
1034104667
1034144006
1034148958
1034193627
1034194526
1034210408
1034263315
1034266055
103436328X
1034403834
1034525867
1034533223
1034559346
1034613995
1034656988
1034662023
1034663151
1034665154
1034668889
1034669141
1034675370
1034678256
1034678558
1034699288
1034704524
103470740X
1034707825
103470866X
1034708694
103470978X
1034710990
1034711628
1034712284
1034713876
1034719947
1034724584
1034731742
1034731947
1034733699
103473749X
1034738410
103474495X
1034748483
1034753738
1034792997
1034900633
103490079X
1034904175
1034904663
1034909681
1034910469
1034933906
1034938460
1034947400
1034947540
1035032198
1035072114
1035073412
1035074656
1035076837
1035100258
1035103699
1035104784
1035108933
1035109352
1035109719
1035112914
1035124319
1035126559
103512677X
1035128381
1035128845
103513456X
1035138239
1035146843
1035146851
1035148048
1035150093
1035150166
1035155192
1035165198
1035168774
1035168871
1035169215
1035169797
1035170973
1035174642
1035211785
1035222868
1035223600
1035224550
103524053X
1035241226
1035259796
1035264692
1035288907
1035314479
1035314908
1035424800
1035431998
1035440482
1035449013
103548384X
1035512289
1035518686
1035524848
1035617838
1035619393
1035620340
103562172X
1035621886
1035621983
1035622157
1035627736
1035632608
1035634740
1035635046
1035675560
1035845105
1035845261
1036112675
1036248852
1036273911
1036444031
1036522784
1036530140
1036554481
1036671429
1036671518
1036715965
1036859800
1036902781
1036903362
103690802X
1036971511
1037010337
1037012550
1037048164
1037049810
1037106156
1037118901
1037123131
1037135628
1037147642
1037190114
1037193172
1037195493
1037211383
1037228510
1037257456
103727783X
1037284038
1037331141
1037338634
1037399315
103740503X
1037412699
1037419685
1037420527
1037449258
1037493818
1037505360
1037540050
1037675916
103769404X
1037697189
1037741161
1037789318
1037811143
1037837754
1037850882
1037853784
1037876423
1037877543
1037878094
1037880242
1037888472
1037937910
1037951107
1037967593
1037991281
1037994736
1038035457
1038037433
103806354X
1038064368
103809982X
1038159296
1038263492
1038460379
103854369X
1038561590
1038564565
1038568765
1038624665
1038625483
1038652952
1038655072
1038674697
1038707838
1038709202
1038719453
103876260X
1038778948
1038800323
1038829003
1038832047
1038832063
103883208X
1038872561
1038874939
104046430
104046848
104049995
104050934
104053569
104058218
104058595
104064374
104068078
10406854X
104072989
104073004
104073403
10408345X
104086130
104089377
104089393
104092955
104094931
10410094X
104102527
104103329
104106441
104111267
104114029
104117311
104117362
104120460
104121157
104121688
104122153
10412346X
1041245408
104125101
104125187
104125195
104126191
1041262191
1041289375
1041291345
1041304293
1041305702
1041306520
1041306644
10413111X
1041312636
104134259
104134364
104135417
104136138
104136561
1041372809
104138211
104138718
10413884X
104139129
104142057
104143657
104145072
104145293
104149582
104150009
104152176
104152656
104154357
104154535
104154985
1041565895
1041589700
1041592558
1041594097
1041611218
104161221
1041613717
1041630956
104164492
104166282
104166444
1041694318
1041706138
104171871
104172150
104175311
1041762895
104176815X
1041789696
10417952X
104179643
104180404
104180803
104181796
104182342
104183101
104183381
104184744
1041851545
1041864248
104187190
1041901496
1041914016
104191570
104191589
104192933
104196181
104197390
104197412
1041985339
104199210
10420205X
1042028079
104203382
1042049769
1042065519
104206594
104207159
104208511
104209526
104210176
104210443
104211563
104211571
104211601
104212381
104212454
104212489
104214147
1042164312
104219017
1042199981
1042200882
1042218315
104222182
104222255
104222603
1042246378
1042247501
104225033
1042260710
1042267170
104227004X
104227745
104228458
1042302456
1042302847
104230789X
1042308802
1042332967
104233420X
104233583
1042336881
1042348995
104235020
104237627
1042380007
1042381607
10423878X
104238917
10423900X
104239034
104239921
1042424276
104244526
104247533
1042487782
1042488363
1042489416
104251530
104253622
1042543372
1042546487
104255250
1042575061
1042588872
1042590648
104260513
104264438
1042648565
1042651469
104265493
10426781X
104267836
104267976
104268190
1042685479
1042689172
1042690383
1042690782
104272473
104273046
1042737150
1042738084
1042740348
104274107
1042761000
104277033
1042782156
104279419
104279915
1042802688
104280557
104280808
104281812
1042854696
1042855161
1042857873
1042858837
104285885
1042859582
1042860580
104286296
104286458
104287330
104287489
104288221
104288272
104288337
10429079X
10429146X
104300531
1043029141
1043057277
104309202
10430930X
1043093664
104313102
104314370
104314524
1043161678
104316225
1043188886
104319038
104319127
104319348
104319356
104320567
104321989
104322705
1043230793
104323388
10432340X
104325038
104325593
104328118
104328886
104329246
1043303006
104330554
1043326804
1043327908
104333278
104333286
104334487
104334592
104335084
104335106
104335750
104335785
104336110
1043362010
1043385487
104338628
1043399518
1043401865
1043408304
104340983
104341122
1043447407
104345022X
104346752
1043476830
1043488820
104349182
1043506632
1043512160
1043515577
1043517847
104351918
1043520295
10435206X
104352876
10435352X
104354216
104354461
104354569
104354682
104354895
104354941
104354968
104355042
104356960
104357339
104357355
104357851
104357878
104357894
104357916
104361867
104362006
104362049
104362189
104363118
104363126
1043635351
1043649905
104366494
1043672087
104368365
104368414X
104370807
1043727108
104373474
104373989
104374764
104377437
10437778X
104379286
104380462
104380896
104382341
1043827676
1043829105
1043829296
104383012X
1043830642
1043831495
1043831797
1043833188
1043833633
1043834095
1043834508
104383463X
1043835385
1043836403
1043836985
104383947X
1043839933
1043840060
1043869441
1043885773
1043936416
1043946845
1043948716
1043952187
1043977007
1044012129
1044118849
1044120339
1044120916
1044121629
1044122366
1044123338
1044124113
1044132302
1044134909
1044135492
1044170263
1044171162
1044171448
1044171618
1044171693
104417191X
1044172185
1044174153
1044174676
1044185147
1044185449
1044185627
1044185783
1044186224
1044186283
1044186380
1044186542
1044186712
1044186976
104418714X
1044187263
1044187395
1044187484
1044187549
1044187956
1044188138
104418843X
1044188642
1044188790
1044191872
1044192143
1044192933
1044193263
1044239980
1044240504
1044241225
1044244526
104424478X
1044245646
1044248718
1044298677
1044299908
1044300191
1044304944
1044305460
1044305673
1044306521
1044306793
1044307218
1044307722
1044308036
1044308257
1044308680
1044309024
1044309970
1044310308
1044311320
1044311495
1044311800
1044319356
1044327499
1044328983
104432922X
1044329483
1044329645
1044329777
1044329998
1044330139
1044330538
1044330635
1044330856
1044331321
104433147X
1044331569
1044332107
1044334436
1044335238
1044335378
104433567X
1044335815
1044335947
1044336463
104433679X
1044337184
1044339179
1044345810
1044355964
1044369272
1044385642
1044409266
1044414235
1044445416
104446836X
1044468432
104446867X
1044468858
1044469188
1044469404
1044469552
1044469625
1044492082
1044493763
1044517972
1044521104
1044560193
1044563664
1044623748
1044664096
1044665211
1044693525
1044694645
1044735074
1044741511
1044744308
1044889926
1044916273
1044932287
1044944382
104516724X
1045172618
1045176893
1045190586
1045233455
1045254916
1045333875
1045334685
104544805
1045463914
1045568740
1045593524
1045594350
1045659878
1045720682
1045766631
1045772445
1045910015
1045922110
1045942472
104595299
10459537X
1045962643
104603429
1046085948
1046093169
104629827
1046397400
1046397729
1046428616
1046481444
1046659243
1046818740
1046828940
104689609
1046899686
1046922467
1046928546
1046976869
1046977229
1046977709
1046977962
104697825X
1046978535
1046981218
1046981250
1047022095
104705938X
1047092468
1047092484
1047092824
1047092972
104709309X
1047106728
1047106809
104710685X
1047106914
1047106973
1047111454
1047111691
1047111918
1047112469
1047112957
1047113139
1047113465
1047114313
1047114496
1047117088
1047118130
1047132192
1047132559
1047132931
1047135868
1047174030
1047174294
104717443X
1047174928
1047176564
1047176661
1047176823
104717703X
1047177706
104717779X
1047192527
1047192969
1047193000
1047206811
1047206927
1047207206
1047207354
1047209411
1047211556
1047212595
1047212765
1047213443
1047213605
1047250527
1047250802
1047251043
1047252074
1047252619
1047258714
1047258900
1047259095
1047264080
104726451X
1047264757
1047264927
104726529X
1047265451
1047265648
1047266512
1047266628
1047345307
1047354284
1047397609
1047409399
1047409968
1047411814
1047415712
1047449285
1047470993
1047480298
1047517140
1047647044
1047763567
1047767937
1047869330
1047903911
1047904268
1048064395
1048072304
1048110621
1048111342
1048163180
1048172015
1048188027
1048208168
1048374211
1048396061
1048451712
1048480852
1048481298
1048589625
1048671577
1048694224
1048703851
104873286X
1048745864
104891874 
104891971
104901675
1049138821
1049228634
1049397231
1049399269
1049406060
1049411080
1049571878
1049590929
1049763025
104977115X
1049837401
1049895797
1050190300
1050299868
1050355695
1050365488
1050367316
1050381459
1050399366
1050415450
1050415981
1050416236
1050417534
105041764X
1050417712
1050417879
105041800X
1050427114
105043238X
1050436385
1050438965
1050523288
105054420X
1050597850
1050598032
1050598164
1050598199
1050598202
1050598210
1050598253
1050598261
1050598326
1050598342
1050598369
1050598520
1050598679
105059875X
1050599594
1050599721
1050599810
1050601491
1050602005
1050602099
1050602153
1050602226
1050602307
1050602358
1050602498
1050736435
105083054
1050856775
1050986679
1051054265
105109541
1051297966
105129973X
1051301491
1051327040
1051348854
1051349621
1051350131
1051360234
1051362539
1051362660
1051405831
1051427363
1051464404
1051474965
1051499623
1051500117
1051591007
1051629543
1051711096
1051831989
1051881420
1051929040
1051940338
1051942489
1051942497
1051942713
1051943175
1051943264
1051943280
1051943353
1051943566
1051943604
1051943833
105194385X
1051943957
105194399X
105194404X
1051944090
1051944244
1051944848
1051945089
105194516X
1051945526
1051945666
1051946077
105194631X
1051946352
1051946557
1051946719
1051946735
1051946832
1051946840
1051946891
1051946948
1051947006
1051947227
1051947235
1051947596
1051947731
1051947766
1051947774
1051947820
1051948029
1051948061
105194807X
1051948134
1051948185
105194855X
1051948649
1051948703
1051948711
1051948797
1051967414
1052050638
1052099483
1052122078
105229345X
1052294316
1052365493
1052423078
1052439489
1052448054
1052448852
1052449875
1052450822
1052452477
1052455417
1052455557 
1052456235
1052461921
1052469892
1052471064
1052471323
1052471641
1052472249
1052475213
1052476864
1052493610
105249367X
1052495494
1052504574
1052510558
105252334X
105252527X
1052564895
1052569706
1052612709
1052683932
1052705421
1052705642
1052705774
1052705804
1052705936
1052705944
1052706010
1052706029
1052706215
105270624X
1052706495
1052706525
105270655X
1052706568
1052706754
1052706762
1052706770
1052706851
105270686X
1052706878
1052706886
1052706908
1052706916
1052706932
1052706940
1052706959
1052706967
1052706983
1052706991
1052707041
1052707076
1052707084
1052707157
1052707297
1052707467
1052707505
105270753X
1052707556
1052707602
1052707610
1052707645
1052707777
1052707807
105270784X
1052707882
1052707912
1052707971
1052707998
1052708048
1052708080
1052708161
105270817X
105270820X
1052708293
1052708366
1052708374
1052708420
1052708439
1052708447
1052708544
1052708560
1052708625
1052708714
1052708838
1052708935
1052708943
1052708986
1052709109
105270915X
1052709214
1052709419
105270963X
1052709737
1052709745
1052709753
105270977X
1052709842
1052710034
1052710123
1052710409
1052710425
1052710433
1052710441
105271045X
1052710522
1052710530
1052710573
1052710581
1052710603
1052710611
1052710662
1052710751
1052710816
1052710956
1052711200
1052711251
1052711332
1052711901
1052712126
1052712215
1052712533
105271255X
1052712630
1052712649
1052712665
1052712673
1052713688
105271420X
105271529X
1052715516
1052715567
1052715621
1052715923
1052715966
105271627X
1052717357
1052717373
1052717756
1052717918
1052717934
1052717942
1052718094
1052718477
1052718485
1052718930
1052718949
1052718981
1052719368
1052719406
1052719422
1052719473
105271949X
1052722067
1052723179
1052723659
1052723993
1052724299
1052724388
1052724566
1052724590
1052724884
1052725996
1052726410
1052726542
1052726720
1052727719
1052727972
1052728189
1052728634
1052729657
1052803008
105283363
1052864929
1052870244
1052881858
1052885624 
1052885640
1052944841
105300578
1053048912
1053054092
1053056346
105307767X
1053080999
1053081553
1053133758
1053138555
1053138903
105314301X
1053152353
1053156391
1053157827
1053164106
1053164262
1053165536
1053165617
105324097X
1053241453
1053242158
1053243006
1053243979
1053243995
1053244630
1053245084
1053246145
1053246269
1053246358
1053246366
1053246382
1053252544
1053254504
1053260784
1053275080
1053275978
1053275994
105327601X
1053281293
105328165X
1053282788
1053283520
1053290020
1053291876
1053294840
1053297106
1053297114
1053299834
1053305443
1053323719
1053344686
1053390009
1053390017
1053390033
1053395701
1053395809
105339604X
1053396503
1053406576
1053422245
1053424469
1053430892
1053447280
1053448031
1053448066
1053451008
1053451032
1053453124
1053453485
1053455313
1053455577
1053456751
105345709X
1053457464
1053464649
1053473583
1053487797
1053487932
1053487940
1053487967
1053488653
1053488866
1053492545
1053492561
1053497563
105351350X 
1053697910
1053769229
1053969686
1054047111
1054091234
105413259
1054195870
105431764X
1054357285
1054380988
1054536147
1054569657
1054933979
105494429
1055109676
1055114572
1055114696
1055118195
1055133844
1055165657
1055183949
1055184023
105518404X
1055184058
1055206337
1055206353
105522114X
1055223401
1055234969
1055235604
1055241892
1055250662
1055280340
1055299769
1055301232
1055303332
1055303715
1055304134
1055315551
1055317848
1055320148
1055320865
1055323058 
1055324178
1055324186
1055324194
1055327045
1055328424
1055329676
1055337970
1055338144
1055338993
1055344381
1055356223
1055358692
1055361758
1055365214
1055374876
1055383506
1055384995
1055388737
1055393226
1055399194
1055399208
1055399763
105539981X
1055400338
1055407995
1055409750
1055412166
105541567X
1055436332
1055443886
1055451226
1055458794
1055460942
1055484248
1055484981
105549653X
1055503633
1055509305
1055509461
1055512063
1055520740
1055522166
1055528318
1055530053
105553878X
1055539018
1055542612
1055542930
1055544550
1055551948
1055555943
1055558861
1055564608
1055564748
1055566848
1055567976
105558664
105558840X
1055588787
1055596062
1055603646
1055605045 
1055605118
1055607846
1055608133
105560961X
1055609873
1055612211
1055614338
1055617191
1055617205
1055621806
105565416X
1055654291
1055656626
1055657363
1055659250
1055663924
1055664351
1055668217
1055673105
1055673687
1055679995
1055680004
1055680012
1055680713
1055681876
1055681892
1055684131
1055685022
105568512X
1055689214
1055691189
1055693041
1055694153
1055695087
1055696040
105569630X
1055696318
1055698493
1055699457
1055702830
1055705031
1055706127
1055707220
1055709983
1055711031
1055711147
1055714405
1055714626
1055718168
1055721983
1055726314
1055728287
1055729143
1055738630
1055780270
1055786295
1055792333
1056084030
1056090944
10560917X
1056110155
1056112441
1056132329
105615408X
1056767928
105689346X
1056987480
105706841
105724181
1057550612
1057551511
105755491X
1057555126
1057563269
105756687
1057569372
105777773
105783498
1057855960
1057904015
105814846X
1058148842
105820209X
1058282700
1058747487
105881767
1058995936
1059252066
105971065
1059734435
1059799790
105980528
1059845326
106002876X
1060086875
1060155699
1060157292
1060238411
1060529513
1060531453
1060580918
1060674505
1060706563
1060859815
1061106772
1061140563
1061142027
106114220
106121561X
1061727165
1062535936
106260024X
106269354X
1062825748
1062975898
106303317
1063046211
1063144310
1063144361
1063352045
106341316
1063730724
106412256
1064131905
1064133134
1064134092
1064134912
1064139884
1064140076
1064140300
1064186122
1064274889
106433903
106461796
1064899730
1064972284
106505940X
10651587X
1065348452
1065613520
106587216X
1065894376
1065914741
1065935994
1065936605
1066208697
1066284938
1066347964
106634969X
1066713456
1066720029
1066748152
1066811334
1066848726
1066864659
1066889422
1067075658
1067076697
1067113169
106724479
1067265406
106743691X
1067512357
1067609741
106763350
1068070854
106807115X
1068164409
1068194103
1068197706
1068353120
1068353392
1068353635
1068366575
1068410418
1068411422
1068472677
1068483873
1068492384
1068564202
106878514
1069140929
1069614351
1069892106
1069893137
1069919411
1069919527
1069919799
1070064262
1070075744
1070230367
1070240419
1070240567
1070263133
1070263621
107028257X
1070284890
107028825X
1070288543
1070288748
1070289124
1070289361
1070289566
1070289817
1070291579
1070291803
1070407240
1070415073
1070637483
1070924393
1071086049
107116898
107124106
1071334557
107147971
1071632248
1072233479
1072242265
107243184X
1072477076
1072860317
1072862980
1073304582
107330907X
107339106X
1073484246
107363275
107405261
1074535189
1075330254
1075345103
107549131
1075509149
1075601754
1075613515 
1075733340
1075741270
1075829518
1075830265
1075834090
1075835410
1075867045
107653788
1076885098
1077176759
1077366981
1077386974
1077535708
107777205X
107809516
1078119481
1078366039
107890832X
107891034
1078937567
1079070648
107910616
107912074
107925501X
1079392610
1079394451
1079395172
1079395288
1079395423
1079415629
1079416579
1079417443
1079417818
1079418075
1079426094
1079496823
1079497110
1079497374
1079499148
1079501649
1079501703
1079502173
1079502521
1079503137
1079503323
1079505725
1079550135
1079550410
1079550941
1079559582
1079563199
1079563407
1079567283 
1079568034
1079618295
1081082461
108115893X
1081159669
1081159855
1081159979
1081160020
1081264926
108141624
108201396X
1083049070
1083050168
1083050508
1083050710
1083051636
1083051806
1083051911
1083052047
1083052381
1083052837
108305306X
1083053450
1083053957
1083054155
1083054511
1083054694
1083054880
1083055062
1083055534
1083055798
108448525
1085181596
1085190064
1085190676
1088419240
108921107
1089842392
1089924801
109336739
10942381X
109512995
109557255
109557840
1095782738
1095889575
1096257866
1096258080
1096258277
1096258323
109625848X
1096258579
109676505
109704916
109742044
109757114
109821613X
1098216393
1098216970
1098217543
109821790X
1098221915
1098222075
1098222148
1098222318
1098223306
1098223322
1098223586
1098223667
1098223748
1098223772
109822387X
1098223896
1098223969
1098224035
1098224086
1098224108
1098340728
1098546830
1098551621
109965221
1100203753
1100898255
110089859X
1100899146
1100900306
1100902317
1101614331
11022714X
1104155257
110491890
1106404777
1107026687
110796977
111007459X
111063582
1111063303
1112137726
111383471
1115742337
1115828924
1116951436
1117155145
111761565
1120625742
112171059X
1121710972
1121711650
1121712819
1123593744
112451330
1124859934
112487531X 
1125146095
112605612X 
1126058912 
1126062863 
112620207X 
1126210579 
1126600970 
1127080601 
1127673378 
1127756729
1127758160
1127758950
1127759442
112864082
1131280342 
1131281772
1131282965
113128433X
1131363779
1131365356
1131738519 
1132093759
1132174791
113228481
113327587
1133501575
113763653X
1137646667
113784051X
1137840919 
1137842725
1137842989
1137852704
113785443X
1137948159 
1138306886
1138733865
1138927414 
1138946532
1138948330
1138949698
1138951293
1139140965
1139175424
113928505X
1139285947
113930710X
1139395459
1139449737
1139733834
1139733990
1139734210
1139778684
113979468X
1139801988
1139861808
1139866591
1140503006
1140546759
1140667130
114085268X
1140939394
1141206137
1141210150
1141315866
1141316358
1141317745
1142116352
1142142221
1143265513
114354966X
114372335X
1144282578
114492586X
1144993180
1145055796
1147593035
1147714258
1147717303
1147718946
1147771022
1147802289
114789311X
1147898111
1147905096
1147982775
1148595872
1148793461
1149930020
1150421304
1150540834
115054466X
1150545054
1150546123
1150733713
1150734205
1150736313
1150736585
1150737182
1150803126
1151190225
1152066625
11535249X
115352740
115359966
115362592
115364552
115365877
115369775
115369805
115370153
115373306
115375058
115389075
115389989
1153927837
115393412
115393552
115393897
115395113
115396128
115400141
115430318
115430334
115431187
115433686
115449027
115458360
115458425
115459863
115460683
115460705
115460764
115465383
115467130
11546820X
115486135
115500928
115501002
115508473
115509798
115530150
115530266
115531890
115532501
115533400
115562516
115566732
115585036
11559437X
115595961
11559633X
115596992
115598324
115600957
115605177
115616039
11561608X
115620699
115627081
115628568
115631496
115635777
115636072
115639152
115639837
115639969
11564086X
115643087
115646183
115646191
115647279
115647465
115647732
115647740
11564797X
115648739
115649360
11565724X
115661093
115661824
115666796
115670610
115672060
115672532
115677143
115685936
11568610X
115694439
115695036
115710329
115720170
115720405
115721053
115726179
115726365
115727574
11573208X
115732144
115732500
115732616
115735364
115736492
115743626
115745769
115746080
11574634X
115746501
115747656
115747850
115748164
115748172
115748318
115748644
115751351
115756027
115756086
115756892
115756922
115757597
115760113
115772367
115772391
115774696
115774955
115775773
115776389
115780939
115781722
11578909X
115789677
115789715
115790144
115790349
115790586
115790942
115791299
115791345
115791590
115792287
115793615
115793879
115794409
115794581
115794980
115795103
115795413
115797734
115798420
11579865X
115798692
115798706
115798889
115798943
115799087
11579963X
115800565
115801618
115806199
115807349
115807632
115808221
115808655
115808671
115808809
115808841
115808884
115809139
115809414
11581003X
115814213
11581423X
115814361
11581437X
115814388
115814566
115814612
115814949
115822658
115822836
115822992
115823069
115823654
115823921
115824367
115824669
115829466
115829733
115829857
115830553
115830642
115830790
115830863
115831037
115831142
115831169
115831266
115850872
115852786
115853146
115853529
115854312
115854452
115854479
115854827
115855165
115855203
115866337
11586864X
115870113
11587075X
115872078
115872108
115872418
115872574
115872582
115872612
115872655
115873600
115877819
115879595
115879714
115879897
115881492
115883665
115884297
115885439
115885781
115885846
115885889
115885994
11588615X
115889213
115889477
116000317
11600553X
116005696
116009241
116013273
116013508
116014709
116020415
116025913
116029676
116029781
11602979X
116033231
116043652
116045825
116048921
1160511543
116052732
116057610
116061235
116061375
116062215
116072040
11607759X
116086009
116086025
116087110
116087331
116087870
11608801X
116089687
116099062
116105003
116106174
116106301
116109688
116110686
116111909
116113499
11611505X
116115521
116116498
116118547
116129069
116152974
116153482
116157240
116157372
11615876X
116158867
116164816
116165049
116167580
116171308
116174420
116175036
116186887
116187255
116188235
116189525
116189606
116195096
116196629
116196920
116202750
116204982
116211571
116213744
116218185
116219076
116219610
116220759
116222484
116227591
116231262
1162328401
116240806
116241551
116244569
116244763
116248424
116251158
116253576
116253711
116254785
116256540
116257431
116257490
116258837
116267380
116269014
116276967
116279338
116279494
116290064
116290080
11630247X
116303425
11630345X
116303514
116304529
116305088
116307218
116307587
116317833
11632886X
116333170
116341793
116343338
116349786
116353333
116353678
116354429
116354623
116360550
116361964
116366230
116369051
116377836
116392274
116394609
116394641
116408693
116414537
116420596
116421568
116423218
116423609
116427582
116429194
116436190
116437960
11643998X
116454911
116456736
11646321X
116467967
116473614
11647646X
11648232X
116482419
116491418
116494018
116498374
116508248
116509228
11651356X
116520981
116527684
116530294
116545054
116546581
1165494493
116550120
1165504375
116550546
116551348
116553774
116554754
116561831 
116566256
116566809
116567376
116568038
116570512
116579080
116581832
116583843
116588136
116602953
116605014
116613254
116616652
116616733
116616776
116616806
116620056
116620501
116629657
116630302
116630884
116637277
116640545
116641428
116658711
116658800
116666250
116669608
116670681
11667072X
116674474
116678402
116679921
116680024
116681446
116685603
116693150
116697474
11671171X
116716800
116724307
116726415
116730676
116736313
116742054
116745827
116746580
116747471
11674782X
116750723
116767154
1167674634
116774665
116775661
116789107
11679061X
116795271
116796790
116800895
116810750
116810785
11681831X
11682672X
116831324
116831669
116831863
116832088
116834773
116845627
116854383
116854804
116855266
11685894X
116862823
116868147
116869356
116870141
11687385X
116874538
11687502X
116887583
116888717
116889551
116889578
116896442
116898704
116903473
116911220
116911980
116914424
116918063
116921145
116924667
116930241
116931019
116942630
116943785
116948442
116951923
11695230X
116961325
11696149X
116963085
116964707
116968753
116968788
116988134
116988592
116990244
116991836
116998938
117006181
117015296
11702290X
117026905
117034290
117034312
117040282
117046043
117046116
117057444
11705884X
117060461
117061468
117066702
11706694X
117067245
117070270
11707134X
117071366
117071765
11707814X
117078875
117079448
117080055
117081973
11708235X
117083062
117088900
11709014X
117092576
117106143
117106585
117109037
117112461
11711295X
117114642
11712382X
117125237
117125660
117131636
11713273X
117148423
117156655
117162442
117164666
117167002
117167878
117168823
117171409
117173932
117174645
117178136
117183830
117184411
117187097
117187984
117192791
117198900
11720336X
117205907
117206024
117208442
117213047
117220299
117221406
11722636X
117229083
117229520
117235946
117245747
117249335
117256145
117259012
117263427
117266132
117269352
117272957
117275840
117278327
117280321
117281212
117285757
117293210
11729618X
11732762X
117330736
117337161
117341657
117345628
117355127
117355518
11735676X
117360422
117364215
117365912
117365947
117367141
117370215
117370541
117370800
117370843
117370886
1173748768
117375276
117382582
117383317
117384348
117392448
117400912
117403393
11740408X
117404799
117410403
117410896
117414158
117414204
117417424
117419206
117420751
117424234
117433586
117437506
117438103
117438618
117440957
117440981
11744443X
117449679
117452939
117455350
117458317
117465526
117466689
117469335
117474673
117481858
117482250
117483052
117484148
117485802
117486620
117486701
11749268X
117495484
117503010
11750453X
117506281
117506486
117508632
117509280
117510297
117510548
117520578
117521205
117524263
117525278
117525782
11752705X
117532495
117534145
117534153
117534706
117538183
117538329
117538779
117539252
117541036
117545341
117550337
117550671
117552801
117555037
117563765
117566063
117567450
117568600
117571113
117572217
117576891
117578398
117581380
117582263
117585297
117586412
117589160
117591386
117596256
117597465
11759833X
117599085
117603058
117607967
117608475
117608769
117615560
117620807
117622001
117624349
117624756
117624772
117628131
117629529
117636886
11763817X
117643726
117643831
117646555
117647233
117650811
11765597X
117664251
117664332
117671622
117675725
117676381
117678058
117684058
117684244
11769875X
117707457
117708275
117711675
117718947
117720119
117721212
117723363
117725676
117726974
117727474
117732869
117746800
117750336
117750425
117750948
117751103
11775188X
117753505
11775529X
117757306
117758515
117759066
117759260
11776681X
117766968
117768278
117768308
118001574
118001795
118001876
118003216
11800347X
118003488
11800350X
118003518
118003526
118025414
118029118
118029258
118045733
118057898
118059009
118061917
118064711
118064738
118079190
11808223X
118096427
118113763
118113933
118114026
118114522
118114557
118114603
118116606
118117297
118119249
118125966
118126180
118153447
118154303
118161326
118165909
118167553
118169181
118173685
118181076
118182870
118192655
118505076
118510517
11851279X
118514237
11851461X
118515969
118516744
118517031
118524089
11852531X
118526189
118526669
118527150
118530917
11853095X
118532251
118537970
118538837
118540122
118542877
118547046
118549774
118556061
11855817X
118558838
118559206
118561693
118566326
118567101
118572237
118573446
118573705
118575104
118575503
118576194
118587293
118588826
118590332
118593048
118596128
118597965
118598481
118598511
118598821
118599526
118599976
118605372
11860810X
118608487
118612433
118613669
118615238
118615602
118619241
118619721
118621416
118622366
118622463
118627899
118629700
118631829
118634305
118637401
118637452
118639595
11864386X
118644246
118653628
11865585X
118657933
118660101
118661191
118661744
118665324
118671839
118673122
118673904
118678795
118680110
118684531
11868468X
118685457
118691732
118698621
118698664
118701215
118701673
118702491
118703714
118704419
11870608X
11870656X
118707507
118707620
118710680
11871130X
118712098
118722204
118724614
118726714
118727753
118732560
118733826
118734857
118736213
118737082
118738925
118741632
118747614
118749277
118751409
118751719
118752510
11875324X
118755471
118756532
118762672
118766406
118768832
118768948
118777939
118783335
118784919
118788264
118801449
118802879
118804030
11880698X
118807250
118808273
118822055
118823485
118829157
118829319
118837974
118840037
118862014
118862960
118884727
118888048
118891510
118900250
118902512
118927191
118930095
118932357
118966227
118967584
118974408
118978055
118982567
11898618X
118989987
119009137
119022486
119024446
119055538
11905986X
119090198
119096447
119110598
119120577
119129779
11913702X
119137364
119145723
11914655X
119151464
119177323
119180049
11918222X
119194449
119207427
119213532
119240246
119242265
119260344
119267675
119287064
119288028
119297787
11930399X
119323710
119335611
119346931
119349612
119352885
119367041
119368277
119368684
119371340
119371758
119371987
11937434X
119427524
119434091
119436280
119439204
119467429
119489422
119491419
119503514
119521555
119522888
119526271
119527022
119533839
119558416
119601311
119602938
119606445
11961250X
119612852
119614502
119614944
119615932
119616874
119617811
119618095
119618184
119620847
119622475
119624346
11962446X
119625059
119625369
119625660
119626152
119626519
119627590
119632594
119633388
119636212
119637782
119637790
119637952
119641526
119642840
119643421
119646463
119648261
119648679
119649322
119651416
11965489X
119655462
119655586
119656620
119656795
119656841
119659514
119659778
119660547
119667738
119667894
119672928
119674440
119677792
119681684
119684314
119684438
119684705
119685159
119685272
119685655
11968683X
119686937
11968859X
119690527
119693348
119693712
119693798
119695251
11969669X
119699281
119699974
119704692
119707810
119710838
119713071
119713233
119713292
119713403
119713578
119715449
119719576
119721198
119721341
11972345X
119723468
119726106
119726564
119727501
119729644
11973480X
119737795
119737965
119739569
11974130X
119741466
119742713
119744473
119744511
119745178
11974757X
119754479
119754630
119755238
119758431
119759071
119759098
119759101
119759500
119760339
119760371
11976041X
119761823
119762048
119762889
11976539X
119765500
119765772
119765837
11976976X
119770288
119770970
11977237X
119772388
119772434
11977318X
119773414
119774291
119777290
119777347
119777835
119778092
119778238
119780518
119781808
119781816
119782162
119782316
119783134
119783673
11978503X
119792575
119793253
119793725
119794101
119794845
119797178
119800683
119800829
119801973
119802112
119803100
119803747
119806916
119808722
119810956
119811448
119816091
11981773X
119820013
119820072
119823411
119824337
119830213
119831341
119833514
119833611
119838826
119840227
119840561
119840820
119841916
119848465
119851156
119851407
119859033
119862174
119863243
119864355
119865386
119868466
119868512
119868555
119873494
119874121
12000111X
120003074
120003252
120017172
120023792
120023857
120025299
120026066
120026104
120026112
12003316X
120033607
120034999
120035995
12005065X
120051591
120054698
120057425
120058855
120059029
120063832
12006779X
12006801X
120078953
120079062
120079186
120079755
120102153
120102560
120102692
120103206
120115573
120149702
120151545
120152231
120152401
120152533
120152630
120152843
120152991
12015305X
120153076
120153181
120153386
120153513
120153602
120153742
120153807
12015384X
120153998
12015403X
120154110
120157276
120158094
120160749
120160986
120161052
120174979
120175614
120175770
120175959
120179504
120180227
120180375
120180502
120181886
120183234
12018771X
120190338
120190915
120191512
120198231
120202646
120211467
12021377X
120213885
120221799
120223228
120224313
120224380
120230801
120237695
120238411
120238705
120238934
120239744
120240017
120241145
120249685
120253615
120257491
120257904
120260220
120263130
120263688
120266776
120267039
120270374
120280663
120282860
120285029
120288192
120288265
120293056
120293250
120293498
120295725
120303647
120305976
120325365
120329131
12034369X
12034453X
120345765
120346516
120350386
12035313X
120365316
120365340
120369400
120369672
120370514
120370638
120370654
120370662
120382199
120384965
120399393
120401452
120401479
120404451
120411245
120424746
120431459
120436434
120437309
120437333
120437481
120437880
120438712
120441047
120442965
120443074
12044464X
120445328
120445352
120449951
120461730
120471353
120472716
120472848
120472902
12047297X
120473097
120473259
120473283
120473518
120473666
120473968
120473976
120474263
120474476
120474573
120474611
120476606
120476932
120477122
120482983
120486490
120491664
120493047
120511266
120521849
120523035
120530023
120530171
120539438
120567091
120568306
120568373
120574756
120578743
120580373
120586606
120586835
120590875
120591383
120591847
12059224X
120592428
120592444
120592509
120592533
12059255X
120592614
120592630
120592754
120592878
120592924
120593343
120593602
120593939
120593947
120593971
120594013
120594056
120594072
120594099
120594110
120594218
120594307
120594331
120594382
120594404
120595745
120595753
12059577X
120595907
120595931
120595958
120596105 
120596172
120596237
120596806
120597039
120597519
120597934
120598248
120598981
120599066
120599082
12060194X
120602091
120604396
120604914
120606429
120608138
120608537
120608685
120611163
120611791
120612674
120612771
120613670
120613794
120615746
120615894
120615983
120616017
120616025
120616033
120616041
120617811
120618303
120618745
120619741
120622246
120622734
120623935
120633051
120635402
120647206
120649233
120654415
120688506
120691388
120701928
120702037
12070756X
12070837X
120711176
120712393
120734346
120734524
120734591
120734605
120735075
120735121
120735148
120735210
120735318
120735350
120749734
120749742
120749750
120750082
120750414
120750457
120751100
120751232
120751291
120751313
120751348
120751356
120758261
120760886
120760983
120760991
120761041
12076105X
120761378
120761416
120762382
12077982X
120782650
120796783
120797631
120801809
120802775
120804743
12080591X
120815109
120849380
120851202
12088304X
120892367
120892839
120892987
120893053
120893088
120900106
120901072
120901560
120902958
120905019
120907631
120907658
120907690
120907704
120908263
120912880
120914360
120922355
120922371
120924854
120924862
120935937
120936259
120940795
120948443
120951274
120953005
120956934
120957612
120969319
120969521
120972182
120972654
120972824
120975564
120980371
120984466
120984504
120984512
120984520
120992469
121001687
121010295
121015343
121036766
121037150
121037215
121044475
121045463
121045633
121051579
121054551
121054810
12105487X
12105506X
121055167
121055981
121056171
121059197
121059219
121059448
121059499
121059650
12106400X
121064387
121067955
121075249
121076121
121077721
121078337
12107885X
121079511
121080358
121084108
121088162
121089096
121093026
121093050
121093263
121094693
121095967
121102823
121102904
121103145
121103684
121105229
121106462
121112667
121113760
121118398
121119211
121119459
121123189
121124118
121128245
121128261
12113606X
121140806
121143481
121143546
121167534
121174182
121191117
121191648
121191656
12119289X
121198111
121209113
121210146
121211304
121211339
12121687X
121224023
121224635
121226646
121230449
121234371
121238512
121238768
121240401
121245047
12124816X
121248364
121248453
121249239
121252671
121253007
121256502
121258491
121259420
121259846
121275337
121276600
121285839
121287963
121288730
121292967
121293149
12129420X
121295729
121299619
121300439
12130048X
12130051X
121300978
121301087
12130213X
121303268
121314839
12131491X
121314944
121314979
121314987
121318842
121318850
121318869
121318907
12131894X
121318958
121318966
121318974
121318982
121319016
121319032
121319040
121319148
121319156
121319180
121319563
121323099
121323129
121323145
12132317X
121323250
12132334X
121323757
121323862
121324060
121324125
121327272
121327930
121328783
12133175X
121331814
121331911
121332284
121332403
121333493
121335496
121335518
121335909
121335976
121336107
121336174
121336204
121336212
121336247
121336263
12133628X
121336840
121337219
121337588
121337898
121337987
121343839
121344495
121345254
121345602
121345793
121346587
121350037
121350053
12135007X
121350088
121350118
121350487
121350606
121350614
121350622
121350630
121350649
121350703
121350711
12135072X
121351025
121351408
121351572
121352110
12135654X
121356574
12135685X
121356892
121356906
121356930
121357104
121357333
121357716
121360369
121361462
121361470
121366634
121367215
12136769X
121379302
121383725
121385809
121386724
121387267
121387887
121388417
121388433
121388468
121389804
121390543
121391116
121391132
12139154X
121391558
121391566
121391574
121391604
121391612
121391620
121391647
121395863
121396819
121402495
121411028
121412393
121416585
121420728
121422291
121423670
121424243
121429458
121431800
121431827
121433013
121433803
121434486
121434702
121434982
121435059
121438147
121438600
121438627
121439100
121439356
121440524
121440656
121442357
121444023
121444880
121444902
121444910
121444945
121445321
121445445
121446107
121446794
121447839
121449807
121451151
121460967
121461505
121461513
121461750
121461769
121461807
121462293
121463664
121464989
121465071
121468984
121469603
121480453
121480704
121485307
121485927
121488497
121493873
121508412
121510905
121510948
121531899
121533468
121536459
121537676
121537978
121538168
121538338
121538508
121538702
121539350
121540200
12154057X
121553639
121553647
121555046
121555089
12155726X
121561887
121563553
121563731
121564045
121565521
121568636
121572390
121575454
121576264
121578283
121581721
121581888
121584976
121591840
121593215
121596591
121602370
121602745
121609464
121611795
121613062
121620913
121624277
121646718
121647099
12164748X
121648087
121654141
121654214
121675645
121675998
121676021
121676110
121676129
12167617X
121676196
121676226
121676498
12167858X
121678660
121678695
121678717
121678784
121678830
121678857
121678865
121678873
121678881
12167889X
121678911
121679179
121679632
121681130
121681149
121681564
121681734
121685454
12168587X
121685896
121686051
121686094
121686132
121686299
121686329
121686825
121686841
12168718X
121687236
121688003
121688038
121689719
121695379
121695506
121696448
121696456
121696723
121696774
121696863
121696898
121696987
121697665
121699838
121701336
121701883
121703460
121703681
121703924
121704173
121704548
121704572
121704599
121704971
12170498X
121704998
121706257
121706451
121710041
12171019X
12171036X
12171103X
121712354
121715450
121721485
121721760
121721868
12172333X
121731057
121736873
121740366
121740382
121744043
121747743
121753085
121753611
121753980
121754103
12175538X
12175801X
121758540
121766578
121768090
121768112
121772535
121773043
12177385X
12177595X
121776395
121778029
121778339
12178097X
12178195X
121783014
121783030
121783758
121788814
121791068
121791874
121793362
121799298
121799530
121800083
121805573
121806502
121811166
121818284
12182019X
121822125
121824411
12182764X
12182828X
121830098
121830144
12183025X
121832295
121832325
121832570
121839907
121840964
12184529X
121847969
121853306
121855449
121865304
121866335
121866866
121867242
121870839
121873870
121874222
12187477X
12187656X
121876845
121877817
121878821
121881962
121884112
121886867
121890953
121891828
121891941
121892026
12189987X
121902293
121902862
121902978
121903028
121903044
121903168
121903281
121912760
12192162X
121922375
121922391
121922405
121922456
121922464
121922480
121922499
121922510
121922529
121922545
121922588
121922596
12192260X
121922618
121922626
121922642
121922650
121922669
121922685
121922693
121922707
121922715
121927083
121934268
121934772
121934780
121934896
121935035
12193599X
121937607
121944212
121944956
121945413
121945464
121945480
121945502
121945510
121945537
12194557X
121945731
121945758
121945928
121945987
121945995
121947254
121947270
121947408
12194784X
121948196
12194834X
12194865X
121949354
121949508
121949524
121950794
121950840
121951677
121952991
12195336X
121956938
12196941X
12197121X
121971260
121971287
121971457
121971511
121971740
121971996
121972100
121972135
121972143
121972208
121972259
121972283
121972305
12197247X
12197250X
121972666
121972712
121972720
12197331X
121973409
12197345X
121973476
121974790
12197507X
121975142
121978613
121982165
121982173
121982270
121982297
121982459
121982483
121982505
121982521
121982637
121982734
121982807
121982815
12198284X
121982920
121983765
121984745
12198480X
121986624
121988856
121989089
121989348
121989356
121989739
121990575
121990613
121995356
121996883
121998932
121999874
122002393
122002474
122002504
122006747
122018516
122020103
122022432
122022785
122022793
122022815
122022866
122022890
122024230
122024303
12202446X
122024540
122024605
12202463X
122024672
122024710
122024753
122024761
122024788
122024850
122024885
122024893
12202608X
122026802
12202768X
122029488
122041836
122042298
122042581
122057635
122066049
122066596
122073193
122079698
122080815
12208084X
122081331
12208134X
122081404
12208179X
122086058
12208912X
122089154
122090861
122097742
12209851X
122098609
122098625
122099354
122102991
122104412
12210823X
122108809
122109074
122110285
122111419
12211485X
12211843X
122118782
122120957
122121015
122121074
122121090
122121147
122122003
122123085
122123174
122123220
122123239
122123247
122123263
122123344
122123409
122123468
122123514
122123522
122123565
12212359X
122123646
122123662
122123751
122126211
122131584
122134052
122136349
122138058
122138686
122139488
122141245
122141342
122142616
122149831
12215133X
122155424
12215925X
122164903
122166779
122173090
122173309
122173775
122183118
122202708
122203313
12220929X
122217179
122225023
122246918
122249062
122249089
122249984
122252012
122252438
122253264
12225905X
122259513
122261380
122262972
122263545
122263928
122267702
122267958
122268016
12226813X
122274865
122276760
122280792
122284496
12228478X
122284801
122284828
122284844
122284860
122284879
122284909
122284925
122284976
122285018
122285034
122285050
122285069
122285077
122285093
122285107
122291247
122292189
122292200
12229565X
122298349
122300645
122305418
122307895
122307925
122308425
122319869
122321855
122335511
122335554
122335570
122335708
122338251
122339444
122339568
122351827
122351835
122380223
122390911
122392361
12239237X
12240968X
122409728
12241974X
122422783
122423585
122424255
122424409
12242509X
122425359
122425413
122425596
122425685
122425812
122425952
122425987
122427491
122430239
122436687
122438728
122438973
122440110
122441567
122445112
12244891X
122458621
122459237
122465466
122473167
122476298
122476875
122477154
122477367
122479866
122479882
122491750
122491831
122496698
122499700
122500261
122500431
122523806
12252893X
122532880
122533879
122534042
122534077
122545257
12254627X
122546881
122547683
122548884
122552873
122556712
122557247
122557980
122558332
122559185
122560698
122563549
122570715
122570782
122571746
122572300
122574265
12257432X
122574648
122590597
122590619
122594134
122594398
122594525
12259505X
122613554
122614577
122614585
122614666
122614976
122615085 
122615115
122615123
122615131
122615158
122615174
122615506
122615549
122619013
122645367
122645472
122645499
122645960
122646398
122646673
122646754
122648692
122649605
122649613
122652061
122652088
122652452
122652657
122652665
122652681
122653033
122653254
122653831
122662199
122662458
122662474
122663233
122664795
12266566X
122666550
122667212
122667263
12266812X
122668146
122668170
12267085X
122680405
122682920
122682955
122682971
122682998
122683447
122683684
12268463X
122687809
122687892
122687906
122687930
122687949
122687965
122687973
12268799X
122688147
122688163
122688422
122688457
122689755
122689771
122689844
122692799
122696719
122701453
122701933
122706404
122712463
122712471
122712587
122713052
122713370
122713389
122713419
122713427
122713451
12271394X
122714040
12271430X
122717309
122722728
122746600
122749413
122759443
122759575
122759680
122759737
12275977X
122759796
122759893
122766776
122774299
122776836
122777190
12277762X
122777964
122778286
122782585
122783271
122784235
122786092
122787854
122790944
122792661
12279835X
122798821
122800060
122817281
122824679
122824741
122827732
122850572
122853113
122853156
122853245
122853997
122856996
122857100
122857674
122857720
122857747
122857860
122857895
12285795X
122858204
122858247
12285828X
122859375
122859405
122859979
122862864
122862902
122862929
122862961
122863011
122863070
122863119
122863135
122863224
122863925
122864050
122864158
12286445X
122871146
122871901
122872843
122873084
122873238
122873246
122873254
122873408
122873998
12287403X
122874722
122874730
122875168
122875214
122875338
12287546X
122875559
122876091
122876261
122876695
122876733
12287675X
122876776
122876814
122876830
122876873
122876938
122877039
122877101
122877462
122877497
122877632
122877683
122880692
122880927
122883551
12288356X
12288390X
122884183
122885228
122885805
122885988
122886135
122886232
122886372
122886380
122886429
122886453
122886461
122887107
122888995
122889096
122889185
122889193
122889444
12288986X
122891317
122896637
122898613
122902351
122906659
122906888
122907361
12290737X
122909038
122915402
122915437
122915534
122915542
122918592
12291936X
122923588
122927559
122929942
122929977
122936663
122937473
122937554
122937619
122937635
12293766X
122937767
122937856
122938240
122939018
122939735
122939832
122939859
122939905
122939956
122940202
122942116
122943287
122944356
122944542
122966090
122971574
122973542
122978153
122981723
122985192
122985230
122985559
122991478
122991486
122995953
122995988
122996690
123000033
123000556
123002249
12300344X
123004772
123013356
123019095
123022061
123022282
123023793
123024900
123034469
123035643
123041155
123042232
123060877
123061008
123061024
123061040
123061075
123061105
123061156
123061199
123061318
123061326
123067472
123067677
123069831
123070546
123070783
123072514
123072794
123073197
123073510
123073758
123073790
12307391X
123074002
123074045
123074169
123074479
123077230
123077257
123096227
12310176X
123115663
123115671
12312476X
123126681
12312705X
123129885
123139074
123141265
123141419
123141710
123148480
123148707
12315491X
123155223
123166918
123166942
123166977
123166993
123170885
12318648X
123186730
123193087
123193605
123195276
123195462
12320318X
123211123
123211166
12322876X
123228972
123229464
123234298
123238986
123256704
12326488X
123266076
123267757
123284376
123292743
12329374X
123294924
123298253
123299365
123299594
123299659
123299675
123299764
123299896
123300002
123300800
123300916
123302021
123308682
12331254X
123312981
123316898
123328810
123328942
123332117
123337305
123346754
123354633
123358906
123359511
123360595
123361761
123366518
123374634
123385636
123386640
123386845
123386853
123396891
123397928
123398010
123401836
123405297
123436478
123439744
12345154X
12346157X
123463947
123468469
123469716
123469805
123503019
123503248
123503280
123503930
123505941
123506409
123506654
123506794
123506913
123507723
123511615
123514274
123524997
123525047
12352704X
123527066
123528097
123528127
123528240
123528275
123528291
123529050
123529263
123529298
123529476
123529522
123531853
123532019
123532116
123532337
123532353
123532752
123532779
123532833
12353299X
123533309
123533716
123537819
12353786X
123538688
123538920
123539323
123539358
123540453
123550289
123553784
123554128
123576644
123591058
123599881
12359989X
123607299
12360771X
123609755
123621941
123631815
123645409
123647703
12365338X
123662303
123662656
123675901
12368613X
123695201
123703182
123711665
123736935
123739241
123751616
123751659
123751691
123763339
123763355
123763371
123763428
123780128
12378784X
123789338
123792843
123796121
123799201
123799244
123803071
123804167
123804264
123807220
123812798
123812887
123813131
123819636
123825024
123825342
123834589
123847737
123850479
123864305
123866154
123868041
123878705
123900247
123905486
123915511
123943353
123946271
123946387
123947340
123949386
123951968
123965799
123965810
123965837
123965845
123965926
123965942
123965969
123969948
123973562
123976685
123977134
123985692
123988012
123988039
123989361
124014836
124039057
124045790
124062539
124072844
124082114
124133622
124133754
124134424
124134734
124135226
124135412
124135811
124135854
124135951
124136060
124137881
124137989
124138039
12414201X
124146449
124147100
124147968
124150284
124150993
124152686
124159168
124161944
124173691
124176755
124185606
124187544
124204325
124204554
124204570
124207685
124221823
124223311
124236324
12423741X
124237711
124240305
12424419X
124245102
124245838
124245862
124245889
124245897
124245900
124246699
124247121
124247164
124250181
124257917
124279899
124292712
124314570
124314651
124315615
124316328
124316336
124317936
124324819
124325327
12432794X
124334962
124351263
124358322
124359752
12436005X
124362281
124363822
124365728
124366341
124368395
124370985
124374255
124374352
124374816
124375154
124375332
124377939
124378056
124381278
124383955
124396895
124398022
124405797
124409326
124413811
124413854
124420834
124421113
124424880
124424929
124425089
124425798
124426069
124426263
124428061
124438482
124441238
124441912
124442080
124442242
124442919
124445144
124445306
124445349
124445365
124445381
12444542X
124445713
124476716
124497667
12449773X
124497756
12449790X
124500552
124501567
124502113
124502156
12450485X
124515479
12451734X
124518184
124518249
124522793
12452494X
124527647
124530656
124530680
124530702
12453077X
124531709
124532012
124532276
124534740
124534945
124538835
124549764
124559646
124561365
12456416X
124567169
124571093
124571468
124571530
124571611
124571662
124571700
124578918
124579833
12459011X
124598390
124599230
124605621
124606040
124608280
124609155
124611508
124612474
124612490
124615589
124615678
124615686
12461597X
124617077
124626149
124626203
124628222
124640478
124642233
124642799
124644783
124646670
124646867
124648630
12464967X
124660886
124674704
124678092
124678394
124678483
124678645
124681441
124682669
12468324X
124683525
124683916
124684157
124687180
124689035
124697313
124698425
124699510
124699545
124699758
12470011X
124700594
124702104
124702236
124702597
124702686
124704204
124704263
124706517
124710867
124716938
124718078
124718485
124719244
124719872
124720137
124720153
124720595
124721443
124722997
124723071
124723926
124731341
124732798
124734413
124736572
124738265
124739970
124740200
124741746
124742335
124742483
12474270X
124742734
124742793
124745636
124745768
124745881
124746659
124750729
12475192X
124752039
124754341
12475435X
124754376
124756433
124762050
124763162
124763529
124765521
124768326
12477203X
124775691
124781616
124785085
124787908
12478965X
124789676
124789838
124792146
124792995
124793185
124793312
124796354
124797385
124797962
124799442
12480019X
124800750
124802613
124802834
124807356
124808336
124808484
124808654
124810780
124811523
124813240
124813364
124813488
124813518
124813569
124813593
124813666
124813690
124813763
12481476X
124816800
124819060
124819710
124820077
124820115
124820468
124821456
124827012
124827640
124828051
124828124
124828256
124828507
124829139
124829309
124830439
124830870
124831265
124832660
12483311X
124835112
124836461
124836674
124838308
124838367
124838413
124838529
124838707
124838952
124839525
124839983
124840159
12484104X
12484328X
12484409X
124844952
124846351
124847021
124847412
124848397
124849601
124849695
124849717
124849903
124851010
124852580
124852769
124854001
124854443
124855423
124856071
124856594
124858805
124858996
124861725
124862616
124864228
124864465
124868088
124869769
124871275
124871291
124873332
124873715
124873855
124874355
124874827
124874835
124874975
124875149
124875483
12487553X
124875904
124876226
124877176
124877222
12488248X
124882714
124883532
124884547
124884954
124885691
124885837
124885934
124886906
124887104 
12488833X
124888704
124888992
124889166
124890326
12489044X
124898424
124900143
124900682 
124904130
124905137
12490582X
124906575
124907733
124907792
124916937
12491697X
124921590
124930840
124936717
12493689X
12493711X
12493787X
124939899
124941400
124942628
124949428
124964214
124979009
124982220
124982859
124983073
124983103
124983766
124986595
124990134
124996566
124997317
125007426
125014422
125014449
125015070
125017359
125020066
125020244
125022743
125022956
125024266
125028938
125033885
125035853
125037023
125037651
125038542
125038593
125038933
125039298
12503931X
125041381
125041500
125043457
125047061
125049900
125051646
125051662
125052227
12505338X
125054238
125054920
125055153
125055277
125057296
125060084
125060947
125061323
125061528
125062419
125063040
125064209
125065248
125066325
125067496
125068980
125071221
125073224
125075189
125078773
125080271
125080492
125083343
125084536
125084978
125085095
125085923
125087691
125088620
12508918X
125089910
125095724
125098405
125102291
125104154
125104685
125106033
125106319
125106475
125109334
125111045
125112440
125113528
12511446X
125114478
125114583
125115032
125115148
125117795
125118546
125119526
125120648
12512189X
125123140
125123817
125124473
125124538
125126271
125128347
125129556
125130740
12513570X
125136439
125138490
125138644
125140541
125140711
125143095
125143389
125143737
125144768
125148356
125149395
125150407
125151802
125153309
125154011
125157045
125161190
125161913
125164106
125164254
12516615X 
125167768
125168969
125170831
125172249
125172680
125175892
125178611
125178794
125180365
125180519
125181833
125181965
125182570
125183674
125187734
125188129
125188226
125189281
125190026
125190174
125190301
125190360
125190611
12519062X
125191146
125191251
125191707
125192797
125195125
125196539
12519840X
125199848
125200668
125201648
125203454
125205775
125206585
125206593
125207360
125208065
125209444
125213611
125215290
125215436
125215584
125216564
125216807
125218664
125218885
125218915
125219083
125219857 
125220316
125221932
125223927
12522429X
125224982
125225229
125227280
125228139
125230362
125232160
125233949
125235097
125236824
12524228X
125242506
125245610
125246161
125250533
125257457
125257546
125257643
125258216
125258674
125259123
125262396
125266243
125267665
125267967
125268327
125270305
125271212
125271263
125272847
125273258
125273614
125274750
125280432
125281110
125281811
125282435
125287208
125290136
125291817
12529199X
125292155
125292538
125296185
12529669X
125299435
125299834
125302835
125305052
12530661X
125311427
125314515
125315805
125318995
125320159
125321139
125321287
12532149X
125322933
125323514
125325401
125325460
125327706
125330030
125330278
125334214
125334303
125335806
125336853
125338635
125341474
125342349
125342551
125345984
125346387
125347901
125349769
125352506
125352972
125361092
125361270
125361459
125361734
125361742
125362536
125363397
125364679
125365683
125366760
125366981
125367694
125368836
125373082
125373732
125376340
125377118
125378254
125378270
125380291
125380534
125380747
125382510
125383371
125385560
125388977
125390513
125391498
125391501
125391609
125392400
125393210
12539344X
125393520
125393989
125396422
125397690
125398204
125400063
12540011X
125401124
125402090
125403674
125404816
125405766
125406754
125406878
125407017
125408501
125409516
125411685
125411863
125412223
125413653
125414064
125415931
125416091
125417357
125423586
125423950
125424159
125424329
125424345
125425503
125426917
125429215
12543149X
125431511
125431791
125432933
125433670
125434332
125434944
125435630
12543619X
125436335
125439075
125439628
125440685
125440936
125441754
125445113
125445555
125445628
125446160
125446640
125447825
125448554
125449534
125452985
125453175
125453590
125453922
125458002
12545807X
125459157
125460171
12546018X
12546455X
125467214
125468571
125469454
125470118
125472218
125472900
125472943
125473303
125474423
125474660
125478747
125479204
125480377
125483597
125486871
125492863
125493398
12549369X
125493932
125497563
125499760
125501854
125502524
125503199
12550473X
125504969
125505035
125508182
125510705
125510780
125510993
125512627
125514603
125515685
125519982
125519990
125520107 
125520239
125527039
125527438
12552918X
125529384
125529635
12553101X
125531257
125531524
125531656
125532032
125532644
125533594
125540515
125540639
125542488
125543697
125543719
12554572X
125546610
125547110
125547153
125549091
125551894
12555365X
125554885
125556624
125557167
125557876
125558260
125558406
125558635
125559070
125560060
125560834
125568592
125569262
125569394
125569769
125570538
125571682
125573707
125574061
125575122
125578644
125579608
125583230
125584288
125585020
125586078
125588097
125589158
125591594
125592922
125593058
125593074
125595190
125596014
125596065
125600097
125601646
125604297
125604343
125605226
125606915
125607326
125608764
125609248
125609493
125610149
12561277X
125615248
125615302
125615388
125620225
125621612
125621655
12562235X
125623208
125624727
12562509X
125625839
125626274
125626398
125627548
125629389
125631863
125633300
125633777
125635435
125635486
125636431
125637926
12563840X
125638418
125638876
12563921X
125640080
125642121
125643632
125644116
125644590
125645422
125645732
12564583X
125646666
125653816
125654863
12565653X
125656548
125656734
125657617
12566317X
125663366
125666322
125670451
125670710
12567175X
125672268
125674147
125674783
125674910
125675240
125676921
125677235
125679734
12567984X
12568231X
125683189
125683200
125685033
125686315
125686838
125691114
125692366
12569539X
12569587X
125696132
125696159
125697228
125701810
125702388
125702396
125702647
12570819X
125712049
125712391
125712553
12571324X
125714106
125716613
125717016
125717709
12571775X
125718012
125718683
125722206
12572358X
125723636
125725140
125726473
125728697
125729065
125729456
125729634
125731590
125731817
125733410
125734522
125735502
125741332
12574370X
125743734
125747098
125748485
12575180X
125752725
125754507
12575924X
125762232
125762372
125762437
125762453
125763557
125764049
125764375
125764634
125765738
125767927
125769059
125771118
125773307
125775040
12577723X
125777248
125782926
125784120
125788479
125788487
125788533
125790635
125792964
125793189
125793952
12579472X
125795750
125797931
125800789
125802137
125802560
125803664
125805845
125807783
125812337
125813821
125814143
125814208
125816324
125816804
125818378
125818904
125824424
125824904
125828853
125843682
125845766
125847696
125848188
125852398
125852533
125854013
125854021
125854870
125855257
125858906
125862164
125863306
125863659
125864388
125866585
125870825
125874332
125874758
125875584
125877358
12587880X
125878826
125878869
125879520
125881169
125881584
125882246
125882734
125884222
125886829
125893949
125893957
125893981
125894546
125895178
125897510
125900635
125904967
12590715X
125907524
125909179
125910029
125910371
125911181
125911203
125911653
125911971
125914369
125914563
125915403
125916159
12591881X
12592206X
125922388
125925220
125925824
125930534
125932081
125934572
125935943
125937199
125941404
125943628
12594456X
125947941
125950276
125958137
125958455
12595901X
125959141
125959184
125959214
125960999
12596403X
125964315
125966261
125972288
125974329
125977107
125978006
125978332
125978456
125978758
125980922
125981929
125989571
125990766
125994451
125994532
125995458
125996489
125998953
12599933X
126000018
126002452
126002622
126002649
126002754
126007241
126007268
126007667
12601051X
126016135
126017123
126022534
126025622
126026289
126026416
126026734
126031886
126031983
126034141
126039283
126039917
126041644
126041830
126042888
126044430
126044570
12604869X
126049637
126051976
126054517
126056412
126057311
126057699
126057710
126061548
126061637
126061696
126061785
126061807
126062412
126062463
126062706
126062757
126065977
126068941
126069859
126072302
126072310
126074690
126075301
126077959
126079846
126081107
126083231
12608324X
126091757
126092192
126094071
126094659
126096309
126098638
126099693
126099995
126100659
126101728
126103119
126104808
126105723
126107882
126109273
126109370
126109907
126110964
126112479
126112800
126115575
126122342
126123497
126125309
126125678
126129908
126129932
126130310
12613118X
126134502
126140766
126150141
126150389
12615094X
126151520
126154341
12615676X
12616083X
126163855
126164118
126164193
126164398
126165564
126166056
126168733
126170851
126189307
126215030
126243611
126259801
126260753
126262802
126286493
126288461
126297878
126311986
126384002
126423245
126426066
12643588X
126461368
12646197X
126485127
126487626
126497990
126499314
126502498
126522553
126537682
126539022
126542333
126621055
126663335
126672601
126673071
126677697
126690073
12669091X
126706247
126708746
126712336
126726728
126737940
126748608
126784779
126787336
12679104X
126791589
126791643
126796491
126831556
126861439
12686392X
126884064
126907501
126919666
12695173X
126963703
126969140
127003126
127030190
127295720
127299726
127321284
127327312
127328025
127342761
127352384
127436871
127437517
127463631
127463747
127474099
127489177
127489347
127492496
127494383
127502807
127504141
127509062
127515143
127530711
127530754
127531068
127535187
127539387
12754593X
127550577
127553851
127563253
127577971
127588108
127595147
12759681X
12759776X
127597980
127598219
127598308
127598537
127599878
127600825
127601279
127602046
127608109
12761365X
127640037
127646418
127646582
127648402
127651209
127651225
127660224
127666095
127678999
127684158
127686401
127686533
127696113
127697667
127699694
12770129X
127701567
127705929
127710531
12771135X
127712100
127712399
127716025
127717374
127718540
127719334
127721576
127723269
127725687
127726276
127727647
127728759
127729895
127734988
127735259
127737103
127738495
127739769
127742344
127752692
127752986
127755888
127758747
127760083
127760105
127760121
127764542
127787186
127789634
127815015
127831355
127831576
127835377
127838325
127862471
127875700
127890882
127892664
12790378X
127906037
127920196
127931651
127953345
127958479
127965645
127969179
12798304X
128004630
128010789
128012226
128065192
128065338
128065478
128071176
128073993
128085339
128099917
128103256
128103329
128103590
128106786
128123893
128124059
128145056
128148349
128176245
128183101
128207108
128207264
128210222
128236493
128246723
12824741X
12824822X
128253436
128261226
12826182X
128264128
128270667
128279591
128281286
128282207
12828790X
128290420
128293489
128298138
12830149X
128302453
128302585
128308931
128312475
128314664
128314680
128320931
128322020
12832676X
128328967
128331658
128337206
128352035
128352469
128356251
128367393
12837148X
128374209
128375000
128377712
12837845X
128379812
128382163
128382821
128386991
12839028X
12839210X
128393645
128393866
128396709
128396881
128397055
128397071
128403306
128406224
12840776X
128409754
128411856
128412143
128412593
12841930X
128420251
128424478
128424486
128424826
128425784
128428570
128429917
128431423
128432365
128435488
128436115
128439246
128444355
128444541
128447451
128448369
128448377
128450320
128451602
128453885
128455438
128459182
128459573
128460490
12846190X
128462221
128462310
128469366
128474270
12847453X
128480793
128483121
128488190
128488727
128490942
128491337
128493143
128494530
128495065
12849512X
128495936
128498242
12849834X
128502983
128505540
12850563X
128508256
128513659
128513799
12851907X
128520973
12852099X
12852183X
128523166
12852393X
128525045
128528389
128532041
128532319
128535040
128541059
128542926
128543663
128545240
128548673
12855472X
128555599
128557702
128561726
12856248X
128563893
128569107
128570016
12857156X
128571675
128571691
128574801
128575387
128576324
128583843
128587474
128594918
128596473
128596627
128600608
128600683
128604778
128606274
128606495
128609478
128610565
128618817
128619031
128622717
128626941
128630639
12863121X
128641894
128649127
128649151
128649518
128651423
128652861
128653639
128656212
128662611
128664592
12866469X
128664924
128665661
12866858X
128668687
128671874
128671904
128672064
128673796
128673958
128676949
128681349
12868268X
128684704
128684992
128688645
128688726
128688963
128691891
128705604
128705841
128706023
128706147
128708476
128711116
128711558
12871221X
12871364X
128727705
128733950
128760737
128786337
128788429
128796871
128796901
128801352
128813008
128815809
128857374
128861428
128870427
128870516
128877774
128877820
128877839
128877855
128877863
128877871
128877898
128878436
12888262X
128884940
12889055X
128894547
128896124
128899573
128901721
128904763 
128919337
128921684
128923091
128923105
128926929
128929782
128943432
128944579
12895003X
128950870
128953454
128953543
128961082
128969814
128974478
128975148
128975415
128976330
128976926
128978740
128981512
128989432
128995858
129000035
129004405
129008311
129017485
129035335
129035424
129035432
129035440
129035513
129046264
129050148
129070327
129070696
129072184
129081841
129082953
129083321
129085235
129087688
129088196
129090301
129092312
129097764
129098167
129102326
12910244X
129102784
129107182
129112615
129115444
129123994
129124478
129126004
129127698
12915105X
129157449
129159468
129161128
129161136
129162434
129165522
129165778
129167290
129167835
129168785
12916884X
129169072
129169080
129169110
129169250
129169285
129169358
129169609
129169900
129170038
129170151
129170186
129170240
129170313
129170585
129170607
12917078X
129170984
129171344
129171425
129171735
129171751
129171794
129171824
129171867
129171921
129171948
129172022
129172030
129172049
12917209X
129172251
129172308
129172405
12917274X
129173282
12917386X
129174017
129174653
129175498
129176257
129187704
129189812
129189979
129190160
129190608
129191558
129192902
129193437
12920000X
129202509
129202843
129208892
129209015
129209198
129209201
129209929
129209937
129210013
129210110
129211133
12921888X
129218898
129218979
129219002
129219029
129219134
129219312
129219347
129219355
129219525
129220078
129220094
129220183
129220299
129220345
129220361
129220388
12922040X
129220442
129220523
129220647
129220701
129221252
129221287
129221341
129221376
129221546
129221589
129221597
129221813
129221848
129221988
129222070
129222143
129222534
129223263
129223565
12922376X
129223875
129223913
129224383
129225401
129225568
129225592
129225665
129225673
129225681
129226181
129226254
129226319
129226416
129226483
129226505
129226629
129226742
129226831
129226882
129227064
129227102
129227129
129227153
129227560
129227773
129227781
129227803
129227870
129230707
129234168
129234338
129235059
129252042
129276839
129283045
129287261
129287288
12929196X
12929201X
129294594
12929716X
129298042 
129300454
129301442
129302511
129302880
129304166
129305553
129306878
129308358
129318221
129319392
129319945
129323306
129325279
129338958
12934253X
129365246
129366110
129366285
129366293
129366315
129366331
129366358
129366374
129369667
129370371
129372757
12937461X
129374725
129376744
129376973
129377619
129377910
129378151
129378585
129380857
129380911
129381527
129393355
12940053X
129403423
129413178
129413771
129416932
129421243
129421278
129429538
12943292X
129440825
129442267
129442534
129445932
129448303
129464392
12946614X
129476730
129478040
129480622
129492043
129492809
129493090
129493538
129497614
129499226
129502731
129503886
129510386
129510556
12951070X
129511064
129511072
129511730
129512141
129513008
129513431
129515825
129516244
129530611
129532444
129534110
129534129
129544515
129547735
129554952
129573426
129576336
129584673
129586633
129594083
129601012
129602140
129603341
129606200
129606901
129609838
129615366
129622664
129634018
129663638
129676926
129689025
129702595
129708437
129709247
129711187
129712027
129733180
129742899
129746452
129748749
129751030
129751227
129751820
12975465X
129754730
129755087
129762563
129770531
129774995
129791121
129794759
12980844X
129820733
129821004
129823481
129829420
129831115
129833479
129834033
129841331
129843296
129843695
129843881
129848476
129870811
129870846
129873179
129879533
129882917
129893773
129893897
129922706
129924717
129927090
129934399
129936685
129938432
129942049
129942677
129943657
129946133
129951927
129957259
12996378X
129964158
129972266
129977136
129983780
129984000
129998559
129998699
130001961
130005754
13002564X
130031658
130035300
130044288
130052124
130055476
130055913
130081477
130088250
130090352
130093947
130101400
13010339X
130111961
130117838
130118176
130126462
130127159
130135046
130138797
130140015
13014018X
130146390
130152455
130155144
130160784
130180394
130194611
130201073
130205826
130214787
130220329
130220647
130230685
130234648
130238724
130239755
130247529
130250546
130253677
130262056
130270067
130293849
130300438
130303666
130304077
130308269
130320188
130325538
130329207
130335142
130335193
13033524X
130335770
130345210
130346608
13034673X
130347639
130353906
130358614
130367311
130367370
130371904
130374814
130380954
130384615
130396451
130406333
130407895
130422959
130427047
130429082
130437557
130449393
130449571
130455040
130455164
130466042
130481211
130488216
13049433X
130505722
130514330
130518425
130526134
130526916
130540854
130541648
130551481
130554049
130569496
130621226
130621870
130661805
130677663
130682802
13068726X
130804371
130816299
13083033X
13083579X
130861170
130861766
130868353
130875198
13088149X
130892262
130892289
130956406
131021788
131362747
131383418
131384929
131385216
131400282
131421220
131443747
13144431X
131450980
131451286
131467948
131470221
13147264X
131472879
131494961
131498525
131508997
131527746
131536001
131556843
131560581
131560840
13156353X
131588494
131590707
131595512
131595849
131596667
131597116
131612719
13161293X
131615769
131615777
131615807
131615920
131615939
131623451
131644475
131644483
131647431
131653504
131661108
131662252
131665200
131672231
131688790
131694278
131694324
131696971
131701630
131702998
131725777
131735284
131744666
131750704
131755862
131762176
131769847
131774735
131821261
131833898
131834177
131836005
131836420
131836544
131838873
131840355
131840525
131842242
131842684
131842781
131842927
13184380X
131844008
131845268
131845489
131849360
131849425
131849565
13185027X
131850393
13185044X
131850644
131850687
131850830
13185092X
131851047
131858483
131859226
131859382
13186842X
131875558
131878522
131879227
131901222
131903888
131905287
131905996
131929542
131967088
13196917X
131969331
131972162
131983393
131985671
131992899
131994700
132025507
132027488
13202764X
132028360
132038625
132040956
132041073
132041227
13204174X
132041782
132043483
132047683
132052458
132057735
13209732X
132142600
132151677
132153971
132168855
132173271
132173662
13217376X
132175851
132192624
132205033
13222139X
132232294
13224330X
132258048
132292610
13229348X
132302519
132303647
132314584
13232332X
132328046
13234579X
132355639
132360497
132372738
132397358
132399482
13241189X
132418355
132432498
132433591
132439646
132439751
132442159
132443627
132444046
132444178
132469650
132475502
132500701
132502127
132513544
132518066
13251883X
132520885
13252919X
132536846
132541998
132548542
132551411
132559609
132586037
132614316
132637731
132638673
13265928X
132666642
132681722
132683326
132687267
132693453
132701855
132707225
132713055
132724197
132728699
132743728
132748355
132757206
132777002
132778130
132780844
132783401
132788233
132790769
13279215X
132807645
132841304
132841487
132851644
13285239X
132853698
132854090
132859912
132873435
13287623X
132882124
13288240X
132890496
132902974
132913038
132925397
132932865
132934353
132946637
132958198
132990989
132998203
132999846
133000907
133018768
133027953
133043649
133049825
13305036X
133055515
133057038
133101495
133101568
133101606
133111032
133115712
133122018
133126641
133132773
133132781
133141268
133148890
133184943
133185095
13319311X
133194566
133205584
133215652
133216179
133219674
133227715
133230082
13323830X
133242617
133246167
133247325
133247333
133248372
133252906
133253708
133254550
133273466
133275019
133282562
133283100
133284395
133285340
133292088
133306852
133312615
133313255
133337383
133344746
133351750
133359816
133360369
133361128
133365557
133368343
13336934X
133369633
133371786
133401960
133402053
13342006X
133423794
133428613
133430138
133437051
133462277
133463117
133472000
133484777
133485978
133497054
133501868
13351031X
133512347
133516644
133521613
133526151
133529649
13353636X
133544583
13354477X
133555496
133556956
133569381
133571459
13357587X
133576833
133588300
133591409
133594998
133596508
133607240
133607275
133613372
133613658
133633888
133633896
133646238
133649687
13366418X
133664449
13366449X
133664570
133664627
133665828
133667499
133669165
133670120
133678164
133678563
133679780
13368122X
133686604
133690156
133696189
133699919
133735427
133741346
133753093
133754111
133756556
133757412
133757595
133761649
133762157
133783375
133789292
133798666
133802493
133805603
133820882
133823911
133862585
133867250
133889513
133902005
133906590
133908860
133908976
133914933
133917363
133920542
133921298
133926125
133927482
133927504
133937720
133941272
133941809
133946657
133954366
133955346
133963756
133966186
133971090
133986454
133987981
133996026
133996115
134002687
134003659
13400454X
134004698
134007921
134016912
134017196
134034244
134035771
134055683
134058356
134063252
13406996X
134085876
134086953
13409705X
134098145
134103963
134117727
134130391
134133609
134144848
134158253
134158806
134183533
134228359
134242408
134252659
134284275
134288475
134295838
134397576
134581490
135296323
135544181
135545234
135549825
135558905
135560608
135572282
135585376
135587069
135594111
135600944
135602920
135648130
135654874
135656591
135656753
135659728
13566148X
135662370
135662451
135663741
135667585
135670888
135671477
135672422
13568482X
13569292X
13569731X
135705010
135710812
135719003
135720184
135725488
135729793
135733138
135736374
135736560
135738512
135743273
135745829
135750482
135776074
135803381
135819490
135839092
135854849
135856833
135862426
135893917
135895669
135895677
135895685
135902185
135926939
135930588
135931053
135931533
135943817
135945194
135945836
135945860
135946719
135952786
135989353
135997569
135998409
136003923
13600802X
13603568X
136036406
136044255
136053580
13606311X
136063136
136067433
136069576
136070884
136072100
136073875
136121543
136122035
136143628
136143695
136154425
136183107
136220436
136222250
136234917
136257607
136270182
136279228
13629362X
136317529
13632231X
136324118
136326455
136328202
136328415
136335640
136353800
136357067
136366015
136366074
136383424
13639194X
136396542
136412432
136412610
136412831
136412971
136417949
136464459
136485871
136510507
136519202
136520707
136520766
136552749
136578918
136581870
136589502
136599583
136631320
136659144
136665225
136666795
136694233
136722415
136733085
136780598
136788475
136818307
136825761
136843247
136895603
136916864
136920179
136993249
137003064
137005547
137016298
137041659
137055218
137083696
137085591
137141491
137143303
137144873
137187602
137207018
137214049
137225113
137251068
137265719
137317085
137327498
137352913
137353987
137355645
137373783
137377568
137400020
137406495
137424175
137439709
137449747
13745242X
13745886X
137466609
137525265
137558880
137564694
137565550
137568150
137568398
137570880
137571976
137572077
137572611
13759058X
137594852
137594941
137598726
137617860
137627920
137633114
13763336X
13766219X
137662416
137672950
137681607
137692757
137726228
137739303
137739915
13776491X
137818556
137827946
137848439
137869487
137875959
137880030
137892195
137911270
13791282X
137915969
13791783X
137959281
137962258
137964749
13797633X
137976739
13797678X
137977743
137981252
137982747
137982860
137995946
138001553
138007330
138009422
138018332
138019428
13804368X
138046433
138057001
138057044
138058571
138062935
138067554
138068488
138074860
138082049
138090440
138097593
138109508 
138128774
138173141
13819341X
138201765
138266808
138274932
138287872
138310513
138320535
138334145
138340420
138346240
138346674
138352291
138367523
138380589
13838200X
13839864X
138401764
138405905
138413576
138413746
138434182
138436487
138449910
138467501
138507988
138521913
138533210
138534098
138534217
138538689
13854770X
138581290
138597820
138597928
138598193
138601240
138622485
138629153
138629846
138633045
138657491
138712115
138729247
138734496
138740828
13877448X
13880673X
138814406
138819661
138849439
138849927
138852804
138854750
13887865X
138896038
138912025
138923035
138973865
138986509
138986975
138987580
139001484
139005749
139015744
139022880
139059768
139069518
13907015X
139102108
13910478X
139104984
139105042
139107606
139109951
139110682
139120378
139205373
139211543
139212264
139229957
139231730
139265600
139273360
139278176
139285806
139286160
139304843
139309071
139346031
139364498
139414541
139428771
139477616
139483152
139517340
139535853
139538143
139551395
139553983
139554416
139574670
139621539
13962239X
139622446
139682201
139684891
139703276
139746862
139755454
139756205
139768971
139778756
139784292
139789057
139794441
139794670
139795383
139796509
139796568
139797610
13979963X
139799737
139799834
139801650
139807683
139828168
139829911
139854568
139858962
139879196
139940979
139945482
139953760
139972692
13997959X
140016805
140042091
14007628X
140077456
140084576
14008522X
140086145
140093923
140101055
140126554
140152032
140168559
140217649
140236864
140237062
140251936
140263756
14031203X
140312048
140328963
140417206
140426949
140438645
140457429
14046428X
140474919
140476849
14049832X
140541527
140583475
140633375
140637451
140654364
140655875
140656200
140683178
140695575
140695869
140720995
140721835
140722416
140763430
140763503
140766405
14076657X
140783636
140786961
140787186
140788670
14080157X
140802290
140803149
140818138
140845399
140857885
140858474
140865659
140866345
140881417
140882634
140891242
140891773
140903992
14090428X
140925740
140930078
140930698
140931198
140954724
140956352
140959874
140966951
140979034
140979093
141003324
141005149
141009578
141015373
141022396
141052554
141052562
141052597
141052627
141061030
141061316
141072261
14107440X
141081805
141094249
141111429
141116498
141117168
141147857
141152788
141176474
141177608
141188138
141188731
141189134
141189657
141189908
141190019
14119300X
141204311
14124626X
141254548
141260610
141269936
14130829X
141323701
141346299
141358734
141363940
141381531
141388986
141404159
141452250
141468181
141474300
141477792
14148585X
141497459
141500905
141511214
141512679
141562382
141568208
141588462
141624272
141632593
141645229
141653612
141653655
141653736
141653965
141655704
141655720
141663618
141664703
141666102
141686715
141710012
141713054
141749091
141750502
141761091
141762179
141763140
141764996
141781378
141807687
141847662
141905328
141905409
141905476
141907525
141907703
141907789
141921951
141928670
141934700
14194238X
141943084
141956933
141963646
141965290
141969482
141972416
141972637
141973382
141974001
141985585
141987529
141995270
141996447
141999454
142004510
142026328
142045942
142067237
142069973
14207070X
142083976
142084719
142108367
142118443
142119245
14213483X
142135062
142142077
142166820
142169706
14217548X
142176974
142181706
14220515X
142231681
142232882
142232904
142256994
142272132
142273228
14227416X
142274291
142274747
142282839
142283819
142283878
142286583
142296279
142307424
142309419
142310131
142310417
142317756
14232292X
14232602X
142332852
142352152
142355070
142363499
142363588
142364800
142366250
142370355
142387193
142393487
14239582X
142412252
14241753X
142452459
142500763
142518271
142549894
142550922
142554782
142569720
142593672
142609390
142612472
142624861
142625329
142631213
142631396
142632430
142644684
14264739X
142647764
142675296
14267723X
142678368
142685046
142692603
142695394
142697982
142703702
142708097
142721581
142743690
142767255
142775754
142776033
14277619X
142803170
142811165
142825352
142849537
142866407
142867217
142867470
142867705
142871869
142873748
142873985
142874841
142875244
142887668
142915637
142947563
142949760
142972584
142988561
143024264
143046020
143060864
143074393
143076884
143085506
143094106
143094432
143100270
143102605
143104098
143104608
143108247
143113801
143115405
143115812
143116169
143120115
143126121
143138979
143146343
143161369
143163922
143176536
143201662
143217402
143220675
143229478
143233572
143235265
143235524
143241869
143288539
143297996
143304291
143320912
143325698
143327518
143334670
143351680
143353616
143354655
143357255
143365940
143378392
143386689
143387464
143398563
143408747
143415271
143429949
143430491
143430831
143435310
143442856
143445073
143450026
143450921
143468413
143471112
143487396
143490311
143521632
143573829
143576356
143576984
143578464 
143580396
143587072
143591169
143592548
143593153
143594060
143594265
143597507
143598228
143599267
143600362
143601504
143605968
143616498
143634267
143635840
143648047
143649914
143666061
143667831
143686453
143694626
143751549
143765043
143805266
143810154
143823779
143826697
143828428
143867466
143879650
143894315
143930664
143934945
143936158
143944258
143955349
143958100
14397968X
143996851
144010437
144017784
144027631
144049414
151298432
154771945
161106749
170326209
170397009
170909905
172004306
172008670
172150825
172204259
172235952
172241480
172279631
172386888
172408032
172464269
172499194
17250550X
172518407
172619912
172816637
172918081
172937698
173089836
173197027
17321035X
173218636
173232167
173245560
173282431
173319386
173347908
173400043
173410804
173434509
173444660
173468071
173555411
173590950
173594808
173660843
173734898
173807232
173817890
173953247
174039212
174058799
174063725
174078722
174081847
174105843
174167202
184953855
185608108
188113908
188436308
189412186
189428554
189468823
18954502X