#FORMAT: BEACON
#VERSION: 0.1
#TARGET: http://beacon.findbuch.de/gnd-resolver/pw_dbi/{ID}
#TIMESTAMP: 2019-03-11T04:30:17Z
#CONTACT: Thomas Berger < ThB [at] Gymel [dot] Com >
#FEED: https://beacon.findbuch.de/downloads/patchwork/pw_dbi-gndbeacon.txt
#EXAMPLES: 11923212X
#MESSAGE: Dizionario Biografico degli Italiani
#NAME: Dizionario Biografico degli Italiani (partiell)
#UPDATE: infrequently
#PREFIX: http://d-nb.info/gnd/
#DESCRIPTION: Aus der Wikipedia extrahierte Links
#X-REVISION: 28044 [2019-03-09T09:48:47Z]
#X-EXTENT: 3295 unique identifiers of type SeeAlso::Identifier
100000541
100001718
100001912|2
100002994
100004512
100005772
100008143|2
100008372
100009867|4
100013376|3
100021980
100024483
100027946
100030343|2
100049052
100049974|2
100052517
100055095
10007037X
100076874
100079296
100082882
100083056|2
100087345
10008995X
100106757
100107613|2
100118720
100141781|2
10014263X|2
100199399
100199755|3
100209211
100213723
100237932
100254268
100257712
100287905
100350275|2
100374123
100379397
100379877
100415946|3
100419224
100421326|2
100422020
100423426
100429521
100433286
100455654
100471609
100524907
100528554
100534651
100540228
100541909
100637140
100644783
100653138
100733700
100735797
100761208
100788009
100818447
100836852
100861717
10093515X
100935540|2
100935702|3
100936032|4
100936040
100936237
100936288
100936296
100937047
100937365
100937373|2
100937608|5
100937616
100937624
100937632
100937667|2
100937675
100937918
100938205
100938213|2
100938310
100938353
100938493
100938671
100938728
100938760|2
100939112
10093921X
100939236|3
100939503
100939538
100939546
100939716
100940730
100941060
100941087
100941958
100942091|3
100942245
100942962
100944582
100945201
100945716
100946305
100946313|2
100946399
100947220
10094745X
100948138
100948154
100948375|3
100948391|3
100949576
100950094
100950108
100950132
100950159|2
100950167
100950221
10095023X|3
100951422|3
100951880
100951899
100951902
100952305
100952607|3
100953018|2
100954170
100954227
100954359
100954782
100955223|4
100956599|2
100956920
100957552
100957625
100958761|2
100958974
100960170
100961436
100962041|3
100963838
100964893
100965059|2
100965156
100965415
100965725
100967078
100968457|2
100970648
100977251
100981925|2
100984711|2
101071388
1011157233
1011418096
1011420074
1011423383
1011545845
1011573555
1011709457
1011720795|2
1011851857
1011885565|3
1011949849|2
1011950391
1011950642|2
101201389
1012120619
1012244539|2
1012307352
1012597814
1012823113
1013095588|2
1013140605|2
1013146891
1013232917
1013264649
1013329228
1013364422|2
1013364872|2
1013392035
1013393198|3
1013395506
1013433920|2
1013435125
1013552156
101364261
1013705637
1013709454
101374054|2
1013835719|3
1013861973
1013944771|2
1014041163
1014444721|2
1014565383
1015138314
101516367X
101541244
1015763928
1015858961
1016231563
1016522444
101668821|2
101669968
1016856415|2
1016858949|2
101685966X
1017102279
1017152497
1017178062
101740875
101749035X
10177446X
1017962901
1017995370
1018031030|2
1018031995|2
1018103929|2
1018181741|3
1018415580
101845098X|2
101877128X
1018808701
1018828818
1018971416|2
101901518
1019155787
1019247940
1019257237
1019346469
1019726288
1019729627
1019737999
1019745274
1019803177
10198264X
1019855436
101997728|4
101997779|2
102014968X
1020293071|2
1020369884|2
1020725184
102076200
1020765798|2
1020796324|4
1020819995
1020826622
1020855363
102088349
102089802X
1021157783|3
1021206636
102128006
1021324892
102155658
1021672505|2
102203216X|2
1022153447|2
1022808656|2
1022854712
102296367|2
1023008483
1023019787
1023052776
1023060736
1023063891
1023113538
1023115026
1023183749
1023185016
1023186225|3
1023328569
1023332558|3
1023334461
1023341514
1023365464
1023568357
1023577690
102373620
1023739402
102374392
10237497X
102377138
1023892162
1023893894
1023912732
1024101495
102411115
102414181
1024172732
1024190951
102420300
102423865
10242425X
102426848
102428352
102431221
102432759
102435006
102437688
10244269X
102458855
1024636291|2
1024721329
102472696
102482215X
102498091
102498482
102500436
102501653
102502099
10250377X
1025052331
102512078
102517266
102517460
102517924
102519552|3
1025282469
102534373
102548781
102551081
102551731
1025564502
1025841433
102591368X
102597073
102619174
102619239
1026226570
1026851467
1027111351
1027120962
1027194370
1027433227
1027608604
1027826709
1027968163
1028338430
102834695
10283637X|2
1029700869
1029974918|3
1030114390
1030485933
1031155074|4
103120793
103129138
1031298533
1031412603
10315860X
103167702X
1032035374|2
1032577134
1032644249
1032871105
1032985550
1033190802
1033388777
1033463450
1033579025
1033653829
1033681644
1033818003|2
1033819441
1034060198
1034089617
1034113755|4
103417567
1034323342
1034406809|2
1034443968|2
1034649612
1034736310
1034824430
1035397811
1035467798
1035654539|3
1035791161|2
1036225011
1036370518
1036371840
1036528057
1036942996
1037004566
1037230264
1037274148
1037557832|2
1037557840|2
103756779X
1037568850|2
1037716132
103792198
103804242
103812180
103837183
103840265
103869727
103892354|3
103915559
103982329
10401993X
104048638
104064064
104067020
104069341
104073837
10407440X
104083336
104093919
104093994
104100923|3
10410399X
104104945
104106123
10410662X|3
104114991
1041228317
104123397
1041280947
104128941
104132051
104144149
104146516
1041692242
1041799713
104192836
104193395
104198273|3
10419894X
104201606
104207019
104207426|2
10420902X
104211466|2
10421242X
104212748
104213639
104213795
104213817
104222697
104228571
104237333
104240075|2
104246901|2
104268425
104272392
10427638X
104277882
104291133
104311584
104315318
104315385
104315806
104327782
104328681
104334029
104335920
104343222
104349336
10435089X
1043694935
1043720979
1043790195
1043833307
1044951788|2
1045189243
104574526
1046210009
1046441485
1046657615
1047455005
1047565749
1047573873
1047777304|2
1047809508|2
1048166309|2
1048233375|2
1048252949
1048735052
1049558588
1049917057|4
1049919815
1050392361
105040274X
1050469488
1050553853
105109271X
1051409535
1051427878
1051987091
1051993024|2
1052173810
1052302912
1052497292
1052503756
1052516750
1052596371
1052654231
1052843239
105284488X
1052888291|2
105313598X
1053809638
1054320144
1054430845
1054728224|2
1054874271
1055090002
1055090037
1055090533
1055117016
1055134921
1055147136
1055148183
1055171681
1055177582
1055186670|2
1055192123
1055198792
1055198881
1055201521
1055213775
1055215158|2
1055220380
1055226397
1055235183
1055236503
1055236775
1055259090
1055262164
1055263632
1055265074
1055266690
105526888X
1055287280|2
1055295542
1055297111|2
105531668X
1055330380
1055349189
105536241X
1055372156|2
1055382097
1055395970
1055410309
1055417613
1055471391
1055486240|2
1055508422
1055535691|2
1055556133
1055683321
105568333X
1056102020
105704385
1057139815
1057887099|2
1057982962
1058039741
105820923X
1059301873
1059411865|2
1059555506|2
1059829851
1060033623
1060080052
1060772981
1060790033
106115890X
1061393534
1062040074|3
1062661133
1063179467|2
1063319501|3
106479176X
1064889379
1065257775
1065396546|5
1065614497
1065685661
1065698224
106677934
1066812136
1067270752
1067438173
1068032189
1068190051
1068322799|2
1068561599
1068661720
1069347582
1069542121
107091696X
1071544640
1071588400
107222612X
1072227541
1072300826
1073131114
1073218236
1073553299|2
1073559769
1074215478
1074420802|3
1074543513
1075515718
1075556155|2
1075781612
1076795242|2
107719966X
1077379935
107775437X
1078249741
1078856168
1079225021
1079606718
1079620583
1079997326|2
1080001735
1080034218|2
1080535632
1081118245
1081823100
108197468
1082509469|2
1084012901
1084804107
1085674878
108910989X
1089112866|2
108911351X|2
1089129580
1089253001
1089270585
1089274971
1089326351
1089336705
1089372868
1089399030
1089471858
108949663X|3
1089522576
108960064X
1089605692
108962347X|2
1089629591
108968617X
1089690460
1089789815
1089825293
1089825986
1089920016
1089922426
1090194943
109022527X|2
1090234937
1091587922|2
1096479508
1097780279
1098211189
1099919339
1099982626
1100381759
1101605480
1101607629
1102149942
1102373680
1102899305|2
1103143050
1104177986
1106361202
1111043582
1112574557
111407991X
1114292915
1114309478|3
1115483854
111554667
1121707580
1123245959
1123303061
1124612793
1128920581
1129127028|3
1131363213
1131663799
1136310703
1136872965
1136926658|2
1137168307
1143552598
1150811609
115354344
115361871|3
115400397
115453830
115457305
115457658
115458166
1154606430
11549510X
115495622|3
115501479
115527036
115532307
115539522
115602194
115606831
115620958|4
115630791
1157525911
115791469
1159310807|3
116003332|2
116003340
116003863|2
116004878
116005262
116014202
116015985
116016671|2
116021039|2
116021659
116032022
116041668
116052546
116058749
116064293|2
116064420
116066261
116075341
116077778
116077883
116078634
116081716
116097701|2
116115912
116123230
116128771
116137657
116149647
116149663|3
116149671|2
116161256
116179015
116182415
116186194
116216468
116237317
116237570
116257725
11626604X
116267119
116271884
116275235|3
116296534
116297034
116297107|4
116301988
116309792
116310472
116316225
116327472|3
116341203
116353813|2
116371315
116389117
116390352
11640065X
116407689|2
116410620|2
116412917
116413816
116436956
11643712X
116439475
116447389
116448040|3
116448067
116448342
116448415
116452498|2
116464526
11646917X
116470372
116470550|2
116471425
116472189|2
116472391
116472766|2
116477318|2
116478055
116478209
116479620
116480211
116480750
116481080
116504536
116504846
116505052
1165066297|4
116517115
116517131
11651714X
116517263
116517417
116522143
116523972
116532041
116532823
116542659
11656444X
116604042
116612584
116615451
116621133
116621656
116634464
116634669
116636602
116639679
116646268
116647302
116649283
116656018
116660821
116667982
11667279X
116685336
116685433
116686111
116693169
116713313
116720700
11672076X
116725745|2
11672594X
116725982|2
116726024
116727241|3
116731869
116749342
116756187
116760567
116762055
116772204
116772522|2
116775513
116775793|2
11681232X
116817461
116823577
116827882
116829990
116835818
116836121
11687189X
116871997
116882565
116883723
116886749
1168911184
116901403
116907908
116920505
11692425X
116941022
11697558X
116993413
117011290
117031518
117036064
117038946
117064661
117068411
1171352034|2
117144428
117147427|3
11718912X
117191612|2
117211184
117217174
117225967
117245453
117498300
117498564
117505536
117518387
11751862X|2
117518956|2
117519456|2
117520055|2
11752932X
117530247|2
117534609
117540749
117541222
117541230|2
117541249
117543659
117543748
117550256
117552003
117557013
117567485
117574392
117579483
117582395
117584029
117584363
117584711
117586153|2
117586285
117587508|2
117589284
117589756
117590282
117590444
117606227
117614947
117617296
117618756
117621498
11762683X
117638056
11763834X
117649325
117649899
117650897
117656429|2
117663077
117666203
117666947|2
117668591
117669555
117672068
11767530X
117675946
117678694
117678767|2
11768435X
117688185
117688886
117692190
117698725
117700045
11770007X|2
11770024X
117703613
117746835
117746886|3
117756822
117760889
117761273
117762474
117763624
117768103
118039180
118089641
118500198
118500376
118500805
118501836
118501844|3
118502441
118503073
118503510
118503804
118506994
11850889X
11850987X
118510606|2
11851217X
118513028
118513060
118513176
118513257|2
118513745|2
118513753
118516086
118516108
118516132
118516221
118518348|2
118518429
118518542|2
118518860
118519018
118519255
118519514
118519573|2
118519778|2
118519794
118519956|2
118520644
118521292
118521365
118521624
118521926
118521977
118522728
118522779
118522787
118523708|2
118524305
118524577|2
118526693
118527711|2
118531891
118532677
118532855
118534483
118535293
118535765
118537024
118537229|2
118537865
118538594|2
118539086
118539108
118539426
118539469
118539477
118541854|3
118541862|2
118541870|2
118541889
118541897|3
118543091
118543415
118543512
118544365|2
118555642
118555650
118555669|3
118555677
11855591X
118556401
118557564
118557882
118557904|2
118557912
11856059X
118563106
118563114
118564994
118565222|4
118569112|2
118572326
118574418
11857471X|2
118574825|2
118575171|3
118575775|2
118576933
118577018|3
118577387|4
118577409|2
118577417
118577654
118578170
118578286|2
118578618
118578715
118582941
118583611|2
118584219|2
118584642
118585967|2
118588044
118588052
118591894
118591908
118592068
118592289|2
118593315
118594737
118594745
118594753
118595512|2
118602985
118626647
118632957|4
118637657
118637819|2
11863822X
118638254|2
118638319|3
118638394|2
118638521
118638610|2
118638653|3
118638688|2
118638777
118639021
118639072|2
118639188|2
118640100|4
118640194|2
118640313
118640429
118640437
118640445
118640569
118641301
118641484
118641522
118643169
118643681
118644211
118644300
118644432|2
118644807|2
118644815
118644904
118644947
118645021|2
118645374|2
118645897
118645927
118646079
118646281
118647113|2
118647911
118647954|2
118647989|3
11864808X
118648098
118648306
118648799
118649027|3
118649353
118650033
118651242
118653008
11865330X
118653393
118653539|2
118655183|3
118655191|2
118655426|2
118655434
118655442
118656589
118656678
118656759
118657011
118657100|3
118657119|2
118657461
11865750X|2
118658093
118658115
11865859X
118658778
118658786
118658867|2
118659170|3
118659359|2
118659448|3
118659774|5
118661302
118661450
118661469|3
118661477|3
118661590
118661809
118662074
118662554
118662694
118665049
118666053
118666622|2
118666789
118666843|3
118667505
11866753X
118667645
118668021
118668137|2
118668277
118668331
118668366|3
118668404
118668463
118668536
118668544|2
118668714
118668854
118669621
118669753|4
118669788
118669818|3
118669834|2
118675354|2
118675400
118675923
118676717
118676997
11867708X
11867790X|2
118679066|2
118679368|2
118679384|2
118679899
118683411
118683845|3
118684094
118684116
118684175
118684450|2
118686089
118686151
118686208|2
11868700X|2
118687182
118688383
118689118
118689258|4
118689487|2
118689592
118689614
118689657
118689746
118689878|2
11869247X|4
118694456
11869507X|2
118695142
118695533
118697102
118697315
118697382|2
118697390
118697404|3
118697412
118698761|2
11869877X|2
118702262
118702270
118702394
11871077X
118710788|2
11871256X|2
118712578
118714910|2
118716069|2
118716077|2
118716123
118716204
118716808
118716832
118716840|2
118716859
118716999
118717227|3
118717235
118717243
118717251
118717499
118717529|2
118717537|2
11871760X
11871810X
118718339
118718428|5
118718533
118718673
118718681
11871869X
118719211|2
118719777
118723510
118725777|2
11872620X|3
118727494
118727508
11872763X
118728075
118728539
118728970|2
118729063|2
118729071
118730630|2
118730819|2
118730975
118731076
118731386
118731394|2
118731726
118731815|2
118731912
118732420
118732463|2
118732498|3
118732501
118734903
118735578
11873685X
118736876|2
11873699X|2
118739530|2
118739646
118740474
118740490
118740504
118741292|2
118741691
118742418
118742744
118742752|2
118745220|2
118751336
118761145
118763350
118768220|2
11876831X
118775693|3
118776258
118776266
118776541
118777335
118779516|2
118779877|2
118779966|2
118780123
118780220
118780360
118780379
118780417|2
118780433
118780492|2
118781189
118781197|2
118781340
118781367
118781375
118781391
118781553
118781804
118781847|2
118781936
118782215
118782339
118782363|2
118782428|2
118782533
118783114
118783300
118783327
118783432
118783718
118783769|2
118783831
118783947|2
118784641
118784668|2
118784765
11878496X
118785893
11878627X|2
118786709
118787233
11878935X|2
118789791
118789805
118789821
118789899
118790587
118792334
118792415
118792423
118792628
11879325X
118793977
118794280
118794426
118794752
118794973
118795937
118796410|4
118796623
118797476
118797859
118799770|3
118799916
118804073
118805460
118805479|3
118805487|5
118807382|2
118808761
118810987|2
118812343
118812920
118816942
118819712|2
118820745
11882421X
118824325|2
11882497X|3
118827472|2
118828274
118828622
118828630
118829513
118829521
118830112
118833324
118834363|2
118834487
118834592
118834673
118834762
118834819
118834886
11883519X
11883522X|4
118835556|3
118837125
118839489
118839926|2
118840312|4
118840428
118841270
118842749
118844520
118845934
11884623X|2
118846566
118846922
118847570
118847694|4
11884816X|2
118848828
118849565
118850571
118851594|2
118852124
118852361
118852787
118853597
118853740
118854100
118854127
118855263
118855638|3
118855840
118857126|2
118859269|3
118859404
118859587
118859641
118859676
118859854
118859927
118860305
118862359
118862421
118864874
118869205
118869299|4
118869868|2
118870262
118870548
118870556|3
118870564
118870661
11887067X|2
118871056
118871692|2
118872508|2
118874802
11887604X
118877496
118877844
118880195|2
118881779
118882449
118882503
118884506
118884840
118885715
118885804
118886207|2
118887254
118888544|2
118890026
118890743
118891952|2
118893734
118896229
118897667|3
118898027
118898205
118898434
118898825|2
118899007
118899015
118899341
11889952X
118899589|2
118899600
118900927
118901338|2
118901753|2
118902008
118902199
118902970|2
118907506
118908766
118909754
118910981
118911023
118911090
118913174
11891345X|3
118914510
118915967
118916238|2
118916300
118916343
118917978
11891801X|2
118918834|2
118918842|2
118921789
118921819
118922726
118922939|2
118925059
118925113|2
118929100|2
118929399
118930192|2
118930737
118933302|2
118935550
118935607
118935666
118936794|3
118937669
118937790
118938118
118939009|2
118939416
118940147|2
118941968
118945629
11894861X
118950533|2
118950541
118951203|2
118953486
118953494
118954067|2
118954334
118954377
118954393|2
11895489X|2
118955314|2
118955527|2
118956337
118958682|4
118958690
118960350|2
118960636|2
118962337
118963260
11896500X
118965956|2
118968580
118968963
118970976
118971123
118973436
118976176
118976281|3
118976435|2
118976931|2
118977326|2
118977334
118977547
118978128
118982028
118982680
118982699
118983342
118988328
118989138
118989863
118990233
118990756
118993240
118993623
118994727
118995200
11899526X|2
118996193|2
11899879X|2
118998838
119000725
119001446|2
119002523|3
11900318X
119004208|2
119004607
119004941
119005220
119006162|2
119007894|2
119008041|2
119008319
11901176X|2
119011778
119013622|2
119014386|2
119014599
119016036
119016079
119021501
11902229X
119022524
119025353
119026724
119028514
119031159
119032414
119032430
119033372
119035545
119035553
119036363|2
119038072
119039370
119039842
119040425
11904059X
119043238
119043459
119043564
119044080
119046377
119046776
119049066
11904918X
119049945
119050188
119050811
119050927
119051796|3
119053659
119054647|2
119055678
119056143
119056453
11905762X
119058421
119059843
119060485
119060752|2
119061104
119061511|5
119061961|2
11906233X
119062380
119062518
119062526
119063018
119063093
119064189
119064979
119065037
119065800|2
119066076
119066777|2
119068168
119069946
119070758
119071061
11907107X
119072432
119073382
119073587
119076578|2
119077000
119078244
119078368
11907897X
11907950X|2
119079763
119080176
119080362|4
119080478
119082918
119083442
119083450|2
119084147
119084686|3
119085917
119086395
11908676X
119088770
119089726
119089777
119092212
119092344
119092751
119093081
119097028
119097249
119098555
119098857|2
119102056
119102978
119105179
119105683
119106833|4
119110040
119111098|3
119113856
119113872
119116480|2
119117851|2
119119064
119120658|2
119121840
119123126
119125552
119127997
119128292
119129256
119130025|4
119130262
119132591|2
119133164
119133199
119133660|4
119136503
119138158
119138883|5
119139162|2
119139170
119141469|2
119144719
119146355|2
119146371|2
119147262
119147378|3
119148668
119149281|2
119149370
119149389|2
119149974
119150069
11915143X
119153963
119154692
119158299|3
119159783
119159902
119161915
119161974|2
119162059
119162091
11916339X
119163586
119164248|2
11916437X|2
119166798
11916681X
119167476
119167603
119169169
119171295
119172003
119172275
119172798
119174979|2
119176424
119177013
119177307
119177471
119177501
11917894X|2
119180588
119181037
119182998
119183838
119185245|2
11918530X|2
119185326
119186268
119187310
119189690|2
119190133|2
119190230|2
119190559
119193256
11919399X
11919404X
119195003
119195100
119195313
119195828
119196255|2
119198193
119198525|2
119198657
119199157
119199181
119199742
119201518
11920245X
119205114
119205300
119207133
119208180
119212064
119212293|3
119212706
119213354
119217597
119217783
119217791
11921914X
11922030X
119220806
119223414
119224267
119227096|2
119228106|2
119228521
119229269
119230895|3
119230941
119231492
119232111
11923579X
119238675
119240351
11924036X
119241129
119241234|2
119241846
119242133
119242583
119243652
119244942
119245108
119246155
119248506|2
11924909X
119249154
119249286
119249316|4
11925011X
119252449
119252457
119253933|2
119254603
11925476X|2
119254948
119255960
119256525
119256622
119256908
119258056|2
119259710
119262290
119264080
119264919
119264951
119265249|2
119268671
119269805
119269953
119270412|3
119281155
119281937
119282100
119282216
119284006
119284642|2
119284820
119287684
119287749
119291096
119291177|2
119291592
11929169X|3
119291967
119292599
119292823
119293234
119293366
119293412
119294214|2
119295369
119296543
11929737X
119297493
119297507
119303744|3
11930466X|3
119305356
119310066
119310082
119310805
119316196
119316250|2
119321637
11932170X
119322870|2
119324512
119325292
119325373
119326094
119327937
119328887
119328984
119331373
119332558
119333090
11933318X|3
11933352X
119334364
119336324
119338106
119340674|2
11934145X
119344378
119344483
119345382|4
119345439
119345544
119349639
119352966
119355647
119356260
11935649X
119357151
119358751
119364360
119364565
119367092
119372843|2
119372983|4
119373009
119374161|2
119374307|2
119374862
119380161
119381842
119383314|4
119383454
119384264
119385368
119385384
119385481
119385538
119386429
119386445|2
119387425
11938762X
119388219
119388359
119388391
119389134
119389320|2
119389401|2
119389630
119390043
119390051
119390973
119391856|2
119392526
119392690
119396645|2
119399660
119399784
119404788
119404893|2
119407310
119408007|2
119408368
119408414
119408422
119409100
119409216
119409224
119409542|2
11941094X
119411563|2
119414651|2
119416786
119421410
119421488|3
119422271
119424452|2
119425602
119426846
119427060|2
119429411|4
119429713
11943007X|2
119430800
119432242|2
119433427
119435934
119439352
119441845
119443880|2
119444607
119445492
119446448|2
119446499
119447312
119447754|2
119448238|2
119448378
119450909
119454270|2
119454866|2
119455129
119455404|3
119455463
119456907
119466147
119468646
119470047
119470055
119470241
119470764
11947087X
119470918
119471760
119474565
119480972
119481715
119487616
11948823X
119490153
119496550
119498294
119499320
119499983
119500396
119500639|3
11950247X
119503069
119503662
119503816
119504154
119504707
119505703
119508001
119508125
119508796
11951107X|2
119511266
119511274
119511622
119511630
119513838
119514567|3
11951463X
119517906|3
119517957
11951897X
119519089
119520303
119523957
11952533X
119525429
119525550
119526077|3
119526441
119528096
119528177
11952872X
119533219
119533391
119533561
119533634
119533677
11953469X
119535165
119536331
11953763X
119540452
119542315
119542420
119545292|2
119546035|2
119546612|2
119547228
119548690|3
119553635
119554224
119554267
119554275
119556731|2
119559854
119605902
119608553
119637057|3
119673940
11968568X|3
119694484
120006340
120008793
120011271
120014505
120021323
12003302X|2
12003798X
120089343
120091127
120091283
120117495|4
12012033X
120120593|2
120121743
120123428
120158531
12016261X
120168081
120169487
120175061
120175118
120186497
120193205
120193795
120201887|2
120206676
120214474|2
120217562
120230666
120235978
120237873
120254662
120258412
120266377
120278316
12031942X|2
120319578
120336898
120345927
120403188
120414147
120456052
120491931
120494930|2
120507196
120558580
120570823|2
120581035
120584581
120585650
120609495|2
12065959X
12066304X
120663163
120666189
120669382
120686341|2
120702940|2
12071874X
12073253X
120752840
120810212
120819368
120820242
120820285
120820323
120865319
12086844X
120896990
120917696
120935902|3
120972522
120984814
120984881
120995506
121001156
121014711|2
121018180
12102587X|3
121034658
121040852
121041131|2
121041530
121075184
121077276
121090760
121091007
121091651
121095509
121095576|3
121098915
121122875
121124762
121125270|2
121125785
121125815
121159795
121164527
121177734|4
12118028X
121195600
121199711
121250830|2
121260631
121283682|2
121294609
121298108|3
121303071
121304477
121305511
121324028|2
121328023
121336921
121337243
121343685
121348970|2
121349446|2
121367037
121375471
121377369
121379760|2
121384519|2
121396495
121409171
121420930|2
121425800
121426343
121448703
121448800|3
121449491
121460460
121463869
121465691
121473880|2
121486818|2
121487369
121546322
121585603
121625443
121651932
12166032X|2
121664678|2
121670805
121675076
121675580|2
121675599
121675890
121693597
121702197
121716619
121742814
121750035
121753220
12175846X
121767787
121788326
121807339
121807363
121813657
121823768
121823946|2
121838951
121841871
121843688
121865452|2
121893863
121900274
121906914|3
121940950|2
121949087
12195546X
121960773
121964795
121969479
12198012X
12198365X|2
12199547X|2
121997979
122010914|4
122011732
122020944
122028694|2
122030915|2
122062868
122073258
122075390|2
122077555
122088409
122099648
122109961
122110366
122116275
122116429
122156706|2
12216878X
122191129
122192168
122198565
122221648
122224353
12222518X|3
122229894
122230132
122234456
12223927X|2
122246705
122250214
122256212
122262662
122272145
122274539
122277147
122303660
122312902|2
122334213
122336216
122340566
122343204
122360389
122363078
122374282
122376544
122377680
122383745
122386655
122399684
122428609
122440676
122449894
122451759
12245670X
122461878
122469453|2
12247189X
122477642|2
122484967
122485955|2
122494849
122503341|2
122504992|3
122509005|2
122531329|2
12253168X
122545575
12256863X
122635361
122640519|2
122656199
122659937|2
122665104|2
122666526|2
122678605
12270049X
12270312X
122703464|2
122707958
122724127
122727754|2
122734912|2
122739531
122748255
122758811|3
122776356
122779606
122779983
122802381
12280239X
122806417
122815661
122817052|2
122817575
122822277
122823117
122826450
122831683
122832264
12283349X
122840100
122864980
122865200|2
122872304
122881249
122884272
122894510
122918320
122920821
122935543
122939131
122948211
122968840
122970470
122983874
123030137
123045177
123051614
123057531|4
123063795
123066271
123073707
12307908X
123097843
123100798
123115027
123115930
123129850|2
123153387
123159253|2
123162750
123165687
123220610|2
123222133
123227658|2
123230179
123234964
123251249
123259908
12328712X
123293324
123302722
123312663
123313368
123315611
123324475
123330688
123331749
123352983
123353483|2
123370418
123372178|2
123425077
123439566
123440025
123441153
123450934
123453968
123454832
123455111
123455235|2
12346496X
123468981|2
123479274
123481708|4
123489113
123494591
123497191
123500729
123535646
123556341|3
123556783|3
123556805
123556945
123557097
123575257
123582784
123588855
123590531
123591694
12360060X|2
123602378
123610273
123612578
123616298
123617812
123620996
123624215
123631270
123633958
123646413
123651360
123667542
123667666
123709385
123721644|2
12373195X
123740274
123750296
123757703|2
12378431X
123791081
123804566
123808103
123826438
123833086
123839289|3
123851513
123876885
123881439|2
123913179
123924855|2
123937620
123937787
123956633
123969891
123971659
123983517
123987040
123996627
123998204|2
124000452
124006140|2
124029779
124036759
12405532X
124057438
124062296|2
124071473
124074987|3
124111653
12411718X|2
124117732
124129854
124134246
124135099|2
124135129
124140432
124144047|2
124156312
124163319|3
124165079
124191029
124194516
124196853
124198449
124216250|2
12422217X
124231330
124239056|2
124243517
124246141
124251552
124251625
124254756|3
124266827
124268420
124269931
124270441
124295568
124298001
124298826
124313914
124321542
124330037
124330568
124331165|2
124336086|2
124336582
124339069|2
124341314
124380751
124394302
124396607
12440216X
124405584
12442869X
12443195X|2
124435866
124469108
124476090
124488862
124491146
124494099
124498698|2
124502938|2
124504280|3
124524478
12452821X
124541100
124541801
124544452
124545998
124557449
12456674X
124570143|2
124576621
124578055
124579523
124580408
124585183
124587917
124618855|2
124631509
124636853|2
124668364
124669298
124683207
124700004
124708978
124714943|2
124726747
124727166
124731007|2
124731651
12476763X
124779549
124788920
124788971
124791670
124796613
12479873X
124825621
124828825
124835031
124836151
124839452
124843778|2
124894348
124915248
124936105
12493868X|2
124939988
124971512
124986625|2
125006926|3
125999607
126412871|2
126443688
126791899
127741224
127878831
128275197
128380209
128382643
128387009|2
128389222
128406844
128415959
128417110
128426489
128426616|2
12844097X|2
128441178
128445831|2
128457082
128460857
128472545
128479132
12848151X
128488247
128489960
128490012
128495073|2
128515694
128530081
128541032|2
128545720
12855908X
128559837
128563842
128571128
128609761
128628901
128630434|3
128631597|3
128638656
128660759
128678291
12869016X
128690259
128698144|2
128717440
12872059X
128746408
128765216
128766026
128767685
128779144
128790032
128807830
128812834|2
128835842
128857269
128869062
128869828
128872055
12889685X
128907053|2
128910615
128927666
128927747
128930365|3
128931000
128933313
128943467|2
128957085
128957123
128974990
128980109
12898113X
128987944
128995599|2
129005819
129006661|2
129016144
129016330
12901656X|2
129016764
129016845
12901804X
129019941|4
129020869
129022403|2
129028762|2
129033308
129034630
129036293
129044881|2
129047252
129048011|2
129048674
129049859
129050911
129059870
129060348
129068403
129069930|3
129072877
129085065
129091820|3
129128627
12916352X|2
129198846
129224936
129236713
129266272
129291897|2
129338842
129348368
129354732
12935726X
129381624
129397660
129401307
129410780
12945236X
129462969
129463450
129482889
129588717
12959203X|2
129593370
129603821
129605565
129608513|2
12961212X
129623776|2
129630403
129650994
129653187
129656003
129657379
129684740
12969911X
129703141
129715727
129725102
129726036|2
129735183
12973568X|2
129743844
129768294
129782823
129786306
129809454
129809500
129809942
12981640X
129839310|4
129860328
129867144
129884820|2
129892432
129901628
129911739
129923109|2
129928860
129939315
129942235|3
129944475
129970867
129972428
13000345X
130007978
13004914X
130079383
130083488
130094447
13013998X
130152072
13015637X
130163295
130184187
130206164|3
130240982
130241075
130259926
130276316
130313106
130314986
130339083
130366072
130374202
130405337
130419133
130462799
130496340|2
130505838
130517739
130518603
130518689
130551600
130558311
130561312
130581658
130591211|2
130617407|2
130641057
130673129
130825557
130832332|3
130864692
130885592|2
130914878
131115693
131365096
131410164
131424998|2
131425420
13146471X
131494201
131498541
13149970X
131507761
131523627
131528610
13153081X
131559893
131589415
131596020
131602721
131623591|2
131657577|2
131667157
131701843
131749056
131756567|2
131756966
131771841
13183424X
131848283
131860879
131860992
131864378
131865846
131867814|2
131878166
131888161
131913883
131967983|2
132007711
132016206|2
132044099
13204871X
132092301
132094975
13211206X
132143488
13214882X
132149192
132217422
132241579
132258129
132267071
13227826X
132287145
132307383
132310163|2
132311364
132311860
132322552
132322676|2
13232539X|3
132326795
132375508
132392984
132409496
132417960
132476088
132499630
132536102
132541238
132551330|2
132570653
13259322X
132594315|2
132608219|2
132680203
132690616
132691302|4
13269848X
132715414
132769832
132771160
132775719
132778890
132802805
132831643|2
132846632
132847817
132853787
132854104
132883880
132924110|2
132931680
132956330
132959445
132961393
132969629
133002756|3
133029794
133029964
133033783
133036227
133059588|2
133141810
13323942X
13330647X
133307042|2
133346757
133349438
133374076
133378101
133378748
13338327X
133433722
133442802
133500004
133502597
133534456
133550575
13355838X
133562700
133592758
133601226
133647943
13366578X
133713725
133729184
133735419
133745767
133902617
133913708
133913880
133914550
133946207
133979342
133985075
133992268
134000358|2
134004655
134095200
134250435|3
134254562
134279735
134296869
134322525
13432546X
134370821
134370929
134380916
134458893
134479599|2
134482409
13462503X|2
134636716|2
134654072
134736869
134756908
13475994X
134814584
134841298
134842359
134868226
134900871
134968328
135059291
135224462
135243017
135254671
135280281
135359198
135419875
135517907
135561817
135569206
135569621
135597226
135601916
135614279
13562519X
135646197
135647452
135648211|4
135657083
135671159|2
135683165
135707501
135796024
135801710
13581880X
135862353
135872553|2
135877636
135878624|2
135910781
135995302
136003133
136048307
136160115
136166628|4
136183425
136192645
136199089|2
136206190
136221785
136307353
13633508X
136346510
136370292
136421490|5
136449999|2
136470467
136485375
136637140
136667279
136734057
136754805
13677220X
136772706
136795188
136800424|3
136800548
136803490
136813615
136818099|2
136828469
136845274
136909124
136914160
136919596
136923283
136924794
136934714
136945228
136946712
13696575X
13697984X
137011059|2
13707817X|2
137139268
137215649
137222017
137312350
137326653
137330014
13734077X|3
137353766|4
137355947
137358482
137381131
137419457
137452241
137452497
137466129
137492758
137496443
137512791
137554788
137678851
137807252
137820682|2
137848129
137896743
137952686
13796465X|3
138047499
138049645
138093555
138133816
138157510
138326401|3
138354189
138381062
13842439X
138426619
138439087
138458790|2
138477485
138490732|2
138522405
13854168X
138553149
138720851
138723346
138743576
138833923|2
138856664|3
138938164
138969914
138973970
139028951
139042334
139059512
139151893|2
139154205
13917589X
13929029X
139432973
139603298
139603425
139666931
139757228|2
139786120
139822194
139904328
139992359
139999361
140025790
140037179
140050205|2
140126716|3
140254552
140306129|2
140397477
140447164
14045084X
140496009|2
140526587
140594981|2
140604243
140653716
140691677|2
140712259
140753141
140791639
140873066
140874208
14089375X|2
140950044
141034564
141054573
141172002|2
141206330
141233648
141310863
141311649
141370130|2
141470895
141508442
141517409
141576014|2
141657480
141691719
141845864|2
141885246
141893796
141916893
141936460
141940018
141954779
14199858X
142187356
142339474|2
142370614
142530905
142537632
14257631X
142652555
142693650
142776513|2
142901466
142903264
142968048
142968609
142979619|3
143046381|3
14306567X|2
143101080|3
143230158
143344498
143431412|3
143434217
143471651
14348916X
14349032X
143519816|2
143537776
143554689
143597671
143671154|2
143718118
143718711
143719963
143726625|3
143798294
143834967
143873539
143945920
143976583|2
144034093|3
144038315|2
144055465|2
151212406
151622159
151960070
153171200|2
155896148
156352451
15697214X|2
156978520
157306038
158943929|2
159894409|2
161106501
170311341
171948173
172015502|2
172029740
17229018X|2
17231609X
172317339
172493196
17255800X
172571340
173044700
173047254
173161324
173228305
17325585X
173475698
173694802|2
173722180
17375368X
174068956|2
174159943
174196415
178231223
179533363
180341677
180622919
182882764
18309476X
188283137
188391428
188430164
188438165
188445994
188458484
188464824
18847031X|2
188485821|2
189233923
189700521
301021678
4062135-2
4076822-3
4181615-8
4200222-9|3
4207943-3
4431211-8
4509278-3
4563360-5
4604120-5
5178437-3
7722995-2
7751943-7
