#FORMAT: BEACON
#PREFIX: http://d-nb.info/gnd/
#TARGET: http://steinheim-institut.de:50580/cgi-bin/bhr?gnd={ID}
#FEED: http://steinheim-institut.de/daten/projekte/work3/beacon.txt
#CONTACT: Thomas Kollatz <kol@steinheim-institut.org>
#INSTITUTION: Steinheim-Institut
#MESSAGE: Digitales Portal der Rabbiner (805 GND-Einträge)
#TIMESTAMP: 2019-08-29T20:03:15Z
#UPDATE: always
1068785810
1068983892
1068978899
106897950X
1081667257
1117229173
1068994657
109469990X
1064856276
116008148
1068979364
130273856
136825621
1034697579
1068782277
119356066
116008369
116008393
1068780665
133247147
1081520604
120105756
1068979658
1068782498
1068781513
1068786531
1068890258
12970346X
1068786604
1068786795
1068780215
1068891440
1068786698
1081667001
134050436
1069003131
1068781025
1068786035
134052307
1068780800
1068787821
103372369X
1068983051
1068781262
1068781637
179824635
1068983744
1068789174
1068891017
1068784334
130555665
116376201
124958850
1068890398
1068979259
1068978732
1068891351
1068788895
106888343X
1068788658
106887869X
1053535252
1054340625
1054351163
1054382581
139703705
1058226835
1058227238
11603291X
1058919164
1058919385
134106229
12008337X
130556882
11884976X
1053047673
105908872X
1060212528
1098450728
1060065436
1060076349
1060114690
1075921694
1060214679
135540658
106022528X
1060078783
1060274655
136470777
140906134
1060389231
1060215209
1060226472
123811961
1060066599
1060076179
1060385589
130568627
136442099
11613612X
116137207
1060211912
130051039
1060271141
1060213648
1060065193
106013053X
1060077507
1060078635
143345397
1052516459
1075930472
136605796
1060078880
1060215667
1060130041
1060213915
1060214148
1060270919
136442471
1053384297
1060118610
1060064146
106006376X
1064606652
1075922003
1034697501
1075922054
1060130270
1060272571
1060079070
1060388162
1060212145
1060273845
1060216310
135648084
116751215
1060214431
1060210746
1060213338
1060274507
1060214326
1060079321
1060130807
1058225502
1058140434
1023016834
140204970
101528258X
1058244906
1059422859
1058247344
1059950081
1058246135
1058247158
106255504X
1060927861
1012975843
1060882019
1058247581
1059423502
1059424150
1059497239
1059498693
1059424371
1053069677
1058195352
1060882248
1060881543
1059949431
1060881306
100441505
137981635
1060881829
138978166
1059889250
141380969
1060927713
129219606
138612501
1059888343
1021996076
1060075989
1060226693
1065486472
1065843089
1053047347
1065851367
139692479
1066280371
1066281610
1082325015
121770095
1053062125
1066395675
1066282544
1066283621
116087811
1066283354
1083811282
1048574288
1071502158
1055183973
1069338184
1050567544
1022496204
1012581993
1082327336
130144320
1068117818
1069560766
106956088X
119038838
107088538X
1069959413
105329011X
1069963577
1069958905
119067471
1069962961
1051900611
1070796247
1068842040
1069959685
1069961965
119333503
1022347527
13860066X
1069348872
1069958352
106995649X
1069958166
1071149911
1069347051
1069957674
1019706465
1069957208
1069961116
106996137X
1047604760
138801940
1068884843
100458068
1071243071
1072492547
1073880796
1076058493
1034725823
1076031323
133963586
1075076560
1083813633
1076031811
107187201X
1075212235
107521291X
1071870122
1076031684
127975993
139787542
1083816063
108381446X
136828884
1083813854
1076056539
1083815369
1083814958
1075558964
1076058906
1073952193
173747167
1082789534
1075213827
1068407352
136491766
1012263649
1076031560
1075939402
1076031145
118988433
1051855381
1073887146
136004121
1083819925
1075213371
1075461995
10344789X
1076061540
1075939852
107602937X
116715804
1076030610
1073895041
1073895653
13756306X
116717505
155115685
1034725874
1034725866
122772016
1072436396
1075939577
1075172888
1075173051
1074970322
1076059341
107389911X
1034725858
103472584X
1075175704
1073902269
1076061346
1075212758
136862411
136353673
131946773
1075560284
1076060536
1075022207
1073952371
1073952789
1076030882
136036163
116846283
1012265056
1073992365
1083815601
1076059554
1075077354
1081790202
1081942274
1081784792
1081790393
11933304X
108195020X
1046272861
1081788283
1081950609
1081951028
1081790679
1081791063
1081788712
108179139X
1081790296
108179156X
1081163437
1081792604
1027336922
1097634787
1081951958
1103163728
1018721231
1081952326
116755695
1081943726
1024426734
1081953616
1081163097
1081953799
1023967235
136945120
1081942711
1081953985
1034735373
1034735381
1081789018
1081954485
1081943483
1081954639
1081944250
1081944005
1082388963
120926350
1081163712
1081944927
100145426
1081942363
128012765
116909234
12321422X
136200877
1081945168
1028692390
10344808X
130246166
1081786507
130072613
1053420374
1081950005
141966785
102864837
137028172
131937847
1034902903
1055402659
123675030
1012780384
116761040
100764010
141374365
1012272885
118704796
118774522
117747955
100499740
1081990171
131616196
1029079889
124434541
105120951X
139414398
1053290152
11704783X
133322947
102745013
117094951
131560808
1058019783
101495196
101238606
1034914642
1033723681
10259466X
1104409747
140443541
1042668965
1015678297
128687592
101915022X
137717385
1046929976
136520634
116141115
1052721508
1020661259
137055978
118963775
132706644
14240330X
142370401
136422993
1034930885
139187731
13164145X
136244459
136543189
1034940309
137136226
1034940341
139912681
141651911
136544142
128979178
106074113X
1028109954
1068374322
1041787413
1034940295
1034940333
137187238
137083718
116971207
102787123
142372005
1026150868
117006157
120208717
1053151497
133977595
131775642
136586635
1012284476
141392088
137219504
136556442
121350428
123416248
1034940317
13954674X
122192052
142007072
1089712235
119537958
1046604945
1012574997
104111364
104157380
130345458
138328463
13726139X
138382468
137901526
137682972
138105324
137829884
137913753
137309643
122833376
131423592
137306865
1068876603
138076049
129708151
130140783
1025013700
116031573
116079584
104346353
116176288
116203412
1026886953
139667415
130137030
142104345
1026379202
134085027
1017378673
1012294390
1069124745
139789006
1027429939
137371713
136901018
1050572866
104291524
141602147
1078125384
121034909
102246955
127866418
172812348
117723231
116697296
116713054
119044595
1021369152
130139262
139064516
11676712X
137492383
142007102
1019716401
115357378
130654531
126792437
1026545137
1012303861
136862985
127289925
12321419X
1011578166
1017993416
133122948
1035149958
130138282
1018813330
1023061880
1027647871
131525301
120148552
1012560457
1053291213
105315030X
140525483
1033346055
134096568
137371438
1047742721
117243027
1053485433
1059120658
1053243197
102688850
139753990
136502156
141534001
142368725
1070408174
1035160196
1070474762
123347580
1073877329
117282030
138076200
125000111
122470761
138203350
1026361001
117149497
1023025299
1032360550
117177830
1012796779
124721222
137836112
1049349288
138497079
1047305992
1012372766
1035171538
139263322
104155760
172737672
119183757
117006300
117021652
127484906
116005661
171949366
128859938
127582703
127585206
1029565694
1022147935
128096365
1102968692
122388585
1035462761
128430303
123206839
128106816
118505777
116037016
143393790
120083396
125988532
110793129
105308725X
143462350
134163125
1025243307
1019172401
1050567439
103859846X
136563570
121892204
1080964320
12604516X
127540938
1075931088
1026306671
143909762
116206128
117627283
126233195
115119175
1023036517
123557038
134282620
127147705
119066823
15280076X
1055234470
172993555
115847170
1145362311
189413484
143453122
127503943
131883968
125217129
119435624
121509087
107133140X
1052828809
155592491
1075381398
12205217X
133123510
141843985
139531750
18433392X
154726680
118690094
116521260
139814728
1081082569
1081081325
143060791
116756586
1111521018
1112139702
136173799
1051268893
1012557952
1012701441
143575120
1012413551
128212039
140181997
138186251
122512324
1031836772
132587025
119307979
12184353X
1047686937
1013331362
127773843
119356422
117009997
118707132
1028378548
119554151
132846276
121507009
125648227
140164715
113582862
124546919
118984993
11626375X
143932691
1053574401
125073674
1146310811
139652566
116896884
1026093929
1011677660
1044143940
140791701
126619247
10410340X
122356829
1022729039
129410101
136768717
1023364417
105486884
125164572
115286772
128304294
140205462
138222649
124731511
143114921
1064861946
125456824
125546181
118928627
116079576
118942352
143570102
128988215
126663114
114121451
116290870
139714847
126855609
140092412
142133159
126750556
141248920
118605224
118844016
139422862
117192813
1053285787
1022980262
1021917869
1035135353
1032617101
127492682
133163903
1014633354
141000279
117474010
125856660
140193936
117735051
1032144750
131818120
119144360
133524019
1082354171
118877208
1051149657
1012367827
120561093
1029973814
117310212
172477476
139792589
1047652307
125633998
105528589X
118771108
128124679
128124695
1012586545
117262277
105543173X
1072389169
119109220
1026709202
117380989
104165197X
1013911628
1067644709
15767374X
131523716
1106121880
127857192
127378391
