#FORMAT: BEACON
#PREFIX: http://d-nb.info/gnd/
#FEED: http://www.deutschestextarchiv.de/api/beacon
#INSTITUTION: Berlin-Brandenburgische Akademie der Wissenschaften
#NAME: Deutsches Textarchiv
#CONTACT: Frank Wiegand <wiegand@bbaw.de>
#TIMESTAMP: 2019-01-18T12:20:27Z
#TARGET: http://www.deutschestextarchiv.de/api/pnd/{ID}
100015999|1
100055427|3
100092438|1
100120849|1
100126049|1
100130186|3
100200710|1
100252419|1
100277608|1
100308023|1
100316875|2
100322689|1
100336892|1
100342981|1
100358918|2
100370446|1
100373267|2
100379087|2
10038384X|8
100391222|1
100407471|1
100410618|1
10041222X|1
100462588|1
100522831|1
100524133|2
100657095|1
100706347|1
100796672|1
100800890|1
100801919|1
100804810|1
100810764|2
101021003|1
101052677|1
101053819|2
101071515|2
101076614|1
101139861|2
1011536560|1
101165099|2
1011751135|1
101196628|1
101240937|4
1012510654|1
101255896|1
101311974|2
10133673X|1
1014884152|1
1014927005|1
1015114105|4
101608411|1
101626045|1
101663269|1
10186793X|1
1018760652|1
102017433|1
1020420243|1
102084327|2
102118523|1
102122474|1
102182515|1
102187576|1
1022198823|1
102247023X|1
102264333|1
102449929|2
1024860973|1
102629269|1
102827982|4
102827982 |1
103141472|1
10314806X|2
10314806X |1
103158154|1
1033492248|1
10404103X|1
10405509X|1
104070404|1
104074361|2
104080957|1
104105976 |1
104124938|1
104125500|1
104130881|1
10413836X|1
104139218|1
104143126 |1
104153687|1
104154930X|1
10416106X|1
10416106X |1
104169621|9
104175265|1
104179112|1
104196408|1
104217774|1
10422262X|5
104234644|2
104276185|1
104277505|1
104278218|2
104286334|1
104288647|2
1042955077|1
104297182|1
104307153 |1
104311282|1
104313471|2
104320958|1
104322306|1
104327952|2
10433245X |1
104338768|1
104345748|1
104359080|1
104360704|1
104361794|1
104366117|1
104366508|4
104374829|1
1045344931|1
1046732382|1
1047607131|1
1047659743|1
1048693023|1
1049432541|1
1050122631|1
105090494X|1
1055119302|1
1058620681|1
1068085088|1
107493225|1
107712423|1
108972755|1
111002206|1
1119358361|1
115361413|1
115361979|1
115378510|1
115389229|1
115394982|7
115431101|2
115433988|1
115434011|3
11546364X|8
115488103|1
115491015|1
115586342|1
115586342 |1
115639411|1
115643249|3
115653724|1
115661220|1
115749845|1
115775986|1
11579249X |1
115809074|1
115809074 |1
115844953|1
115844953 |1
115846042|2
115848762|2
116001089|1
11600987X|2
116010525|1
116013311|1
11602979X|1
11602979X |1
116037970|1
116074418|1
116074418 |1
116081392|1
116090960|1
116099593|1
116111909|1
116121254|5
116129255|4
116135859|1
116137312|1
116159464|3
116167890|1
116168080|1
116182598|2
116201843|1
116207469|2
116208503|35
116210273|1
116217936|1
116222425|1
116227915|1
11623010X|1
116234989|1
11624741X|29
11624870X|1
116253037|1
116297271|1
116317914|1
116326492|1
116335270|1
116340487|1
116345462|1
116369922|1
116380225|1
116385812|1
116388951|4
116394714|1
116426322|1
116442794|1
116442859|1
116494603|1
116540486|1
116569549|1
116570199|1
116575956|1
116576170|1
116583800|1
116587938|1
116610859|2
116623284|1
116655852|1
116657812|3
116667826|4
116671742|2
116678909|6
116682477|1
116721464|1
116745509|2
116751460|8
11675642X|1
116758074|1
116766557|1
116777273|3
116786930|1
11678699X|1
116788704|1
116800763|1
116806346|1
116887206|1
116896507|1
116900075|1
116900628|1
116911565|1
116926635|1
116949627|1
116975199|1
116987286|1
116991534|2
117038059|3
117056235|1
117069000|3
117078247|1
117078573|1
117085405|3
117111473|3
117112534|3
117116769|1
117116955|3
117168815|1
117178756|1
117208612|1
117217638|1
117245682|1
117251992|1
117281387|1
117283355|1
117293997|1
117303542|1
11730834X|1
11733555X|1
117338907|1
117351539|1
117361356|1
117388297|1
117394572|1
117397555|2
117399671|1
117415952|2
117417904|1
117429740|1
117450022|1
117453773|1
117463396|1
117478598|4
117488739|1
117503002|1
117509205|1
117511501|3
117511633|1
117525561|3
11753658X|3
117542210|2
117550949|1
117579599|5
117582115|1
117586390|3
117593338|3
117597538|2
11760318X |1
117621757|1
117630691|1
117677043|1
117721999|2
117722901|1
117768928|1
118053116|2
118064665|1
118101021|1
118129619|1
118161482|1
11850021X|3
118500279|1
118500686|1
118501518|1
118502255|1
118502883|1
118502921|2
118503111|2
118503472|2
11850357X|1
118504134|4
118504177|4
118504185|5
118505076|1
118505408|1
118505505|2
11850553X|1
118505831|2
118505955|1
118506102|2
118506234|1
118506528|1
118507036|2
118507893|1
118507923|3
118508253|3
118508253 |1
118509950|1
118510193|2
118510762|1
118511270|3
11851136X|2
118512129|2
118512315|12
118512706|3
118512749|6
11851296X|2
118513109|2
118514210|1
118514814|6
118515055|6
118515225|1
118515586|8
118516507|1
118516744|2
118516884|1
118516906|2
118517104|1
11851752X|2
118517880|1
118518658|4
118518879|1
118519352|3
11851993X|1
118520040|1
118521101|1
11852111X|1
11852156X|1
118522582|1
11852321X|111
11852321X |1
118523368|2
118523813|1
11852433X|1
118525042|1
118525239|1
118525484|1
118525727|2
11852643X|2
118527533|3
11852755X|2
118527665|1
118527797|1
118528777|3
118529390|5
118530380|4
118531379|4
118532510|1
118532650|2
118532758|1
118532766|1
118532847|2
118533908|1
118534262|11
118534416|5
118534556|2
118534629|1
118535161|1
118535196|1
118535315|1
118535730|2
118535749|3
11853596X|1
118536419|1
118537245|1
118537636|1
118538322|2
11853856X|2
118538810|2
118538969|1
118539698|1
11854019X|3
118540238|24
118540939|1
118540963|3
118541013|1
118541102|1
11854215X|1
118542192|3
118542257|17
118542265|14
118542273|4
118543032|3
118543830|12
118544381|2
11854490X|1
118545140|8
11854523X|1
118546139|3
118546864|2
118546937|4
118547445|1
118547453|2
118547739|4
118548018|7
118548565|2
11854893X|2
11854943X|4
118549553|21
118550128|2
118550241|1
11855073X|1
118550772|3
11855090X|1
11855137X|5
118551981|1
118552023|1
118552465|6
118552589|2
118552759|1
118553216|5
11855333X|1
118554107|1
118554514|1
118554700|178
118554727|2
118554840|1
118555316|1
118555324|1
118555367|4
118555553|5
118556312|1
118556436|1
118556622|2
118556657|1
118557211|24
118558862|2
118559168|2
118559230|4
118559796|5
118560123|1
118560328|2
11856109X|8
118561294|1
118561448|1
118561545|2
118561812|1
11856224X|1
118562258|1
11856286X|2
118563076|5
118563300|1
118563319|2
118563386|7
11856370X|2
11856403X|8
118564064|1
118565796|3
118565915|1
118565990|1
118567764|2
118567780|1
118568442|4
118568558|1
118568876|5
11856935X|5
118569376|3
118569767|2
118569961|3
118570080|5
118570293|4
118571370|1
118571508|1
118571656|2
118571869|1
118572121|9
118572210|1
118572393|5
118572628|1
118572741|3
118572768|1
118572954|1
118572970|1
118573446|1
118573489|1
118573519|2
118574078|6
118574868|1
118574973|2
118575449|4
118575503|1
118575767|1
11857647X|29
118578537|6
118579355|1
118579606|2
118579975|1
118580310|2
118580485|1
118580698|1
118580744|2
118580841|2
118580949|2
118581309|1
118581775|2
118582038|1
11858216X|1
118582607|2
118583107|5
11858314X|5
118583174|1
118583387|1
118583425|3
118584162|36
118584375|1
118584790|3
118585053|1
11858524X|2
118585819|1
118586548|1
118587080|2
118587404|2
118587668|3
118587773|2
118587943|7
118588893|2
118589717|1
118590111|5
118590901|4
118592912|3
118594117|1
118594869|3
118595245|6
11859611X|1
118596403|1
118597019|4
118597051|3
118597442|5
118598279|8
118599224|1
118599313|2
118600044|1
118600346|8
118600818|1
118600850|1
118600869|1
118601024|1
118602667|1
118602721|1
118603817|6
118604449|1
118604570|1
118604600|1
118604872|2
118605232|1
118605909|9
118606824|1
118606832|2
118607057|2
118607200|1
118607308|3
118607626|12
118607820|2
118607871|2
118607979|1
118607987|4
118608002|1
118608045|1
118608215|1
118608339|3
118609378|3
118609475|4
118609807|5
118610473|1
118610554|1
118610678|1
118610937|2
118611046|1
118611720|1
118612433|1
118613138|1
118613480|1
118614088|2
118614436|4
11861598X|1
118616099|6
118616196|4
118616455|1
118617281|8
118617583|1
118618121|1
118618156|6
118618261|1
118618725|9
118619055|2
118620169|4
118620193|1
118621513|5
11862220X|5
118622358|1
118622366|1
118623095|1
118623575|1
118623761|5
118624369|1
118625063|1
118625756|1
118626167|7
118626175|3
118626574|1
118627198|1
11862721X|12
118627910|2
118627929|1
118628097|1
11862833X|1
11862850X|2
118629743|3
118629840|3
118629867|3
118630075|2
118630105|4
118630369|5
118630563|1
118632108|2
118632477|5
118632833|1
118633600|2
118634771|7
11863562X|1
118636383|1
118636596|4
118636618|2
11863707X|1
118637266|1
11864193X|1
118643657|1
118648071|6
118650386|2
118650467|1
118650769|2
11865103X|1
118651870|1
118653377|2
118653423|1
118654292|1
118654624|1
118655477|1
118655795|9
118656104|1
118656325|1
118657585|1
118657887|1
118661078|1
118665081|1
11866770X|2
118667939|1
118669923|1
118670743|1
118670883|1
118671324|1
118673513|1
11867353X|1
118675508|2
11867594X|1
118676024|1
118677640|2
118678957|1
118680145|4
118681559|3
118683551|1
11868468X|1
118686194|1
118687441|1
118688944|1
118690590|1
118690949|1
118692321|5
118692577|2
118694073|1
118695304|6
118696734|1
118696823|1
118697773|1
118699520|1
118699962|1
118700421|3
118701053|1
118701282|1
118702599|1
118704524|3
118705032|1
118705814|1
118706187|7
118706640|5
118707965|1
118713507|1
118713868|1
118714325|2
118714333|2
118715097|3
118715917|1
118717758|2
118718622|1
118718983|1
118720074|1
118720309|1
118723324|1
118723499|1
11872536X|1
118726692|6
118728784|5
118728830|1
11872889X|1
11872911X|1
118729470|2
118731912|1
118732692|1
118734504|1
118734865|1
118735365|3
118736116|1
118736256|1
118737074|2
118737104|2
118737775|1
118738542|3
118739131|1
118740792|3
118742906|3
118742981|1
118743368|4
118744690|2
118745425|1
11874559X|1
118745743|3
118747975|1
118749927|2
118750038|1
118751719|1
118752588|1
118755544|1
118755552|1
118756532|2
118759302|3
118759965|1
118760343|1
118760645|1
118760866|6
118761846|4
118762109|1
118762672|1
118762745|3
118762834|1
118763180|1
118763733|1
118766090|1
11876618X|1
118766406|2
118767089|1
118769014|3
11877171X|3
118772392|4
118772902|1
118773321|1
118773348|1
118773607|1
118774735|2
118778080|1
11877820X|1
118778277|2
118779281|1
118779680|1
118783688|1
118783726|4
118784013|2
118784919|1
118785249|1
118787888|1
118788272|1
118790471|1
118790544|1
118790951|1
118791028|1
118791273|1
118794396|7
118795457|1
118798367|1
11879941X|4
118801597|1
118801996|1
118803336|1
118805193|1
118805851|1
118806025|1
118806742|1
118807226|2
118807250|1
118808230|7
118809962|1
118811576|1
118816292|1
118818651|1
118823248|1
118825003|1
118825356|1
118826565|1
118828940|1
118829157|1
118833995|1
118835629|1
118835777|2
118852027|1
118852116|2
118854380|1
118855050|1
118865307|2
118865919|1
118883712|1
118890263|1
118897756|2
118920774|1
118921088|1
118930583|3
118961446|4
118963600|2
118972375|1
118973630|1
118977113|1
118983776|2
11898618X|3
118987224|5
118988999|1
11899669X|1
119006715|1
119016753|7
119017660|1
119034883|1
119036495|2
119044765|1
119059614|1
119066327|5
119066947|1
119079402|1
119097850|1
119100754|1
119108127|1
119110598|1
119111152|1
119115204|1
119130084|1
119131285|1
119134403|1
119145162|1
119151871|1
119152797|1
119164043|1
119171090|1
119180049|1
119180812|1
119220563|1
119222248|1
119242044|129
119272091|1
119279983|1
119285452|1
119288567|7
119289989|1
119312212|1
119318679|2
119325713|2
119368579|1
119369265|1
119420015|1
119420147|1
119449072|1
119452480|1
119498170|1
119501317|1
119506947|1
119519763|1
119521431|1
11954153X|3
119543338|1
11962849X|1
119661349|1
119664429|1
119731231|1
119749009|1
119809966|1
119845849|1
119873524|1
12006703X|1
120067552|1
120155184|1
120161052|1
120175851|1
120180170|1
120180170 |1
12018088X|2
120182114|1
120207699|1
120223848|1
120227649|7
120231069|2
120247437|1
120280191|1
120282208|1
120293846|1
120295997|1
120328062 |2
120333422|1
120369877|5
12038406X|1
120430231|1
120462834|1
120463318|3
12046540X|1
120524147|1
120524805|1
120560216|1
120684470|1
120818922|2
120869535|1
120958341|1
121049779 |1
121080420|1
121094596|1
121155846|1
121293440|2
121295427|1
121317897|1
121325334|1
121328279|1
12132835X|1
121329984|1
121332586|1
121337405|1
121337634|1
121342662|1
121342697|1
121373185|1
121374068|1
121381293|3
121389693|1
121417212|1
121439496|1
121562018|1
121569160|1
12159355X|1
121602397|1
121666778|1
121705617|1
121721337|1
121721523|1
121726118|1
121730026|1
121783715|1
121783715 |1
121790711|1
121802590|3
121809196|1
121821447|1
121840964|1
12185096X|1
12188693X|1
121887499|1
121890678|1
121912760|1
121927083|2
121933555|2
121933555 |1
121943828|1
121949508|1
121978443|3
12199516X|1
122086104|1
122121252|1
122262573|2
122594800|2
122625412|1
122668766|1
122706625|6
122746848|1
122752473|1
122871588|1
122899601|1
122982290|1
123040353|1
123138426|1
123140269|1
123222338|1
123223334|2
123383560|1
123414709|1
123435277|1
123644305|1
123676010|1
123679001|1
123723574|1
123910889|1
123987385|1
12401402X|8
12402002X|1
124073921|1
12414960X|1
124153011|1
124303706 |1
124325440|1
124336590|1
124354580|1
124365329|1
124365833|1
124413552|1
124437680|2
124499155|1
124501338|1
124517641|1
12451779X|2
124523986|1
124532276|1
124535062|1
124536557|1
124546420|1
124557260|1
12455959X |1
124564380|1
124573444|4
12457467X|2
124582621|1
124599427|1
124612644|1
124613551|1
124613993 |1
12465200X|1
12466833X|1
124724833|1
124760996|2
124768784|1
124786979|1
124791298|1
124792405|2
12481350X|1
124816045|1
124820697|1
124827527|1
124873847|1
124886868|1
124955266|2
125000820|2
126764514|1
126789479|1
12693312X|1
127164499|1
127874208|1
128433930|1
128439386|1
128457392|1
12851664X |1
128517832|1
128561823|1
128563796|1
128582502|2
128666668|1
128683031|1
128720263|3
128737395|2
128748605|1
128768673|2
128846666 |1
128862580 |1
128875208|1
128949538|1
129059242|1
129094692|4
129126306|1
129149101 |1
129182575|1
129264547|1
129322628|1
129356883|1
129376361|1
129515302|1
129517216|1
129536601 |1
129583227|3
129670022|1
129800295|1
129810452|1
129868868|1
12988748X|1
12989432X|12
129964026|1
130025836|1
130053120|1
130053155|1
130087270|1
130207470|1
130476161|1
130602507|1
130605190|4
130617598|1
130668877|1
130668893|1
130835021|1
130836540|1
131085824|1
131357727|4
131357727 |1
131405330|1
131436945|2
131537431|1
131643959|1
13164954X|1
131675699 |1
131825968 |1
131956434|1
132110563|1
132360667|2
132700867|1
133620212|2
133649938|1
133694917|1
133924726|2
134087313|2
135725259|2
136016413|2
136062687|1
136318703|2
136444369|5
136445187|1
136944167|1
137161824|1
13743457X|1
137501897|1
137744307|1
138460981|1
138481784 |1
138715122|1
138989605|2
139461582|1
139611355|1
139671404|1
140287264|1
140752897|1
141104430|1
141322888|1
141724811|3
142563854|1
142887269|2
143283596|1
144059622|1
144059630|1
151755884|1
152136819|1
153587016|1
155435981|1
156101882|1
159081734|2
159164559|3
159571871|1
159571871 |1
159573629|1
159582180|1
159582350|1
159585368|1
159585643 |1
159587077|2
159593697|1
17199325X|1
172687705|1
172769191|1
173143075|1
17406103X |1
174912595|1
176382593|1
177015993|1
177023686|1
178621854|1
178629340|1
179215671|1
181074907|2
188050817|1