#FORMAT: BEACON
#TARGET: http://www.e-codices.unifr.ch/de/search/all?sSearchField=person_names&sQueryString=pnd_{ID}
#ALTTARGET: http://www.historische-kommission-muenchen-editionen.de/beacond/ecodices.php?pnd={ID}
#FEED: http://www.historische-kommission-muenchen-editionen.de/beacond/ecodices.php?beacon
#CONTACT:  (Beacon: matthias.reinert@hk.badw.de)
#MESSAGE: e-codices Virtuelle Handschriftenbibliothek der Schweiz
#INSTITUTION: Universitas Friburgensis, Mediaevistisches Institut
#DESCRIPTION: http://www.e-codices.unifr.ch/de/list/all/authors,  560 mit PND
#TIMESTAMP: 2012-12-10T11:11:11
#REVISIT: 2013-12-01T11:11:11
100107761
100112463
100162495
100189652
100198414
100222730
10022881X
100228984
100250408
100276687
100290094
100325866
100355048
100366058
100494420
100515401
100550177
10055119X
100642799
100650554
100674801
100697674
100725686
100728340
100732305
100735258
100738931
100935419
100935427
100935613
100936202
100936326
100936520
100936547
100936644
100936806
100937047
100937365
100937543
10093756X
100937918
100938272
100938531
100938671
10093935X
100940374
100940382
100940625
100940633
100940749
100940919
10094115X
100941176
100941257
100941370
100941583
100941702
100941710
100942008
100942059
10094289X
10094325X
100943322
100943772
10094468X
100946321
100947093
100947492
100948200
100948405
100948456
100949312
100950477
100950698
100950744
100951562
100952666
100953441
100954073
100955282
100955673
100955916
100956009
100956017
100956726
100956750
100957234
100957455
100957714
100958028
10095815X
100958583
100958648
100959369
100961770
10096267X
100963684
100964028
100964036
100964397
10096513X
100965946
10096639X
100967949
10096902X
100988814
101100809
101348142
101436130
101442599
101897073
102368899
102369143
102369798
102379149
102380309
102381992
102384029
102392099
10239315X
10239394X
102397449
10240089X
102401349
102402280
102405026
102405107
102409293
102409358
102409439
102422397
102422516
102423431
102425442
102426104
102426465
102433763
102441510
102441545
102466882
102473927
10247558X
102482799
102487944
102501971
102507430
102507651
10251352X
102513813
102517568
102517827
102518122
102518890
102519064
102530041
10254266X
102549435
102562938
102600910
102833222
102839603
102840377
102840636
103083812
103086854
103095292
103118241
103129758
103129782
103130195
103130276
103147942
103150277
103151168
103151184
10315700X
103158391
103900691
104104899
10417580X
104189045
104190698
104315601
10434847X
104348550
104349468
104363908
110885058
115467289
115610790
116353740
118500805
118500856
118501593
118501828
118501887
118502026
118502379
118502441
11850245X
11850374X
118503804
118503863
118503987
118504843
118505114
118505165
118505238
118505254
118507842
118508237
118508903
118508911
118509810
11851007X
11851217X
11851282X
118513176
118513249
118514474
118516132
118516361
118516868
118518275
118519514
118519778
118520245
118520644
118520814
118521055
118523074
118523112
118523139
118523708
11852464X
118525859
118525867
118526715
118528823
118529501
118529560
118529722
118530321
11853033X
118530550
118531344
118531395
118531425
118534009
118535102
118536834
118537202
118538616
118538748
118541625
118541838
118541870
118541900
118543423
118543431
118543482
118543512
118545086
118546201
118546228
118548360
118548379
11854845X
118549693
11854974X
118550853
118550896
11855140X
11855333X
118553569
118553909
118554611
11855462X
118554638
118555642
118555650
118555995
118556126
118556398
118556401
118557203
118557831
118557904
118557955
11855798X
118558021
118558706
118560034
118565117
118565133
11856921X
118571710
11857258X
118573624
118574701
118575236
118575279
118575651
118576488
118577883
118577964
118578081
118578170
118578278
118581422
118588850
118588869
118590235
118590251
118590677
118590995
118592157
118592491
118592815
118593331
11859334X
118594702
118594893
118595083
118595237
118595571
118595644
118595873
118596624
118596829
118597248
118597396
118598503
118598996
118599518
118602101
118603736
118604015
118605097
118613200
118613510
118614983
118617486
118619284
118619918
118621009
118621335
118621750
118621793
11862234X
118624326
118625780
118626183
118626574
118627082
118627163
118628550
118628968
118628976
11863304X
118633341
118634917
118635808
118637649
118637797
118638459
118640003
118640763
118640992
118641514
118641549
118641778
118641786
118642421
118642960
11864422X
118645552
118647180
118650130
118650815
118655566
118656473
118660454
118661418
118665782
118666088
118671561
11867496X
118675222
118675664
118679724
118682105
118682229
118682547
118683489
118688677
118691007
118692488
118697439
118699121
11870107X
118703544
118703625
118703935
118704710
118707566
118711024
118712284
118712489
118712683
118713914
11871435X
118715186
118716735
118716883
118718665
11871936X
118724959
118729748
118730606
118731300
118732439
118733613
118734946
118735640
118738771
118738836
118739409
118740423
118740474
118744526
118744917
118750313
118755005
118757806
118758101
118760386
118767933
118773895
118774131
118775677
118778714
118783149
11878322X
118786385
118787756
118788299
118788302
118789082
118789341
118789961
118790714
118791176
118791753
118791990
118793454
118793519
118795759
118795988
118796313
118797948
118798049
118798502
11880183X
11880328X
118803573
118805827
118809199
118813064
118817116
118817736
118818864
118820915
118828274
118828851
118840355
118843400
118860429
118878689
118887947
118895494
118917676
118924141
118932438
118934996
118935518
118962191
118966626
118967762
118968211
11896903X
118996088
118999028
119008653
119024667
119027747
119028921
119033372
11904059X
119044641
11905261X
119066548
119068230
119070707
119092476
119098709
119107430
119133954
119152355
119163594
119192047
119198193
11921587X
119221292
119227460
119238683
119238764
119239418
119244071
119254115
119291088
119307391
119378639
119394030
119422352
119434903
119441721
119453401
119465256
119465728
119470373
119475871
119483882
119523442
119525577
119536390
120085895
120697203
120904624
121073319
121939405
123127726
123424623
126551901
12971383X
129713864
132301342
134706749
134859006
13486848X
135941067
136065643
138453489
138870608
141389125
157531120
172090962
174391307
174391757
ecod_000022
