#FORMAT: BEACON
#PREFIX: http://d-nb.info/gnd/
#TARGET: http://frankfurter-personenlexikon.de/beacon/beacon.php?{ID}
#FEED: http://frankfurter-personenlexikon.de/beacon_fpl.txt
#CONTACT: info@frankfurter-personenlexikon.de
#MESSAGE: Biographien im Frankfurter Personenlexikon
#INSTITUTION: Frankfurter Buergerstiftung im Holzhausenschloesschen
#DESCRIPTION: Frankfurter Personenlexikon - Die Frankfurter Biographie laesst die handelnden Personen als bewegende Kraefte der Frankfurter Geschichte lebendig werden
#DATE: 2020-11-22
#REVISIT: 2020-12-22
1138887048
118566083
118575503
117323535
117322997
118575449
102902542
116001496
118560034
118560395
102633126
1104725479
119131110
11600245X
118500260
172765056
118646729
118500414
118646761
116006102
1112275398
118647008
1064856276
11646853X
1023688638
116008490
118500775
118501402
138677298
116308990
1111666091
116309210
103226537X
116309318
135718341
137537875
100758541
1036676501
124496806
138614172
116645555
1079875530
118951009
116654449
11857602X
128448164
1197846034
118576186
1026239974
118873857
1112089454
1031230254
1016798547
119098911
116715847
116724919
116729090
1102154911
12891596X
118577166
116733969
118577190
141829648
116735309
118781634
116738243
118577484
104342358
116760206
116760230
172916003
118577638
118577646
1128742500
1126274046
116814411
116837705
116841338
116841818
131353616
118579371
11857938X
118732218
136684297
116859105
129155993
128604832
118575694
116988401
116988738
1198441712
1026344859
117003484
117560138
117003492
101383460
116863544
116870354
1198441976
143062476
142628336
116871172
118580485
124598765
11687256X
11878305X
136995659
136995675
136995705
118580779
119338920
118783262
116885904
102649513X
118581074
137093799
118581082
118581090
119363577
137341121
115632603
119228378
119228386
128683880
138327467
116914076
118733176
118801058
131447823
11695793X
140114912
119844844X
138328951
11695809X
118733222
1141945940
117555835
118733362
118801066
117555983
118874470
1103592548
131622692
118733699
117018953
11887361X
100310281
118582267
1026655528
1202742777
1191283933
118582542
117047759
1202743951
118582801
1061564487
104274654
109579759X
118583174
129024309
119121905
117120367
117125458
117135364
118584057
116916184
117601624
116916249
119511185
124530516
118737074
137613008
137613040
137998805
137613202
137613156
118584596
142234338
117575178
13353622X
11758830X
132854430
117609145
1202816525
1202817033
117608408 
117611379
118585231
1119620848
117171697
126751404
117174025
1076045359
137900732
119083175
119049309
117181307
117187429
117189413
118735403
118585991
174250452
11762473X
116880481
1011691027
11688326X
118738011
142334863
140133410
1042951454
1203114435
118738178
119108291
1203115059
118586742
119117991
103077758
118738356
137998333
117576069
1033515523
118586920
11977268X
119138913
117010332
118738577
132764660
1203166184
1203167393
126616019
1098193520
138157286
1203216815
116954442
138222649
1124713808
132966980
117000094
118587900
118588095
117021849
119348098
117040509
118588575
11705626X
1026518970
118588761
117060429
140534393
121571718
139763201
117079979
11707988X
138277621
105252348X
117105228
118589504
117106747
118504185
137436149
118786938
117120693
1161826653
120894572
1212621301
13985312X
11859009X
1212621751
118855026
127094296
1068876468
111936874X
11773389X
121992667
119484129
1212975758
118641417
1011703742
118590219
108224910
117148512
1073454789
123631424
126730458
141419660
118590758
117191000
142568759
117679801
115357629
1213058546
11908967X
11878952X
118816292
118591673
138451222
122221478
1161614109
116052147
119202662
119282445
116052139
137916515
116052953
12992041X
116058668
118557211
122720210
118739786
1203744447
131404431
182196143
118739905
118592912
116123060
1126530344
100226000
103726018X
1213316014
104275146
122338154
118848801
101714262
1213666899
116163097
1213667909
118815598
116140844
116164549
118593625
11884041X
139172807
116173807
139173900
116173815
1213668948
118854704
119512920
137784384
118594818
116205113
116208929
1060820862
100823149
1213670268
1025756797
118741217
116264764
11626490X
118595717
113217029X
1214308198
11768984X
118741500
130300446
1214308945
1214309526
116264586
122950240
116282169
116282487
118793284
11628286X
103084053
116282940
122050606
117697230
116290382
10434444X
116292407
118742884
134489535
116313528
1214654274
1214654789
116317094
119067072
116442409
1214655173
1202746918
116318376
118597361
1214655629
1215045344
118597612
1082258962
118743473
116322918
172342554
118597671
118597779
118597981
14155293X
118748971
1199303429
13083114X
1035401789
121320081
1215046456
118598406
117491888
117491896
118598481
116362979
116364815
102676615
116367377
117690902
116367466
1012575187
1042071403
1218035390
118598988
116391901
128649844
104079045
116393238
121783871
141598603
1218099585
118788191
11874402X
118744046
142234354
118744089
118744135
1199621145
117730564
103092269
1116648520
118599364
118744275
118744267
116422750
1108789498
11874433X
1199583952
1218186909
118599593
116436905
118744550
1218187182
118744615
118744739
124461662
11650899X
121849364X
118818066
118600559
1032097469
118600966
116544864
117532711
118745263
118601008
1026998697
116572183
11657321X
11860130X
1026993156
116574232
127859683
116580968
139478949
116581263
115653848
1218494816
116594608
139255206
117534250
118745808
116595663
104156686
1218497297
1064959091
125911106
119106868
118749625
100960006
100960014
119329751
1055283692
116624337
118602802
11663765X
116641584
13967134X
11664172X
116641711
116641762
116641797
11879132X
116641789
117596841
116641924
116641975
1191862062
116642351
1110061323
11666519X
116670134
116675594
11669811X
116700165
119188325
139517243
118895001
119372134
11670649X
116706511
117599026
116708700
123493188
135928346
116713585
1032341823
118604627
1108298087
1025298632
116743581
104063955
116762578
132706938
118830333
118605151
118605224
135843774
174331819
1027338984
118794396
129414697
1037495667
11701771X
11860581X
1055478191
117018376
118605909
116159960
119394286
11874822X
118794868
118794876
1192401565
1199585947
119310288X
117224367
1097300811
1188729616
118607626
118852116
139273743
133080595
117326852
124434754
119233460
117457213
1189341883
119018268
116818859
116818964
1192403762
118609831
10657597X
12229386X
118610465
115516468
122430239
143161482
11716982X
117256870
118999729
118117548
1031768335
117472352
118764519
117470120
119038382
117373265
118614711
107496410
118616099
1125973900
1019760362
121773124
1128078511
1033302449
117244538
11861861X
118618628
129823767
11861911X
117456829
118619977
117373699
11865196X
118652168
118507559
11862119X
1046093622
130078948
129809802
116104511
10063480X
118757288
102418500
117267066
118803107
128351314
142370614
1143986024
118625527
118508210
119265052
118655035
116114797
116120894
1164809199
117340006
117442445
118803735
117350419
117350532
117350591
117350613
123633524
119083345
117454575
117488739
119133431
11851136X
1050529162
1139364405
118765809
117207683
120399717
117251062
117343633
117278572
123623421
118632248
142843903
119194457
136295452
117429708
117432296
107771853
118512471
118660748
118512749
116226390
119255111
1103140167
116751576
11900299X
118664441
1026029511
1173662332
118664735
118667335
117685585
116524685
116062797
116726059
116073489
116110988
118671901
116175753
116319577
118528610
122968468
118529358
11894195X
119518279
132569868
116460342
118532685
118532766
118683527
1217627294
130237892
1206661917
1042513163
1150811684
116049847
1011505363
116049871
116155515
116155582
118535315
1206662158
1199031127
11869376X
137563094
118840452
116478640
118690507
11853856X
116564881
118695940
118540238
118696130
116809582
118542443
1017178410
116937742
118701150
105776122
137126530
1019100176
135677645
116540133
118709356
128737069
1051302897
1055329730
118548018
116701293
116709642
123936993
118927523
1188568264
121022862
116489286
1174021292
117402299X
118550578
116784733
13765538X
1217678808
118551256
116507160
136149073
1175581976
1187863289
10251643X
119291029
118551981
11855249X
118553615
1189246430
100294871
1080272380
117077879
118557750
120666407X
118561243
118561383
120912767
116187840
124789056
1189599082
116227370
118563319
118930583
118563513
116263741
116271000
12937749X
118713892
105642789
122051076
1195188323
1195564503
116640243
1012282236
118778463
11664723X
104176997
1195565046
118726153
116677619
11668402X
124728022
1195565879
100300359
138883688
118726633
118569910
116862793
1034229125
127477969
118570129
10629105X
119054043
122588495
116769203
118888072
118747215
136560717
1026032911
118919717
140838945
122050746
136601901
1195566212
1052872808
1195566352
119144204
124729053
124729037
116884908
11872729X
1109362153
1098172736
118571508
1197831134
131781707
10314384X
141710292
117668265
118857452
118893351
136659276
116948019
118640496
122113357
118572318
1121075886
116980362
119002043
1197842047
129107336
102257906
118728202
136709354
117000035
1110042256
121741737
1096255359
118780026
117036080
130317179
136726046
117026050
117695971
117029408
140398171
140398317
118728431
117034835
118972944
11703567X
17341902X
118573381
123325633
117059463
118573462
117060534
118573489
117063215
118573527
105358487
1072471760
117154202
11718960X
122824350
118574019
118728881
118574167
119003333
1026240484
119497662
117259292
119255324
11725942X
117259446
137083955
1118877683
118817167
118863746
118574957
1191851869
117289868
1078958386
118747398
1055386386
1024951758
126169810
106437569
1046617451
11857518X
1026276519
104282207
10408958X
11857535X
119784550X
118164147
1125026456
116377313
118654284
118509039
118656155
118926888
132528525
118516221
118516906
129612405
118521462
123069408
116370882
119101211
118532669
130202495
118935208
141206020
1175580694
1130814645
118542257
118542265
118699512
118543938
121635341
117010014
130185140
131346849
119119331
117713252
106878315X
13841467X
118594702
118741640
1016959648
118603140
116641843
1088321232
1019861126
117021512
105938416
118563823
118570080
119095645
118546473
118617370
1189710730
1189183633
136168752
136168744
116972408
124096689
1189185334
104336862
1156575974
116972386
118628828
117239798
11752302X
1022768166
117009997
117251135
118774514
128739762
118919555
118609947
117299707
117451452
117637122
118733117
1194442293
137613091
118608681
118612018
119320665
119241196
118763784
118611232
117816716X
118769014
118770551
121948722
118629913
104583835
118634747
117429287
1031161996
118184555
1173664335
17429543X
117232672X
117307572
154767433
188390820
116997079
116018852
117138495
118614584
118582321
118803360
118762141
117044903
117098086
119039885
118509810
11890616X
131434993
119377225
118599194
1028229496
117036005
127852123
118620959
118610740
122357523
122357590
118538713
118719033
118597256
119096609
122302877
138011427
118804804
1193105196
105801046
1067455043
119123886
118663283
1193154944
122407962
107653338
1082442615
116221461
11912193X
116681357
118528068
118530836
1188731505
118683497
1169092187
1025407687
11853534X
118917447
108258459
118548867
116736321
130490946
116807431
1186077700
1012278158
118724657
189548169
119096722
118597418
118585886
139176152
1117576922
118607480
118610074
1215048548
118924814X
127875581
117244465
118822500
118619179
117677515
1081043296
1114760218
1203656653
129037702
120141957
129893935
1173664432
137580525
121422607
107833658X
11737380X
1147162042
125555288
1052729835
116954299
117589373
1019440813
14198385X
120816725
117210242
118608290
11861097X
11873413X
116172169
123682258
118531190
1189861860
1189247135
1103142011
1172446288
11888980X
1034411217
1172395403
118504177
119199408
143192310
10897135X
1192408470
1179255135
1192404637
116972289
1206663758
118818724
137142277
118724975
1067689605
127865950
118945130
1182576613
118610945
119262347
1172447772
110290239X
120865734
1146077424
118710214
1127556819
121834751
1066250553
119475936
125680775
133900363
1012835138
125956207
1175579823
116721723
1025958438
118837818
126840822
136851398
118976788
1032523220
1174026251
1051017300
116895098
1176688472
1173178031
122230426
11897128X
119328267
129713554
118660047
117317687X
128606460
174039387
107537907
117749346
1120420466
1194442781
121932478
118539159
1027553745
118640658
1203655940
1179257081
121504951X
118838164
131537814
1017964866
117270768
123188962
1076308937
119260689
101986639X
1138858846
121779154X
116486066
