#FORMAT: BEACON
#PREFIX: http://d-nb.info/gnd/
#VERSION: 0.1
#FORMAT: BEACON
#INSTITUTION: Herzog August Bibliothek Wolfenbüttel
#NAME: Mitglieder der Fruchtbringenden Gesellschaft
#TARGET: http://www.die-fruchtbringende-gesellschaft.de/index.php?category_id=4&article_id=16
#MESSAGE: Mitgliederdatenbank der Fruchtbringenden Gesellschaft
#TIMESTAMP: 2016-05-09
#REVISIT: 2016-05-09 
121486001
118574868
102239452
104206497
102104387
124281729
136535372
136535380
104173327
100858457
1020090618
115710264
1038382351
1038499062
1033764272
1038499771
102109036
122252802
118530887
118680161
104250380
133089118
123890438
104173270
120079291
119118416
101933665X
1028434138
12105800X
118656368
118767038
1038499933
13609239X
1038745640
133089126
1038746000
135848725
102017433
1038747422
1038748011
128609966
1038748593
118706292
1035126508
12105876X
104173238
1038749026
122461576
104202793
119130947
120182688
1038749220
1038749530
121332772
1038749743
1038750008
120065703
138806853
1038750288
1038750679
102042632
1015336760
1038760119
118807331
1038761417
1038762480
1033765457
120779048
115388508
1038762758
1038762995
115827366
1038763142
103876431X
128451769
1038763576
11564170X
117256145
11858412X
1014190541
122942884
115866620
103876372X
1038763908
121561682
1038764726
115635203
1038765862
1038766923
11746158X
121335739
1038768365
1038768527
136293018
1038768780
115497773
122971264
103876890X
120267209
128556315
1038769086
128569840
1041288557
1017980500
1041288603
120598647
104128876X
117114189
130472700
124844626
116245662
1041288840
104194650
1041290675
104129087X
1041290993
1041291159
1041291248
1041291590
189408685
1041291949
1041292147
136729630
1041292236
121091317
1041292309
1041292422
1041301375
1041303564
103112898
120385058
1041303939
1041304153
1041304269
121427927
1043450157

121580830
1043450483
1043451064
1043461345
118676040
13846894X
143935135
104117206
1043461736
1043461868
121937984
122371100
120014181
104346235X
10142552X
134228359
119076101
104346252X
121975959
1043462686
1043462961
1046125710
1043463224
132701855
115682147
102837422
104348348
1059420708
100014704
1050674383
1046126458
137703996
1046126628
122420217
1059469464
102109176
129031305
121908631
121300781
1055723390
1046133934
122972147
122811364
1059411415
10211546X
118590111
104254173
129321036
139341315
120188686
120824787
115857400
1046134353
124717101
1046134787
130485861
10414193X
1046135155
104353643
121401707
138181187
115614540
12971481X
116048611
1017270996
1046139231
1046139479
118505076
102556873
1046139606
1035147645
119137356
118738925
104207620
1046139797
1046140124
1046140329
116262788
1046140396
1014062136
1016529783
104353635
121715183
1046140515
120525755
132657791
116556161
128520698
116454741
1046140655
142169110
119479850
115793615
1016618638
1046140701
1046140868
131668811
120872811
1046140973
120049988
120325535
136198368
1046141163
12111709X
1046145169
121561909
117668710
119532239
121778029
133619656
118712292
104357541
1055704221
129178128
1013240472
121733955
121431827
1044327499
129300454
121597601
1037996437
102116156
117386669
1015426611
121400719
104313471
131692771
115795685
136532438
130617385
136849474
1053181698
118144693
102367604
115390022
121930882
116730145
1012854825
102025615X
130494836
1042780358
121547906
120016990
102109028
117011312
1012347249
122942965
118736183
1013739779
118594214
104173572
120777193
118913859
1031181199
124365639
137090447
101826499X
1031167498
118546139
1049174186
102117977
121433986
100098355
1034678272
173286216
121804607
12839529X
121946304
121442187
131738356
11870320X
1049186761
101975933X
120583224
102524653
118610554
102309833
122800664
11853596X
119025299
121697703
1017717680
120709767
142403636
121783103
12194154X
137650469
100878962
137571186
116190809
11853095X
102322376
102816964
121510913
10230887X
117536563
120216744
124442455
104176202
122687981
120163594
115431225
118641182
1017378975
102764603
102816956
102474575
102305889
128735872
121333000
104220554
121781127
136723845
1014477336
1019738634
118502883
121326764
118745425
136032893
136176216
124938965
101740089X
119436094
120322293
1012812383
122500776
131545167
1060356848
116491779
121580598
1059835924
115850945
116740698
120176858
120172526
100334490
120913070
120913054
100268579
100818684
118756141
130608858
120174707
137366949
115472010
121280047
120604086
11872889X
101250797
118720945
121782875
116294396
116306505
121840379
118017985
118636596
1058341758
118807935
115627332
1068246138
1025494288
1033763756
123678706
103125434
128492066
118736256
120216876
120709740
102620768
139764054
138386757
10425422X
123715512
1014349664
123961572
1018762159
104254076
128867876
128799315

102109168
104244194
118774735
118500147
128866799
100487831
118144677
115691928
104333480
13620306X
139072098
13972852X
124861148
120188651
124724612
115732667
118587404
103124098
120277395
118535676
120823497
118760343
120470594
115844708
115685774
124657273
130605999
121941639
136238890
121952436
104333316
115465820
104077867
120538741
130595527
123432960
104173394
104174420
128874414
103100474
104194871
1020091118
104235217
120159481
1033723975
115466975
121091465
119523507
124974716
104133309
102532966
108194221
139320121
119220318
128722266
130853534
129098671
115865497
118511270
119100320
122598792
128742658
1032934557
121798674
120741326
137638248
104246073
1068229411
124941834
139860576
102035229
102530750
136724167
139094490
122734572
128501731
1031170278
102280622X
102471096
142551430
118503472
124840213
104176865
104177535
104177543
128865776
120286920
14174118X
120304449
120465051
131731599
1021985295
121776840
104324961
104335718
121595900
120334771
104369450
123531292
130592307
137727046
120524937
136905579
116860170
123335558
116678909
11874657X
123066972
130587508
120324032
102537402
123887240
124775802
11715010X
123571529
101248571
124290744
115367969
121800490
12124573X
104206314
129394955
1033801267
118543032
118840371
104177586
142751855
121600351
122903757
123388147
123282659
130642835
121881806
117614963
138777497
115614907
119511029
119511231
120305879
100401546
102468583
104300337
118618121
121722678
10210915X
121302679
117284335
118739581
120326094
129299979
104346582
10204337X
102310033
102356661
102367639
121449548
121379388
134281640
120327031
1019730757
115834192
120287331
12028300X
11883732X
1027245579
104297980
1034668358
139784012
11951124X
12391132X
11671655X
115533710
119512297
118861042
120439344
10313669X
124682316
142531243
118794396
119410524
115863559
143858882
133836630
117395218
120145812
104254130
120287021
122881222
121524299
12138604X
100551645
1028303335
115868984
141813539
124374794
1015192025

