#FORMAT: BEACON
#PREFIX: http://d-nb.info/gnd
#TARGET: http://archiv.francke-halle.de/zeig_start.fau?prj=ifaust8_afst&dm=Archiv&listex=GND &zeig={ID}
#VERSION: 0.1
#TIMESTAMP: Wed, 16 Jan 2019 08:56:12 GMT
#CONTACT: Juergen Groeschl <groeschl@francke-halle.de>
#INSTITUTION: Franckesche Stiftungen zu Halle
#NAME: Bio-bibliographisches Register zum Archiv der Franckeschen Stiftungen
#FEED: http://francke-halle.de/beacon/beacon.txt
#UPDATE: monthly
100004687
100011780
100021549
100023223
100029752
100029973
100030378
100031358
100031900
100033970
100034225
100037461
100038956
100043119
100055427
100061753
100069789
100081746
100082769
100084168
100089003
100092705
100096093
100097030
100097413
100099459
100102042
100119662
100121039
100121578
100121934
100122191
100123910
100123937
100129498
100130186
100132308
100133037
100142036
100142877
100151310
100153003
100156991
100157947
100160255
100160719
100160921
100162371
100162878
100166482
100167292
100167616
100169252
100171796
100173608
100174957
100176763
100181473
100192149
100197918
100203221
100206611
100208746
100209440
100211828
100212433
100218199
100227392
100228003
100230792
100232345
100232833
100237045
100239102
100242375
100242596
100245684
100245846
100250661
100259960
100260950
100265979
100269435
100271073
100277608
100280560
100291597
100294774
100294871
100295886
100299962
100302203
100302556
100303854
100317278
100317294
100327494
100327877
100330355
100331351
100332811
100334490
100335764
100343724
100350607
100354270
100358470
100364705
100366163
100370446
100372678
100398693
100408052
100408079
100408818
100437141
100455840
100460771
100464106
100490301
100510558
100518001
100524478
100532535
100554628
100556078
100565565
100567894
100579094
100586651
100596533
100605524
100610404
100613330
100617638
100618030
100619258
100629008
100632025
100632300
100636209
100643574
100645577
100654118
100659896
100661165
100682952
100691919
100697771
100698913
100700268
100702236
100703739
100704492
100707416
100708447
100726852
100734731
100736149
100753485
100771092
100791344
100791549
100792065
100792111
100793037
100796958
100804411
100804500
100805949
100807119
100812813
100818633
100823149
100823882
100824714
100827845
100828620
100838340
100849083
100849660
100852696
100857132
100857647
100863272
100863892
100867081
100867103
100867367
100867707
100870228
100879586
100897045
100905439
100918816
100925456
100940927
100968430
100972551
100975321
100979440
101014775
101017073
101018746
101018754
101021712
101027842
101036701
101038186
101038844
101038879
101042159
101052308
101052677
101052871
101053819
101059434
101062214
101076924
101080107
101081863
101084781
101085729
101094094
101094108
101098995
101103905
101104022
101108192
101177720
101248571
101250797
101251947
101252102
101315872
101317697
101389647
101419600
101423209
101495234
101495838
101503466
101508298
101509758
101509766
101509847
101510195
101584156
101654162
101656424
101663587
101679114
101679602
101680732
101687087
101788622
101793561
101826109
101854625
101879725
101919158
101950144
101997140
102017077
102030065
102030200
102035229
102042632
102049203
102057028
102104387
102104395
102109028
102109079
102109117
102109192
102111014
102111553
102111588
102111847
102111898
102116156
102117470
102117977
102119538
102119686
102120390
102125880
102169098
102181780
102181802
102182213
102212449
102249563
102282099
102293465
102305889
102308888
102309833
102309841
102310033
102313601
102322376
102324115
102356661
102367604
102371202
102371741
102372039
102374090
102400679
102408122
102410453
102416184
102423784
102430551
102433933
102438773
102440174
102440360
102441189
102442940
102446547
102446598
102449465
102455821
102456119
102458057
102460272
102461988
102462828
102463441
102463913
102464219
102465525
102465614
102466661
102467854
102469822
102472556
102474540
102475172
102475385
102476918
102477329
102478961
102479844
102481881
102485135
102487472
102490694
102490937
102491623
102492093
102492603
102493812
102493847
102495459
102496552
102497427
102508305
102512329
102517037
102519714
102519838
102521042
102522901
102523002
102527164
102527199
102530564
102530963
102532885
102532966
102533490
102540039
102540527
102549478
102555532
102555672
102555869
102555974
102560099
102561281
102565538
102565619
102569479
102572089
102572739
102573247
102573646
102574006
102575843
102582297
102588279
102601984
102675619
102677948
102692327
102709750
102759324
102764492
102774293
102783012
102784868
102816964
102831394
102836515
102843317
102858365
102867135
102872724
102874611
102882126
102893594
102898707
102899053
102911002
102923825
102928932
102940711
102946264
102950695
102954372
102956197
102971668
102978751
102991944
102992436
102993971
102998086
103005692
103008829
103017119
103029834
103036423
103038620
103044434
103052836
103079300
103080376
103081593
103086293
103087389
103092412
103092439
103092749
103096299
103096337
103097236
103099093
103104380
103112642
103113541
103121641
103125434
103125477
103127410
103129170
103131566
103132856
103145486
103145796
103148272
103148825
103150579
103151613
103151842
103152296
103154124
104043806
104045396
104048948
104049391
104051450
104052457
104052481
104055987
104056711
104057777
104063769
104063955
104064919
104067667
104069066
104069139
104071265
104073535
104073799
104074361
104074671
104075481
104076054
104079908
104082038
104083964
104089717
104091355
104093439
104098473
104098856
104100931
104101768
104104120
104104139
104106247
104108916
104112158
104114010
104115866
104117672
104117702
104123176
104123419
104123486
104125101
104125594
104126191
104126280
104126329
104130814
104134259
104135476
104135727
104135743
104136081
104136529
104136693
104137932
104138017
104138483
104140453
104141018
104141042
104141808
104143584
104143762
104143843
104145897
104146206
104146214
104151498
104152753
104153040
104153067
104154209
104155078
104155132
104156198
104159340
104160055
104161221
104162031
104163283
104163844
104167564
104168005
104169095
104169168
104169826
104171049
104173122
104173130
104173203
104173246
104173254
104173289
104173297
104173300
104173386
104173416
104173548
104174080
104174463
104174552
104175257
104175354
104175494
104175648
104175931
104176008
104176253
104176466
104176865
104177098
104177195
104177209
104177535
104177586
104177713
104179821
104181958
104182067
104182180
104182601
104182652
104183055
104183306
104183349
104183365
104183586
104183772
104183799
104184418
104187220
104189495
104190388
104193360
104193905
104194723
104194995
104196254
104196548
104196645
104196734
104196750
104196777
104197730
104197943
104203803
104206144
104206535
104207205
104207272
104208864
104211547
104211571
104211652
104216409
104216824
104217650
104217685
104217707
104219661
104221224
104222050
104222808
104224010
104224355
104225394
104231319
104239530
104242949
104243651
104244879
104245565
104245751
104247843
104248599
104248858
104248874
104253606
104254130
104254149
104254203
104254238
104254246
104254254
104254300
104254335
104254351
104254599
104254904
104255714
104256621
104259108
104260106
104264527
104265922
104266112
104266473
104268018
104268123
104268190
104268301
104268417
104270616
104272406
104272813
104275227
104277122
104278129
104279664
104279699
104279850
104279893
104279931
104280883
104280891
104283017
104283157
104283238
104283270
104283548
104285141
104285885
104286415
104286547
104286563
104286911
104287497
104295112
104295139
104297166
104298650
104298650
104298995
104299339
104300353
104300442
104304901
104305746
104317914
104317949
104318627
104318686
104318872
104319038
104323493
104326433
104327925
104330716
104332425
104333596
104334134
104335262
104336641
104337532
104338067
104338741
104338768
104339136
104339322
104340134
104341475
104342137
104344202
104348054
104348283
104351225
104351985
104353090
104353201
104355549
104359676
104361794
104361875
104366435
104366834
104367032
104369515
104370041
104371773
104372982
104373113
104373288
104373636
104375329
104375345
104375426
104376198
104376546
104379480
104380942
105297658
105510785
105812412
105939501
107050978
107484897
108200280
108378292
108547086
108561828
108758486
109027256
109482263
110370805
111037344
111081289
111842875
112734383
114168229
115360166
115360832
115360905
115361111
115365338
115369864
115372784
115373128
115373241
115373675
115374280
115375090
115376380
115378103
115378510
115379118
115379967
115383344
115387056
115388311
115392645
115392866
115393056
115393463
115396128
115431322
115433503
115444548
115445471
115446273
115447032
115458220
115460675
115460748
115463623
115468277
115485155
115485961
115486054
115486100
115503552
115505520
115509801
115509941
115516522
115524169
115526641
115528326
115528431
115528873
115529101
115532625
115535462
115536884
115537023
115540806
115541802
115547401
115548521
115549390
115560270
115560882
115566368
115566457
115578480
115589104
115598324
115601430
115602194
115604928
115611509
115612750
115613943
115620737
115622853
115625356
115628525
115638482
115647376
115648941
115658505
115661484
115670211
115677178
115677313
115681639
115683240
115691324
115727310
115734678
115741100
115748210
115749551
115752803
115754571
115757546
115775935
115776001
115780807
115789731
115792041
115793283
115794204
115795413
115796363
115801073
115805613
115807993
115808205
115819584
115821368
115821872
115823026
115824626
115830731
115833463
115833870
115838767
115841628
115843647
115846476
115846506
115854436
115855165
115856005
115863559
115869042
116002794
116005548
116008202
116010061
116013346
116014008
116019077
116019948
116020148
116020407
116024089
116025883
116028327
116028351
116029145
116029781
116030542
116035544
116040149
116043024
116044055
116048875
116053437
116057874
116058501
116061146
116061235
116062479
116063432
116066733
116067128
116068965
116076356
116079533
116081910
116081929
116081945
116081953
116084286
116091509
116091738
116094184
116095628
116096438
116098988
116105976
116112476
116115017
116118156
116122412
116124466
116124938
116126353
116126434
116136731
116138076
116139471
116141697
116146516
116147644
116147695
116149949
116152974
116152990
116158298
116161108
116161175
116164816
116170271
116170964
116171006
116173882
116174366
116176660
116179074
116179325
116181559
116182474
116182792
116188235
116191686
116192062
116195096
116195312
116199032
116203757
116205903
116206608
116207701
116211431
116214627
116215372
116215690
116221429
116221437
116221534
116222093
116224878
116226390
116229411
116231335
116232889
116238739
116238763
116238925
116239840
116241284
116250836
116258284
116263938
116264519
116268891
116276606
116278838
116278986
116279354
116286598
116292369
116297956
116298553
116303425
116312947
116313692
116315415
116318848
116319593
116319747
116325976
116326670
116341254
116341793
116341815
116341823
116345470
116345497
116350180
116354313
116356766
116362448
116364947
116369345
116370920
116371684
116373164
116375507
116377836
116379448
116382066
116382694
116390433
116397446
116398108
116405740
116413123
116415843
116421789
116422777
116431987
116433167
116433302
116446889
116449454
116452579
116453885
116457325
116458534
116458593
116458704
116459301
116464615
116467541
116473169
116473207
116476508
116479914
116481501
116489227
116491779
116494603
116497254
116502967
116509228
116511427
116511680
116526343
116531045
116538554
116538937
116539437
116539488
116539577
116546522
116551445
116552417
116552433
116559403
116562382
116565101
116566345
116566957
116568070
116568682
116572183
116572469
116584432
116584912
116586516
116587512
116588853
116591307
116595949
116596678
116600705
116607955
116609036
116611154
116617640
116623284
116624981
116625007
116633565
116636793
116640545
116643765
116645881
116649208
116651326
116657561
116657855
116659572
116664703
116664754
116666781
116669551
116672242
116678909
116691328
116693150
116695978
116696346
116697067
116698683
116702982
116703725
116709685
116713712
116732555
116749970
116758058
116761016
116763043
116764759
116775424
116777281
116779926
116785993
116790490
116791543
116792442
116793732
116793759
116796197
116803517
116803967
116809108
116809701
116813504
116818948
116821876
116824158
116824158
116824492
116826630
116831219
116834854
116840854
116856572
116857056
116865296
116866446
116867558
116868554
116868597
116871881
116880155
116880481
116882085
116882158
116885890
116885963
116887206
116888180
116888571
116890045
116892048
116894938
116895284
116896175
116900377
116900679
116901543
116901756
116904496
116906707
116911484
116911980
116912154
116915226
116921277
116926635
116928247
116930268
116935391
116936517
116937939
116938412
116939710
116939877
116954590
116956178
116956666
116956828
116958561
116960361
116960477
116962291
116963557
116965746
116972270
116975237
116978163
116979852
116982780
116985828
116986328
116991712
116997052
116998571
117001260
117002305
117618500
117002437
117002526
117005800
117006181
117009237
117011312
117013463
117016268
117016683
117017027
117018309
117019798
117024988
117026212
117028487
117028630
117031755
117033111
117035297
117039144
117052124
117053678
117054933
117057975
117059196
117061964
117064211
117064971
117066486
117070106
117076597
117076635
117080357
117080632
117081086
117083577
117083607
117085502
117085731
117093335
117098108
117099023
117107131
117109037
117110213
117113980
117116556
117116920
117119628
117120510
117123560
117123854
117124354
117127159
117128988
117131911
117135658
117136999
117140791
117141054
117145696
117145785
117148423
117154172
117161381
117162965
117163171
117164585
117165832
117168823
117173312
117173576
117175463
117187097
117187968
117193062
117194921
117195189
117204102
117205982
117208957
117209848
117212156
117214523
117218545
117222267
117232998
117233102
117235776
117239011
117239216
117240761
117244724
117245380
117248339
117253243
117256471
117260711
117262692
117263826
117265322
117270598
117276995
117277428
117278289
117278882
117281166
117281387
117281867
117282995
117283436
117286400
117286427
117286478
117292230
117292656
117301213
117301345
117301566
117306991
117310859
117311189
117311421
117311936
117325104
117330485
117330612
117332127
117333425
117334081
117340650
117341037
117344923
117348120
117348309
117348503
117354023
117355666
117357944
117359335
117360201
117364177
117369713
117384224
117384259
117387436
117391220
117395234
117399841
117399876
117399965
117401072
117401587
117407186
117410616
117414395
117417424
117417505
117420581
117429503
117429732
117429880
117432792
117433373
117435848
117436194
117436615
117440221
117443360
117444154
117444790
117446408
117448672
117450588
117451134
117453773
117454273
117456705
117462284
117469408
117471704
117472204
117472255
117478113
117480967
117483311
117486701
117489476
117489840
117492167
117492841
117495301
117497061
117503010
117505358
117505471
117508632
117509280
117509620
117514691
117515000
117516422
117519294
117522902
117523038
117523585
117524263
117524425
117536059
117536113
117538019
117540137
117540226
117540234
117540382
117544531
117545384
117546011
117550132
117551945
117555983
117563536
117564613
117566381
117571016
117573493
117574678
117577979
117578126
117579734
117585637
117588873
117591165
117593583
117597511
117602515
117604739
117608270
117608475
117608629
117609080
117609978
117612081
117614963
117614998
117615722
117617881
117618454
117621455
117625493
117628123
117628131
117632937
117636215
117636290
117637416
117639141
117641987
117642142
117642444
117644579
117648914
117653713
117655961
117658480
117660736
117660787
117661260
117664472
117666491
117666947
117669490
117671746
117674214
117674265
117676772
117677256
117677337
117677906
117680729
117684481
117684511
117688932
117690740
117691666
117701440
117704407
117704679
117705047
117705756
117721816
117732230
117738131
117750891
117752428
117753432
117760846
117764337
117764787
117765066
117765430
117766607
117767980
118011030
118023098
118023977
118035258
118041959
118045288
118049844
118062999
118091352
118109847
118114115
118127055
118144545
118144677
118151118
118158651
118168568
118178121
118180436
118500244
118500597
118501070
118501178
118501224
118501844
118502883
118503111
118503235
118503472
118503839
118503979
118503987
118504134
118504215
118504223
118504843
118504924
118505076
118505084
118505092
118505106
118506056
118506943
118507036
118507605
118507923
118508881
118509209
118509616
118509810
118511947
118512579
118513559
118513915
118515047
118515128
118515586
118516345
118516507
118517287
118517473
118518348
118518437
118518534
118518569
118518658
118518879
118518917
118518968
118520652
118520709
118520741
118520814
118521578
118521691
118521713
118522027
118522396
118523929
118526189
118527150
118529250
118529927
118530216
118530666
118530887
118531093
118531379
118531425
118531611
118532030
118532464
118532502
118532510
118533649
118533770
118533908
118534416
118534432
118534688
118534912
118534955
118535021
118535420
118535641
118535668
118535730
118535749
118535773
118535803
118535978
118535986
118535994
118536524
118536672
118537695
118537938
118538322
118538535
118538543
118538624
118540084
118540238
118540254
118541013
118541900
118542257
118542702
118543725
118543733
118546791
118547518
118548174
118549235
118549553
118549774
118549847
118551280
118552848
118553909
118554727
118554840
118555049
118555154
118555308
118555340
118555677
118556703
118557432
118557513
118557793
118557831
118557866
118558390
118558404
118558536
118558714
118558900
118559125
118559788
118559796
118560034
118560042
118560050
118560069
118560085
118560093
118560107
118560115
118560123
118560158
118560166
118560239
118560271
118560328
118560565
118560581
118562347
118563076
118563122
118563343
118563386
118564420
118565036
118568051
118569376
118569767
118570072
118571249
118571729
118571869
118572121
118573063
118573349
118574825
118574949
118575155
118575430
118575449
118576151
118576488
118576682
118577786
118577867
118577905
118579355
118580485
118580744
118581074
118581082
118581090
118582038
118582410
118583158
118584073
118584138
118586408
118588044
118588079
118588095
118589520
118589717
118590774
118592904
118592912
118592955
118593293
118593862
118593951
118594095
118594214
118594893
118595237
118595415
118595873
118596128
118596926
118597051
118597094
118597159
118597434
118598325
118599291
118601563
118603701
118603876
118604716
118605097
118605100
118605232
118605283
118605933
118605941
118607308
118607960
118607987
118609378
118609475
118610058
118610066
118611410
118612190
118612433
118614185
118615661
118615890
118616099
118616242
118616315
118616382
118617109
118617737
118617796
118619322
118619470
118619926
118620169
118620193
118621009
118621378
118621807
118623052
118624369
118625357
118625586
118625780
118627252
118627813
118628615
118628755
118630075
118630105
118630539
118631713
118631977
118632299
118632477
118632876
118632884
118632892
118632914
118632922
118633112
118634666
118634771
118636596
118636707
118637533
118637665
118637797
118640003
118640658
118640909
118641190
118642286
118642766
118642960
118643355
118644289
118645293
118645455
118647733
118647776
118648659
118649361
118649450
118649485
118649507
118650386
118651129
118651161
118652508
118653377
118653679
118653938
118655477
118656163
118656325
118656368
118656554
118657119
118657666
118658476
118659642
118660489
118661698
118662538
118663208
118663968
118666762
118666924
118667106
118667246
118667432
118667955
118668005
118669478
118671324
118671928
118674609
118674978
118676040
118676059
118676075
118676504
118676970
118677438
118678752
118678965
118679767
118681524
118681966
118682946
118683977
118684051
118684426
118684728
118685325
118686747
118687441
118687913
118688634
118689673
118690388
118690450
118690787
118691449
118692925
118693484
118695916
118696955
118698532
118699970
118701215
118703102
118703188
118703196
118703404
118703528
118704249
118704958
118707701
118708880
118709887
118710648
118711539
118712357
118712411
118713507
118715259
118716905
118716913
118716921
118717162
118718835
118720309
118720856
118720880
118720945
118721852
118722220
118722697
118723367
118723510
118723863
118726048
118726633
118726676
118727656
118727664
118728830
118729438
118729500
118731076
118731912
118731998
118733605
118734008
118734520
118734784
118735020
118735098
118735411
118735454
118736183
118736590
118736833
118737074
118737147
118738097
118738518
118738712
118738771
118739581
118739840
118739905
118740180
118741527
118742213
118742221
118742418
118743112
118744399
118745018
118745247
118745441
118746359
118747355
118748165
118748416
118749218
118749250
118749277
118750631
118751522
118751530
118751719
118751735
118751867
118752243
118752561
118752715
118753401
118754734
118755552
118755560
118755897
118756095
118756109
118757199
118757806
118759507
118760343
118760688
118762672
118763903
118764071
118764187
118764470
118766783
118767011
118767089
118767275
118767372
118767623
118769596
118770489
118771760
118773720
118774662
118774875
118775383
118775952
118776762
118777610
118777688
118781154
118781243
118782886
118783181
118783297
118783726
118784919
118785656
118786113
118786199
118786423
118787802
118788744
118792342
118792385
118793063
118793357
118795015
118795449
118795775
118796666
118797115
118797638
118798022
118798170
118798979
118804790
118804944
118805185
118805371
118805746
118805851
118806521
118806556
118807331
118808354
118808494
118810251
118812513
118814834
118814907
118815008
118816829
118817167
118818252
118822837
118825372
118827944
118828932
118828991
118829157
118829564
118834576
118834657
118835572
118837877
118840533
118845403
118846531
118846582
118847635
118855050
118858122
118859285
118860283
118862928
118865838
118867970
118868675
118870130
118875078
118880829
118882945
118883542
118884352
118885855
118889230
118890220
118891804
118894528
118894560
118894803
118895818
118904159
118904949
118905422
118907255
118914847
118920758
118925059
118926217
118930613
118930915
118932918
118932926
118934554
118938096
118944878
118945416
118947648
118950401
118957732
118963066
118963600
118969080
118971344
118974351
118974408
118979450
118981366
118982532
118983989
118984593
118989707
118989758
118995758
118997025
118998838
119003554
119004666
119004984
119007754
119008017
119009137
119013797
119016753
119019914
119021730
119021854
119023776
119023784
119024918
119025299
119025760
119035146
119035200
119049392
119052474
119052520
119053322
119057379
119059436
119059614
119061082
119062070
119062992
119063565
119064804
119065983
119066939
119068591
119070359
119079607
119081164
119087375
119087499
119090198
119091852
119092085
119093502
119096552
119097125
119099292
119100126
119100320
119100673
119113007
119114119
119116405
119116553
119117029
119118416
119120577
119120674
119123339
119124378
119127652
119129779
119129787
119130025
119133431
119135361
119137305
119137356
119139162
119141574
119143801
119154056
119157411
119160242
119160285
119160978
119165198
119170477
119171090
119171910
119174626
119175800
119177315
119177323
119178087
119180383
119180936
119200414
119200767
119207826
119209322
119215152
119217120
119217139
119217422
119223619
119229102
119229943
119237482
119237547
119238098
119238217
119238683
119240122
119240165
119264536
119264552
119265532
119266687
119272555
119288842
119291312
119291967
119294508
119294613
119301067
119314002
119315416
119326434
119332140
119332159
119333600
119335530
119337630
119343398
119353210
119354780
119355272
119356023
119356392
119357585
119362767
119363070
119369281
119369400
119369737
119371960
119378426
119378620
119384124
119387123
119392364
119393336
119395754
119396645
119403099
119407159
119409704
119411962
119413280
119415410
119418797
119424290
119434547
119439034
119443929
119444372
119453223
119453363
119457741
119458446
119463687
119470241
119471345
119471922
119472422
119473798
119475308
119486911
119490455
119491109
119501201
119501317
119501449
119501600
119502011
119512947
119519364
119525194
119526816
119527715
119533820
119534762
119539780
119541904
119543869
119545373
119546256
119547511
119548801
119549999
119559846
119647176
119677571
119723336
119743248
119767058
119860716
120022664
120035170
120035316
120038560
120040050
120042584
120044528
120051354
120052539
120063239
120063891
120064847
120067552
120076047
120076276
120090066
120091992
120100320
120100444
120119331
120134748
120145502
120151502
120153238
120155710
120158647
120158930
120161400
120166658
120175134
120175959
120182815
120182823
120182874
120187639
120192020
120201119
120203294
120205335
120205661
120208261
120210738
120227649
120235080
120236451
120236788
120239175
120252368
120254026
120259893
120287331
120295725
120295792
120295962
120296233
120307510
120343959
120346060
120348381
120359472
120360578
120362643
120374102
120378914
120385821
120393190
120394022
120394405
120404451
120404516
120413248
120432951
120436493
120438712
120438798
120439247
120440407
120443546
120445212
120449137
120458829
120465434
120466740
120468441
120471663
120488728
120489384
120490617
120511053
120517892
120519100
120523833
120530724
120538393
120539101
120551497
120556251
120568101
120578328
120583860
120584638
120592096
120598485
120599279
120600021
120604434
120604876
120606429
120608049
120628678
120631156
120632942
120648946
120656884
120667711
120667886
120678179
120686953
120691434
120695898
120696428
120701456
120708728
120709600
120710560
120710706
120711656
120735520
120742543
120752573
120752808
120753251
120758776
120763079
120763583
120777274
120777347
120778874
120783401
120816067
120817330
120820196
120826038
120826062
120826615
120826712
120832623
120849364
120861712
120861763
120862239
120890518
120895951
120896850
120904136
120911167
120914247
120915898
120917920
120919001
120922215
120922967
120931060
120947846
120948125
120948486
120948680
120982757
120984245
120993627
121002462
121002500
121002594
121004589
121011771
121014940
121015343
121037231
121044661
121055442
121056910
121061337
121075109
121076717
121080188
121094413
121095843
121096246
121099431
121102491
121103684
121119521
121123596
121127087
121144151
121145905
121153592
121154858
121156842
121161927
121162346
121186237
121187853
121190862
121190870
121210227
121210456
121215547
121215563
121226646
121240282
121240401
121245675
121246515
121246558
121253465
121272338
121276201
121276384
121276503
121279553
121292118
121293440
121295605
121299279
121302598
121302822
121314561
121325040
121361969
121362116
121367886
121379752
121382818
121387933
121392309
121396630
121402371
121407454
121412970
121423972
121428370
121439844
121440656
121446379
121446816
121448231
121448649
121468984
121469182
121469786
121488446
121496635
121500225
121502988
121520617
121524248
121526771
121540057
121547108
121554465
121568636
121581748
121597792
121598063
121603997
121606368
121609871
121610330
121612333
121626954
121632784
121633128
121666026
121675017
121676501
121682587
121704475
121713768
121721639
121726703
121729214
121733394
121737365
121740064
121741311
121747565
121754170
121754499
121760960
121761673
121771296
121773205
121773353
121775550
121778029
121782239
121782441
121782549
121786412
121800059
121811840
121814645
121814912
121820793
121820882
121830675
121840964
121843238
121849430
121852911
121858189
121862135
121867498
121873803
121873919
121876845
121879704
121882594
121885623
121887103
121887499
121897281
121902293
121908976
121917053
121917282
121919986
121922332
121929183
121931579
121935035
121937631
121952991
121965309
121969908
121972291
121972631
121976823
121982157
121986500
121996700
121998770
121999165
122000064
122004000
122006960
122025652
122035143
122035496
122052927
122063317
122073177
122075218
122090829
122093070
122098579
122105680
122113381
122121422
122131584
122134109
122140443
122142888
122159640
122168410
122173007
122173767
122178726
122182308
122184394
122200020
122206975
122249038
122252551
122260856
122262506
122262700
122263006
122265505
122268083
122282671
122282728
122287029
122294424
122297458
122300645
122300653
122307186
122310381
122331966
122338766
122350766
122351827
122375157
122381483
122411811
122430263
122434293
122436768
122440900
122468023
122474376
122474457
122475852
122477863
122478428
122495888
122496779
122504232
122504690
122524136
122524187
122524195
122535693
122535766
122535774
122537157
122574230
122574389
122581792
122603087
122616928
122617878
122626214
122628756
122639553
122651537
122664620
122667042
122685555
122685806
122687442
122707532
122748840
122764250
122766393
122776836
122781961
122785789
122800834
122811364
122823575
122828666
122834739
122844416
122891910
122896491
122896572
122897544
122898435
122899466
122899687
122923634
122934172
122937511
122937856
122941039
122950682
122957415
122993012
123015391
123022274
123030420
123030951
123033225
123038162
123041155
123043913
123043921
123071445
123087449
123098122
123101689
123129087
123138760
123139430
123140269
123140404
123149924
123158974
123165350
123171377
123195454
123197066
123199468
123234344
123242193
123247675
123256534
123262372
123263131
123264715
123264847
123282659
123282667
123301599
123307422
123309794
123315352
123318289
123350891
123353416
123361761
123369940
123380405
123384508
123384656
123393094
123397839
123400465
123414709
123415691
123420318
123438675
123442311
123443288
123456533
123480469
123482593
123488818
123498570
123539358
123556406
123562511
123567718
123568056
123573203
123598540
123607299
123610311
123610966
123611725
123624770
123658519
123667372
123674190
123677459
123680212
123703182
123707404
123708400
123710235
123719216
123765374
123798051
123799201
123808456
123826039
123826608
123844452
123872464
123902800 
123939666
123944872
123952506
123961572
123987350
124013619
124019722
124020097
124021085
124022898
124045367
124061583
124064205
124064442
124068456
124096468
124147976
124148409
124160530
124167918
124168787
124168876
124192912
124207529
124224644
124246206
124248942
124278841
124286712
124319556
124322190
124324096
124325416
124329829
124339247
124351662
124363822
124365957
124370608
124370993
124373208
124375154
124383955
124386474
124410839
124412726
124413471
124420966
124426263
124429475
124438539
124442692
124444830
124452779
124459668
124464122
124482694
124487009
124494161
124496032
124498094
124514618
124514731
124514847
124518184
124528791
124530397
124530680
124537162
124537561
124546900
124549624
124559921
124563252
124572375
124590365
124593747
124598714
124598773
124601766
124603815
124609155
124609198
124615813
124617123
124620787
124627005
124639399
124645658
124649637
124655882
124675425
124681255
124683169
124685234
124686214
124686516
124687261
124689280
124693024
124698727
124699715
124700470
124702821
124706649
124714447
124716792
124716857
124721559
124722466
124722938
124723233
124724256
124732747
124732798
124735614
124740235
124740847
124740952
124763146
124764193
124766595
124767346
124767494
124771203
124774628
124788467
124792367
124793185
124794459
124795293
124796575
124799213
124811272
124812295
124813623
124815030
124817556
124826229
124838863
124841287
124850049
124851894
124859496
124874592
124876080
124878687
124884687
124891527
124903371
124904491
124911250
124914632
124920721
124944221
124945082
124946569
124948960
124953204
124961150
124970826
124978444
124985939
124997457
125000820
125016603
125122209
125144121
125153899
125207220
125232381
125312237
125459068
125489056
125526342
125529066
125554885
125614861
125671636
125761171
125765266
125844611
126049390
126077045
126087083
126260974
126295174
126587140
126683085
126790590
126822921
126985138
127465219
127568743
127771263
127772308
127860398
128241659
128376066
128384786
128389575
128390476
128401346
128422904
128425555
128450584
128453230
128456477
128460334
128462221
128462760
128486708
128493348
128497629
128500298
128505419
128525827
128528117
128528621
128529148
128542004
128545453
128553235
128554975
128561408
128578319
128596627
128598166
128601698
128613815
128614420
128621761
128624280
128627581
128630957
128632097
128636696
128649798
128654163
128662034
128685743
128690844
128693517
128697628
128717866
128734167
128742666
128744944
128772964
128786507
128813008
128822414
128841400
128850035
128854200
128861290
128877758
128878150
128927488
128938277
128945788
128949376
128953160
128967943
128980168
128988991
128989017
128992077
128994371
128995858
128995882
129008060
129017922
129020192
129056693
129056812
129068896
129071811
129073083
129084263
129107352
129110647
129112674
129153966
129178683
129199923
129202592
129220752
129222283
129277231
129277487
129291714
129298646
129299979
129302295
129313203
129330523
129346675
129381772
129385476
129389021
129408697
129409502
129415243
129419044
129448184
129448303
129455229
129480231
129506338
129520837
129527939
129536539
129550477
129570516
129572446
129581526
129591084
129616575
129625760
129642002
129656194
129664839
129693774
129706434
129717266
129717320
129739588
129746436
129755966
129759279
129765597
129765767
129770388
129833282
129838322
129850462
129857912
129873454
129894036
129906689
129914401
129932663
129952869
129958859
130014311
130014737
130018392
130031151
130048097
130053082
130053775
130061891
130071315
130071641
130072818
130075752
130080292
130123552
130126004
130134686
130150177
130171565 
130178535
130232343
130256048
130263400
130263990
130338761
130342378
130345857
130351598
130362840
130382043
130403180
130411698
130416622
130426156
130433349
130437948
130446343
130447021
130449903
130451649
130464708
130475483
130486787
130491608
130518522
130530077
130540870
130582719
130617903
130640697
130649880
130652865
130671215
130677663
130801429
130803669
130806072
130878022
130897140
131356518
131356992
131358111
131374842
131395904
131435930
131446452
131450239
131472097
131500155
131554484
131591754
131610287
131624547
131640879
131643118
131643207
131654284
131756370
131766252
131766597
131778293
131788825
131790110
131811274
131812831
131843133
131844008
132003902
132065223
132086719
132102315
132116111
132142503
132165759
132178796
132197227
132263297
132274582
132308088
132312115
132323524
132370409
132380145
132383691
132424983
132477416
132483343
132494663
132553546
132606003
132620847
132647621
132656744
132686791
132698234
132746999
132868210
132880903
132914786
132916304
132916614
132921065
132937441
132940272
133022641
133024113
133045862
133057038
133058298
133072754
133078213
133110370
133125165
133152936
133168468
133180085
133221695
133224538
133228320
133262650
133272605
133281159
133305325
133365530
133419800
133436454
133468410
133487156
133524558
133551695
133562298
133592588
133676676
133687627
133694917
133699315
133704203
133710785
133730468
133732746
133740145
133814173
133832627
133839036
133852970
133921921
133943127
133952037
134026489
134075986
134122623
134198093
134512294
134588886
134894561
135031044
135216389
135247934
135552826
135556988
135656737
135672422
135687217
135695538
135697212
135698146
135718279
135719887
135725178
135729319
135745233
135746515
135826446
135848571
135854024
135881366
135882052
135926793
135933161
135983223
135988683
136007368
136019161
136025013
136025188
136028470
136030971
136033636
136036929
136042066
136058353
136061796
136064043
136091571
136101623
136124305
136127320
136138543
136166652
136169732
136185258
136203116
136203728
136215637
136231586
136231667
136238866
136263070
136263402
136297390
136447570
136453325
136467989
136469604
136469663
136480284
136489427
136497039
136573967
136591914
136637698
136671403
136691897
136720498
136723845
136723950
136724361
136724515
136726739
136753558
136788009
136803989
136817815
136840736
136844537
136872115
136884229
136913105
136952518
136989551
136990258
137005776
137042264
137050402
137079451
137080123
137098480
137157479
137158459
137256914
137258216
137310773
137338171
137342268
137392567
137427328
137436823
137480504
137501897
137504519
137568215
137572255
137583591
137583958
137629028
137634161
137638272
137645864
137674570
137681828
137708238
137727429
137729588
137749139
137812663
137844441
137844980
137845944
137849141
137852940
137876564
137877099
137901879
138039739
138116504
138125295
138174520
138201765
138225443
138338248
138372101
138381887
138387443
138388350
138451605
138470391
138511306
138519285
138653933
138674949
138674965
138676909
138693641
138693730
138693749
138725756
138748500
138776288
138777497
138784736
138806713
138942263
139048979
139081682
139100601
139109366
139131167
139159320
139164758
139172084
139173633
139177248
139220747
139259562
139284788
139286411
139353275
139368841
139413510
139417745
139459499
139464735
139496254
139498915
139531831
139576223
139612424
139625488
139625941
139631852
139635815
139649735
139704175
139730052
139745106
139762779
139788549
139833528
139862714
139869689
139870784
139872078
140052224
140102329
140205047
140210512
140238735
140260439
140324593
140330798
140337415
140386459
140401474
140401695
140417354
140465340
140506039
140527494
140533532
140563199
140578455
140638938
140650857
140671366
140717625
140721215
140721479
140729313
140742069
140757961
140785027
140871322
140873007
140900772
140903909
140925570
140931171
141001097
141018623
141022817
141071192
141090863
141091754
141100109
141110708
141112484
141113995
141116412
141118393
141153733
141155019
141155477
141164026
141205652
141213213
141221119
141225726
141225858
141234377
141260734
141274271
141284676
141309539
141322888
141335602
141341939
141374993
141410086
141413107
141420308
141468114
141491396
141619384
141659025
141659130
141678305
141689218
141689846
141694785
141694874
141738936
141769823
141770767
141774304
141789948
141849827
141878886
141901195
141912618
141931655
141946652
141956933
141971118
141972246
141988983
141996285
142000663
142018384
142029181
142030848
142037044
142042005
142064998
142076309
142110078
142132128
142133132
142155322
142163309
142178500
142226904
142250074
142261157
142262595
142276111
142290947
142308315
142334154
142342971
142358096
142386642
142398071
142429015
142438324
142499927
142501573
142514705
142539058
142553816
142556645
142567345
142574325
142574864
142603953
142638595
142669601
142676152
142685925
142729442
142762989
142764523
142772771
142806218
142857726
142915114
142967351
142977756
143050931
143057154
143063626
143064134
143068520
143068857
143072625
143163728
143168207
143179071
143289896
143446398
143448471
143460528
143488449
143555855
143623567
143626558
143646494
143700529
143717103
143721577
143739166
143760556
143766732
143780824
143858882
143869701
143899708
143905759
143910310
143936174
143962124
143988743
144021838
153722169
156663651
159350387
171632966
171973445
172537053
172605849
172740126
172855195
173051790
173095038
173212484
173318800
174018169
175130922
179192272
182034054
186396538
189405597
189410868
189536268
189550422
189563583
10001349X
10003876X
10004638X
10011699X
10017731X
10019608X
10019740X
10019740X
10021939X
10030074X
10031516X
10033265X
10044220X
10056495X
10067318X
10077816X
10079114X
10079145X
10082451X
10082708X
10084779X
10086080X
10086693X
10086984X
10097435X
10097838X
10107607X
10110569X
1011159147
10112760X
1011335026
1011340216
1011408988
1011436841
1011484064
101175262X
101185306X
1011862034
1011927802
1012130967
1012132080
1012132080
1012315207
1012328910
1012386325
1012499707
1012636844
1012645118
1012646130
1012723666
1012757358
1012766217
1012766608
1012811913
1013196368
1013309995
1013340000
1013427289
1013471067
1013929535
1014097487
1014107571
1014491177
10147590X
1014894433
1014915805
1015066984
1015090907
1015192424
1015364969
1015387098
1015505139
101550647X
1016019580
1016059299
1016244207
1016271921
1016302460
1016962495
1017333645
1017471967
1017692564
101771696X
1017916683
101805037X
1018057102
1018084320
1018144951
1018149724
1018166564
1018166882
1018266208
1018388818
101842492X
1018676627
1018928634
1019054832
1019105429
1019169184
1019172363
1019386142
1019568038
1019617772
1019737514
1019743743
1019745916
1019748451
1019751851
1019752025
1019764791
1019944811
1019953128
1019963158
1019982225
1020041021
1020125195
1020178477
1020249838
1020283971
1020325984
10203267X
1020431504
10204337X
1020819383
1020907754
1021057037
10210901X
10210915X
10211109X
1021244899
102125729X
1021404004
1021407100
10214124X
1021444790
1021753750
1021818496
1021934763
1022231022
1022463225
1022467026
1022524593
1022541943
102264243X
1022725041
10230887X
1023190028
10232235X
1023821176
1023863111
1024054411
1024068463
1024070972
1024215768
10242277X
1024253732
1024333809
10243638X
10244482X
10244627X
1024597032
10247804X
102491707X
1025051327
1025071786
1025075064
1025099753
10251254X
10255692X
1025589181
10256017X
10256762X
10257359X
1025764501
1025770684
1025800354
1025800915
102584677X
1025976703
1026068800
1026234204
1026263948
1026299640
1026338743
1026343615
1026531578
1026689902
1026748046
1027112307
1027128939
1027190685
1027190685
1027199224
1027206875
1027289657
1027345832
1027541038
1027726224
1027784682
10279135X
1028282141
1028750463
10288997X
1029052743
1029095175
1029149216
1029200599
1029250413
1029333114
10294315X
1029801568
1029834628
1029881197
10299708X
103005228X
1030229902
1030231664
1030231907
1030241538
1030343993
1030489246
1030547416
10306723X
10307824X
10308407X
1031154639
10311582X
1031270922
10313929X
10315048X
10315437X
1031548343
1031580123
1032139404
1032169176
1032199539
1032304677
1032307897
1032546662
1033025321
1033331244
1033364215
103342367X
1033425001
1033425303
1033515396
1033658812
1033724025
1033854506
1033881902
1033904929
1033936472
103426947X
1034280929
1034431579
1034657739
1034664662
1034668749
1034669699
1034675419
1034675427
1034712241
1034712500
1034747525
1034900412
1034904663
1034906267
1034933442
1035214830
1035437295
1035840022
103623696X
1036237397
1036444600
1036554481
1036634973
1037050770
1037052080
1037496019
1037499212
1037500539
1037500768
1037506367
1037506715
1037507908
1037511387
1037511956
1037527453
1037529979
1037546458
1037560264
1037591496
1037649559
1037738616
1038385733
1038709660
10406742X
10406885X
10407762X
10407907X
10412184X
10412492X
10413660X
10414176X
10415649X
10415926X
10416364X
1041656807
10416588X
1041662157
10416882X
10416932X
10417689X
10417823X
10418213X
10418339X
10419040X
10419345X
10421855X
10425663X
10425680X
104259225X
10426909X
1043038647
1043130306
10431348X
10432113X
10434024X
10434444X
1043449981
10434539X
1043664890
10437327X
1043995536
1044267178
1045621366
1047108933
1047351978
104776573X
1048419746
1048442519
104873238X
1049515072
1050008081
1050476123
1050679962
1050684133
1050686667
1051054265
1051108543
1051210720
105126412X
1051304806
1051305144
105130542X
1051384842
1051474957
1051498635
1051498821
1051528852
105162813X
1051806798
105190496X
1051905265
1051905370
1051908027
1051908205
1051908507
1051908779
105190983X
1051910056
1051910102
1051910242
1051948673
1051950449
1052451888
1052507468
1052517862
1052714927
1052718736
1052838103
105284068X
1052849385
1052857264
1052879519
10531496X
10532518X
105328022X
1053363753
105341174X
1053412460
1053412770
1053421532
1053437471
1053439105
1053449844
1053451415
1053489072
1053501846
1053509987
1053512473
1053514980
1053515499 
1053516355
105351980X
1053521863
105352546X
1053525729
1053956975
1054143358
1054706425
1055088148
1055103201
1055114726
1055236007
1055347763
1055386084
1055398422
1055412336
105548485X
1055494944
1055506411
1055506659
1055508376
1055513329
1055513558
1055515895
105553587X
1055543171
1055570888
105559051X
1055613722
1055671226
1055678646
1055690948
1055691367
1055691529
1055704825
1055710639
1055740295
1056118369
1057643653
1057808083
105973415X
1060769433
1060856999
1063687489
1063924111
1064354629
1064667538
1066327831
10666526X
1066657041
1066892245
1067067310
1067271031
1067304959
1067449000
1067473971
1067651055
1067803467
1067956182
1068332581
1068530448
1068789336
1069176540
1069185140
1069205044
1070181404
1070494704
1070890405
1071689401
1071964496
1072051257
1072098253
1072378167
1072380188
1072380625
1072419076
1072519801
1073127591
1073387194
1073538265
1074129784
1074857461
1075020514
1075021952
1076800130
1077176570
107813118X
1078639566
1078905053
1078906289
1079297804
1079358145
1079565833
1079752056
107979915X
1081051191
1081147865
1081167289
108126909X
1081429240
1081460121
1081792957
1081913150
108192909X
1081950978
1082318655
108911219X
1089448449
1089457901
1089471327
1089477287
1089477295
1089498942
1089819994
1090195761
1093425350
1095491237
1095565079
1098151593
1100082735
1101843683
1102381624
1106121945
1106287428
1112096035
1113031425
1115681443
1115681591
1115741942
1115744364
1119561000
1119756286
1121248608
112276572X
112374825X
1125559195
1130689956
1130729753
1131283740
1131915100
1131915933
1131952448
1131958012
1131999576
1131999584
1132000351
1132000955
1132002982
1132185084
1132216990
113221842X
1132221307
1132222745
1132223369
1132223709
1132279852
1132281342
1132282055
1132282756
1132283094
113228399X
113234056X
1132343550
1132344255
1132344670
1132351065
1132351405
113235210X
1132354145
1132357268
1132388511
1132388740
113242027X
1132420296
1132420326
1132420385
1132420423
1132420474
1132420490
1132537517
1132539080
1132539935
1132540682
1132721016
1132783747
1132831784
1132832659
1133086322
113309824X
1133224288
113541405X
1136890947
1137184396
1137330759
113733147X
1137401036
1137401788
1137402113
113740289X
1137403896
1137404086
1137404329
113740454X
1137404701
1137404809
113740485X
1137404922
1137404981
1137577347
1137577770
1137578076
1137578394
1137578858
1137579226
1137579986
1137580178
1137580615
1137580801
1137580976
1137581174
1137581379
113758209X
1137582324
1137582642
1137582901
1137584041
1137584211
113758436X
1137584602
1137584718
1137584831
1137585072
1137585250
1137585374
1137585544
1137585633
1137585781
1137585927
1137712686
1137713798
113771400X
113771445X
1137714891
1137719168
1137719362
1137720522
1137720824
1137721154
113772370X
1137724234
1137724358
1137724668
1137724994
1137725540
1137725850
1137726253
1137726563
1137726830
1137727209
1137727772
1137727918
1137728191
1137728930
1137730366
1137730676
1137730994
1137731265
1137731400
1137731532
113773258X
1137733861
1137734116
1137734558
1137735023
113773518X
1137735538
1137735805
1137735937
1137736011
1137860839
1137861037
1137861207
1137861320
1137861541
113786172X
1137861827
1137862009
1137862343
1137862432
1137862475
1137969407
1137969555
113796961X
113796989X
1137970316
1137970510
1137970626
1137970723
1137970928
1137971312
1138059390
113805951X
1138059730
1138059862
113805996X
1138060186
1138060267
1138060356
1138060461
113806050X
1138060593
1138060755
1138061050
1138061190
1138061263
1138061344
1138252158
1138252271
1138252441
113825262X
1138252735
1138252816
1138252913
1138253065
1138253170
1138253340
1138253510
1138254819
1138255033
1138255114
1138255262
1138255424
1138255688
1138255866
1138255971
1138256315
1138256919
1138257079
1138257311
1138257486
1138257842
1138258466
1138258644
1138258806
1138259039
1138259225
113825939X
1138259519
113825973X
1138259810
1138259861
1138259926
1138260037
1138260118
113826038X
1138260444
1138260509
113826055X
1138260606
1138260622
1138292095
1138292583
1138292826
1138292982
1138293369
1138293644
1138293806
1138293997
1138297518
1138297763
1138297976
1138298204
1138298328
1138298786
1138298905
1139867172
113986839X
1139869833
1139870157
1139870661
1139988794
1140020269
1140028707
1140030345
114003054X
1140031252
1140031430
1140034499
1140124870
1140138804
1140139940
114015690X
1140166948
1140557874
1140610856
1147394458
114751934X
1148027661
1148028463
1148029052
1148029338
1148034714
1148172343
1148173366
1148175148
1148176977
1148177329
1148299076
1148307605
1148321799
1148325409
1148336710
1148339094
1148341439
1148342184
1148343067
1148343067
1148353410
1148354565
1148440534
1148442669
1148443533
1148453008
1148460527
1148460942
1148461620
1148462562
1148463607
1148465634
1148467300
1148469257
1148472282
1148473580
1148473890
1148474935
1148475346
1148476199
1148477926
1148478272
1148562095
1148563016
1148586148
1148587314
1148590420
1148592490
1148594086
1148594310
1148594582
114859499X
1148595163
1148668543
114866940X
1148669736
1148670106
1148670513
1148680918
1148681566
114868185X
1148682236
1148682708
114869420X
1148694560
1148695109
1148695222
1148695397
1148696539
1148696962
1148697764
1148700080
1148700374
1148700773
1148701125
1148701427
1148701729
1148792163
1148792457
1148793704
1148794298
114879493X
1148795650
1148797262
1148797793
1148798765
1148799133
1148954996
1148955119
1148955348
114895550X
114895581X
1148956166
1148956387
114895709X
1148957693
1148958762
1148959165
1148959491
114895998X
114896066X
1148961968
1148962832
1148967877
1148978488
1148979743
1148984631
1148985123
1148987339
1148992162
1148992790
1148994610
1148995188
1148995641
1148995846
1148996060
1148996443
1148997423
1148997822
1148998276
1148998578
1148998772
1148998896
1149087250
1149088079
1149088494
1149088877
1149089024
1149090235
114909074X
1149091134
1149091851
1149092068
1149092300
1149092491
1149092688
1149093080
1149093412
1149855096
1149855363
114985619X
1149858346
114985913X
114985944X
1149859741
1149860243
1149860650
1149860790
1149861401
1149861843
1149865199
1149865385
1149866039
1149867043
1149867884
1149867973
1149931035
1149931248
1149931477
1149931833
1149932341
1149932538
1149932783
114993316X
1149933445
1149933682
114993395X
114993431X
1149934859
1149940077
1149950714
1149951621
1149952172
1149954981
1149955031
1149955236
1149955384
1149955953
1149956054
1149956291
1149956550
1149956968
1149957751
1149958634
1149959169
1149959495
1149959797
1149960876
114996121X
1149961511
1149961686
1149962054
1149971037
114997673X
1149976888
1149976993
1150336080
1150336463
1150339713
1150339977
1150341149
1150341254
1150341327
1150341440
1150341513
1150343915
1150412399
1150413387
1150414022
1150416076
1150417455
1150419105
1150419784
115043208X
1150438452
1150439998
1150441119
1150441801
1150442824
1150443278
115044410X
1150444940
1150446579
1150453842
1150521538
1150522062
1150523328
1150524162
1150524731
1150525371
1150528427
1150529083
1150534273
115053527X
1150538570
1150540281
1150541482
1150542136
1150549009
1150549262
1150549475
1150550163
1150653531
1150654341
1150655135
1150656506
1150664150
1150667346
1150667680
1150667974
1150668601
1150669810
1150671955
1150714042
1150719672
1150723823
1150979550
1151079650
1151262455
1151265098
1151265195
1151328073
1151331252
1151352047
1151352160
1151422886
1151664154
1151730033
1151739952
1151901490
1151915408
1151971502
1151972126
1151972606
1152035460
1152099574
1152229303
1152845578
1153085771
1153092522
1153092859
1153168588
1153169479
1153434121
11538930X
11548597X
11550799X
11553363X
11559261X
11562354X
1156721733
11578585X
115790011X
11582166X
11600617X
11601184X
11609902X
11610063X
11612038X
11614775X
11617272X
11620298X
11622133X
11623301X
11627218X
11632113X
11634900X
11636257X
11637599X
11640809X
11643998X
11645718X
11646299X
11648960X
11650062x
11656086X
11657772X
11660042X
1166184412
1166184641
11666827X
11670926X
11672756X
11674099X
11674183X
11678881X
11680517X
11681263X
1168156149
11682543X
11682669X
11686396X
11687368X
11689704X
11690190X
11692148X
11692960X
11696474X
11699908X
11700605X
11703939X
1171245976
11712656X
11714617X
11716240X
1171867115
1172323720
11725729X
11730638X
11732891X
11736598X
11738304X
11743972X
11746628X
11752705X
11753658X
11754969X
11755510X
11756155X
11757094X
11758052X
11758570X
11759928x
11760898x
11763784X
11763848X
11765602X
11769133X
11769312X
11775062X
11775630X
11850228X
11850245X
11850598X
11850777X
11851122X
11851282X
11851296X
11851685X
11852190X
11852240X
11852786X
11853467X
11853579X
11853596X
11854022X
11854361X
11854831X
11856014X
11856059X
11856448X
11857521X
11857938X
11857941X
11858331X
11859169X
11859348X
11859382X
11859673X
11860502X
11860676X
11860984X
11861214X
11862220X
11862976X
11863707X
11863819X
11863822X
11865943X
11866722X
11867501X
11867594X
11867787X
11868129X
11869152X
11869314X
11869362X
11870009X
11870320X
11870978X
11872116X
11872262X
11872357X
11872522X
11873475X
11874349X
11874559X
11876229X
11876439X
11877638X
11879664X
11879888X
11880605X
11882158X
11882435X
11885237X
11885271X
11887036X
11887988X
11889448X
11893094X
11897131X
11897436X
11899347X
11900688X
11903705X
11906362X
11907835X
11909326X
11909990X
11917426X
11919306X
11935523X
11938695X
11942889X
11943881X
11947381X
11952452X
11952516X
11952967X
11954931X
12016017X
12019323X
12020598X
12021363X
12025414X
12036056X
12038227X
12039376X
12043699X
12046800X
12053343X
12053827X
12100385X
12105876X
12113069X
12119311X
12120071X
12123505X
12124430X
12127229X
12128784X
12129918X
12135735X
12154401X
12155726X
12167648X
12180951X
12181405X
12185227X
12186720X
12193859X
12194204X
12195935X
12200213X
12202706X
12212359X
12215133X
12221028X
12241697X
12246883X
12255910X
12270049X
12270892X
12274036X
12291886X
12293878X
12301350X
12318441X
12326491X
12345591X
12349009X
12349687X
12354307X
12356753X
12362231X
12420595X
12433119X
12437056X
12442077X
12442144X
12453564X
12456416X
12459848X
12465102X
12465200X
12472079X
12476326X
12482966X
12485382X
12486256X
12547962X
12565782X
12607707X
12659841X
12669527X
12706933X
12833312X
12840647X
12849638X
12863880X
12870621X
12884731X
12885412X
12889251X
12890108X
12894319X
12895471X
12899049X
12918697X
12927786X
12959413X
12959735X
12979631X
12984716X
12992167X
12994064X
12994498X
12995893X
13015041X
13017632X
13038030X
13055068X
13068290X
13084053X
13135020X
13142744X
13168244X
13170639X
13220262X
13268621X
13298265X
13310429X
13320409X
13323312X
13344953X
13365673X
13454384X
13586285X
13592555X
13604851X
13608432X
13634934X
13654150X
13663592X
13687679X
13705629X
13765720X
13901134X
14000727X
14010755X
14026096X
14049877X
14052844X
14055761X
14073189X
14093667X
14114906X
14131124X
14131852X
14136114X
14150188X
14196412X
14197480X
14230154X
14240490X
14249805X
14276454X
14304799X
14310358X
14367448X
14381866X
18944715X
