#TARGET: https://www.graphikportal.org/gnd-beacon/{ID}
#CONTACT: bulle@fotomarburg.de
#FORMAT: PND-BEACON
#INSTITUTION: Deutsches Dokumentationszentrum fuer Kunstgeschichte - Bildarchiv Foto Marburg
#DESCRIPTION: Graphikportal - Dargestellte und thematisierte Entitäten (Personen, Körperschaften, Orte, Sachbegriffe etc.)
#TIMESTAMP: 2021-03-05T08:23:37Z
#FEED: https://www.graphikportal.org/gnd_beacon_subject.txt
124163629|1
118784749|1
128704004|1
118917218|8
118512374|5
118676970|2
118713507|2
117511536|1
117210196|2
121667456|1
117065196|1
118707078|1
10030396X|1
116093323|2
121060853|1
117504424|1
118501860|2
118573527|3
118703714|3
100823548|1
11656282X|1
133325172|1
118597019|2
118525042|1
13804502X|1
116395540|1
101041535|1
117530220|1
130126527|1
118664883|1
118622323|2
116434856|1
11729781X|2
121117081|1
116263431|1
117406643|1
116097191|1
100346340|1
118762877|1
118560751|1
117472514|1
116627662|1
119014246|1
11882953X|1
118786067|1
117390038|1
11908516X|1
116630175|1
117528145|1
118708244|1
118783696|1
120612607|1
118738488|1
117688711|1
122962265|1
11724287X|1
118808753|1
117600989|1
116450932|1
118607960|1
119258056|1
116155981|1
13642659X|1
118775766|1
118778528|1
116645776|1
118807803|1
119474506|1
116057661|1
117159298|1
116669497|1
100404243|1
121694461|1
119019264|2
117406295|1
116237597|1
116719788|1
12291919X|1
117148725|1
118837877|1
119195259|1
118630741|1
10147363X|1
104113146|1
123077443|1
117256358|1
116568143|1
119282046|1
119342316|1
116389117|1
119264374|1
119486946|1
132172607|1
116088796|2
116396245|1
116935391|2
117004669|11
12301011X|2
10116033X|2
11859964X|7
100918425|1
118674609|2
119357577|1
118502794|1
116609966|1
116880449|1
125990413|1
118729411|1
118622625|1
118642820|1
118578030|6
118557815|25
118578979|7
118575198|6
117101001|1
117404667|1
138270864|1
118511947|1
118680315|1
137849184|1
116823593|5
11606496X|1
11851136X|1
118586408|123
118557432|2
118806645|2
118564943|1
10223244X|1
118603345|1
119355841|1
118663097|1
116199229|1
11858944X|1
116809639|1
118691880|4
138435669|1
118558897|9
118864319|1
118693018|2
118558382|16
118586971|9
117467375|1
117673870|3
118691015|1
138515050|1
118640496|1
124852483|1
117147559|1
123046114|1
116659475|1
117532460|1
119100320|3
118571869|4
118702211|4
117295752|1
117039144|1
118595245|1
118715380|1
138891192|1
119060558|1
119021285|1
118746928|2
11860760X|2
117190764|1
118703242|3
116075961|1
116796227|1
116400854|1
118901885|1
118560174|2
123888808|1
118606409|1
118693611|1
118606557|1
118763032|5
116114614|1
118849263|2
117336351|1
11708719X|2
12218517X|1
118896156|1
118727834|2
119056437|1
118734725|1
118784811|15
118557211|2
118551264|1
118554700|3
119165198|15
138377758|1
128579641|1
11885772X|1
138835322|1
124248896|1
117578487|1
117301744|1
118575449|31
135925517|1
116743786|1
119144573|2
117243264|1
118600486|5
117007382|1
116299290|3
121500462|1
104141786|1
118550128|1
118552589|1
118719033|1
116202653|1
11853579X|10
122296656|1
118530666|17
118580485|25
118577468|1
11850245X|1
100844979|2
11931715X|1
116372443|1
117064815|2
116655348|1
118522582|2
101420153|2
118613413|1
116942630|1
118827065|1
104161795|1
116324554|1
123937620|1
121066215|1
120621266|1
116257687|1
133414507|1
11854778X|1
117731595|1
130440132|1
116507055|1
131756109|1
11864498X|1
118757490|1
119240114|2
118963813|1
118804243|1
118904418|1
118612271|2
118783041|1
118786695|1
118607782|2
117764310|2
117332828|1
119549662|1
118519352|3
124692710|1
131925318|1
117031933|1
116851015|1
120310805|1
123145929|2
118599372|8
118545426|1
118598031|1
118543733|2
118544918|2
11874304X|1
121105660|1
12493868X|1
11665659X|1
11874528X|1
139106855|1
118792822|4
133863700|1
124377378|1
119556731|1
115446451|1
118609815|1
122271769|1
11858524X|1
118502522|1
11854490X|1
118530887|1
118791737|2
118607057|1
117617113|1
117095583|1
116070803|1
117225576|1
118701363|1
116405643|1
116735996|1
116340037|1
118665022|1
123999812|4
118510444|1
104051280|1
116984627|1
117194948|1
117219606|1
118612050|1
118586998|2
121951197|1
116426683|1
118774115|1
100565565|1
118806726|1
117065013|1
116323604|1
118639552|14
118977164|2
130289590|1
118579371|15
118503510|7
118816829|4
129979430|1
118593323|28
118641549|9
118661957|7
116344512|1
100625320|1
117440280|2
118572121|3
120425343|1
117598410|1
119193132|6
117737542|2
118602608|1
121242765|1
118649728|31
118640437|2
118538322|2
11850083X|7
118575430|2
118560573|2
11876800X|25
118804758|5
118733591|5
118739301|2
119240122|1
11884847X|3
118750321|1
116995351|1
116857005|1
118760394|1
116871881|1
11610029X|1
116157364|2
117246077|1
100374522|1
11710437X|1
117010790|1
118710168|1
117109398|1
118783270|5
118711865|1
118713159|1
133696154|2
119481758|5
102117470|2
118730975|4
101934688|1
119180936|1
100085725|1
119474492|1
117212326|1
11899669X|1
100802427|1
142185701|1
118505122|1
116585048|2
137353766|4
100090869|2
118742418|1
11862119X|1
119234971|2
118930176|3
118641514|2
118728830|1
102534152|2
124391567|6
124485790|2
138159769|2
11860256X|1
139612785|2
141420855|1
121772268|1
124538517|2
131538454|1
118626574|3
129200395|1
118606115|2
118834886|4
11871290X|2
118686763|2
117368229|1
118712632|1
119501600|2
115872663|1
128690097|1
11855333X|2
118550853|2
118523708|3
118564404|1
118605100|6
119320827|1
10311159X|1
118627082|4
138863660|1
121526216|1
118843214|6
118765469|4
117698482|1
118558013|3
118538527|6
118574817|3
122737458|1
104256141|2
118642286|1
118703226|2
119362341|1
10416106X|1
118925059|9
118605941|1
118607626|2
117044504|1
141659645|1
119154161|1
118671596|2
118529919|1
118666029|2
116670428|4
122801636|1
118605984|2
10406577X|1
118726986|2
118726838|3
118582607|5
130263400|1
121256545|1
118675540|1
123816637|1
100270565|1
118509969|3
118560581|3
118535986|5
118804618|2
120233304|1
118936557|1
122270517|1
133415864|1
118577794|1
118501828|13
118626833|1
132724774|1
11883715X|1
118770462|1
118727389|1
12364433X|5
118557858|12
11892141X|4
133212734|2
100942024|1
118577867|1
118692925|3
119539780|1
11856059X|2
11864730X|1
118596462|1
118513478|1
141360909|1
129478598|2
119243113|3
118621823|1
118655434|1
104163984|1
119399555|1
118503820|2
119536420|1
118816020|1
118987437|4
116121467|1
104103493|1
104177624|2
119411954|1
119026058|1
11776650X|1
118718983|1
118535889|3
128967927|1
11645041X|2
117617334|1
121150542|1
116533390|1
118640445|3
140662626|1
119123304|1
116582006|1
118647717|2
104196521|1
118632884|1
116392983|1
116472464|1
119079178|1
117326658|1
118524097|1
118712322|8
117608793|2
122773799|1
116021756|1
117399620|1
116311568|2
12989432X|4
118627457|7
122820347|1
119263491|3
116739584|1
118537520|3
117122165|1
117107263|1
118987224|1
123407427|2
118622897|1
139364900|2
117186880|1
116771321|1
117482358|1
118892959|3
118594788|1
118582143|2
122041240|1
129933376|1
11753207X|1
120837005|1
118862294|3
128812524|4
118588079|1
119092085|1
120935902|1
11854571X|1
11856014X|1
116625007|1
116411716|1
117094943|1
117359165|1
118780743|2
119312131|1
118804111|1
118562924|1
118769596|1
118740555|1
117597740|1
118676903|2
118604155|1
138377790|1
122939131|1
123331749|1
118501852|6
123227100|1
118681370|1
118593234|1
119368765|1
118544306|1
118505114|2
11859382X|2
118595512|1
118647733|13
116876239|1
11917426X|2
118726102|3
104196645|1
118565184|1
119221292|1
118611232|1
118598058|1
118525271|3
104160802|2
117467626|1
117076317|1
119054043|1
11952354X|3
11737119X|1
118534467|1
129351733|2
124538584|1
124538398|4
124538533|1
124538657|3
12148565X|1
132231085|1
118832611|3
124538673|1
118557513|194
118640909|55
118731181|9
118504851|13
118612492|9
119050935|2
11930306X|2
118651439|4
103106782|3
123017548|2
118503642|8
118678132|4
118819623|1
118738097|1
100442234|1
119105691|1
118610066|1
118791621|2
118560182|1
10030673X|1
11853596X|1
118504959|1
118571710|1
118518860|3
118991078|1
119230011|1
118555855|1
118843982|1
117097594|1
116617209|1
139085211|1
118540238|11
115752870|1
116267968|1
117059560|1
123604664|1
117058955|1
119414619|1
116435488|1
118533770|1
118914863|1
104165693|1
118716913|1
118552325|1
118552953|5
130652792|1
116724579|1
118592904|2
118884506|1
100121934|3
104148411|1
124226752|1
11864808X|1
117608092|1
118653377|1
119139162|3
118541838|1
135589746|3
117513318|1
116783893|1
118806157|1
119059622|1
136439705|1
129528048|1
122583787|1
123594286|1
11766281X|1
116768754|1
116746599|1
11851301X|1
118678809|1
119235439|1
118862782|1
136250734|1
118678965|2
117212105|1
118607987|1
118629662|1
129340820|1
118560565|1
121387038|2
123595118|1
124414303|1
116708077|1
118609823|1
118534963|2
115368302|1
116324562|1
119181304|1
10041544X|1
118604678|1
116895403|1
118535749|5
119266059|1
118532901|1
122116429|1
120016117|1
118918818|1
118539957|1
117247448|2
118931091|4
117126942|3
118513141|1
116448830|1
118718266|1
116709995|1
116412240|1
118660276|1
13910724X|1
117275948|1
11622004X|2
118503952|2
116643013|1
116130709|1
119181797|1
11943184X|1
121585271|1
116642955|1
118564781|1
123567874|1
142286222|2
116707801|1
128793260|1
117530034|1
118780042|3
138575363|1
116302097|1
118574884|1
118579347|1
118597256|1
118598899|1
11763252X|1
11870527X|1
118878794|1
117571326|1
104106549|1
118746219|1
117258709|1
104125489|1
115749535|1
136108814|1
118635298|2
118712373|7
116129417|1
116222433|1
11744894X|1
119489694|1
119498162|1
104114150|1
117368601|1
117108847|1
12482966X|1
118643355|1
11623668X|1
118567543|2
118740563|1
124019579|1
104169311|1
118968696|1
119320207|1
119056143|1
100385702|1
119140659|1
118992759|1
118992767|1
118749218|1
128710292|1
128423749|1
100882595|1
119016753|1
118749455|1
118581465|1
118545906|1
117214086|1
12886284X|1
118724010|3
13024659X|1
118771841|1
118836218|1
133008150|1
118772562|1
118591347|2
118649639|1
118519476|1
118824775|1
12175846X|1
116604492|1
104244585|1
118577905|2
117012599|12
12284131X|1
11924120X|1
104359676|2
117085669|1
118809873|1
118584138|2
115821872|2
118645293|2
116902329|1
11854893X|1
118980386|1
129940518|1
100219756|1
122438140|1
117437174|1
118726811|1
119414651|1
118526243|1
119209853|1
119544687|1
118676075|1
131971026|2
118681923|1
118736558|1
118777599|1
14041794X|1
118531379|1
119272946|1
116896442|1
103134573|2
118646753|1
119342790|1
131398105|1
104360232|1
118617826|1
118557998|1
118648306|3
123393426|1
104148772|1
136238866|2
100925456|2
100127509|1
119188287|1
129485209|1
115661905|1
117636738|1
116747749|1
101069243|1
119025760|1
102398291|1
118756885|1
122745876|1
119167565|1
118768247|4
118641190|46
118526642|1
118641077|27
119362503|6
116168986|1
118628356|1
116778725|1
122044436|2
119080893|2
122032330|1
122170792|1
116256478|1
117578290|1
117723444|1
11870494X|1
118511882|1
118738208|2
118725769|1
118554948|6
118776800|1
118559796|2
118716921|4
115841938|2
118584146|1
117563978|1
130249378|1
119415410|1
118512846|1
116101075|1
117339679|1
118574418|1
117591203|1
118033719|1
129201456|1
117583715|1
122254821|1
118741837|1
10839753X|1
102506043|1
11878224X|1
118657585|1
118731416|1
122239709|1
12887418X|1
118626876|1
119252082|1
118620606|1
118777831|1
100471765|1
116818557|1
116319208|1
131754602|1
118930435|1
104056673|1
117622540|1
116178965|1
12431984X|1
118577840|12
118890751|2
116763752|1
118560123|1
118627171|2
121669033|1
118555359|1
118534955|1
11606899X|1
137747470|1
118707124|1
129631949|1
118792245|1
118540084|1
120052539|2
118783181|1
116712104|1
11900044X|1
137274335|1
119009102|1
119071606|1
117447579|1
116296143|1
117575038|1
11860113X|1
115506527|1
11941662X|1
118538969|70
115362320|1
116702419|1
119272717|1
118784900|1
117192759|1
118744305|1
118543415|1
117656429|1
118540505|1
116014202|1
117008176|1
118742949|1
130066206|1
119168596|1
118603817|1
13814754X|1
116276444|1
118631764|2
119398885|1
118505092|1
118505084|1
121278778|1
118714368|22
118513176|1
118560107|1
100265901|1
121164160|1
102438811|1
101780591|1
103086609|1
136366376|1
123216605|1
115833706|1
128815221|1
118501739|1
118560263|1
117290084|1
124664555|1
119028298|1
116425415|1
13343110X|1
118995758|1
118628038|1
118633716|1
118858335|1
130186791|1
117436607|1
116534567|1
102424411|1
116948876|1
116570377|1
119489635|1
116309865|1
117190659|1
130435155|1
118792431|1
123072263|1
118858602|1
117591696|1
118557092|1
118579878|1
119115093|1
118594117|14
118535994|1
119528991|1
118688731|1
116405988|1
118510452|1
135772923|18
118502220|1
118896644|4
135718910|2
143633821|2
136305067|1
135697999|6
1089373996|2
118517384|99
118512315|31
130268828|10
119354780|1
118663763|2
118939483|1
118518534|20
133102300|3
1050535812|1
1011911280|1
1036387348|1
119381419|2
119398257|2
119429896|4
124976751|1
142731595|9
123089484|2
118513745|3
1012804461|1
123551056|1
123468981|2
118853635|28
118682318|4
135935326|1
135913667|21
118835556|3
119664704|2
105129374X|8
1017139512|3
138815658|1
117752266|7
118694162|4
115527796|3
104052481|5
104114843|5
136279023|2
136279031|3
121024091|3
120284243|5
1020113499|2
116445645|4
118547623|4
121026124|1
1026692504|3
118709917|4
118545140|4
11870382X|3
136182208|30
138850291|1
121998630|1
1048552314|2
1048540227|1
118863746|3
137947216|1
1089447329|1
1048540359|2
1049398661|1
128683961|6
133186482|1
117683353|2
120759640|26
1019763795|17
118581899|2
119022222|1
123215595|3
118947648|13
118585819|10
12889010X|3
137916876|5
1019743921|2
137770006|4
13818920X|2
128531347|3
1049724100|3
118786679|1
1049724240|6
1068469692|3
1049724127|2
102350779X|2
1023471485|5
138574332|17
1033773247|2
142694347|7
1017941025|4
1017958440|2
1023473798|8
1074773160|4
1049852567|8
132180324|4
100249485|6
1068495863|3
1069084476|2
1049725433|3
1068470291|4
124247326|4
133186083|3
106849218X|2
1113778571|9
143647792|11
1019761024|2
1089428812|1
100547583|2
11879941X|36
11684938X|3
118753495|3
119400839|1
11857048X|6
118557238|1
1057926698|3
119052822|3
11909715X|2
118600265|1
118772635|3
118803077|1
1055860207|2
122962257|2
118557394|2
118835335|2
118639897|2
118764667|1
118589393|3
118548182|1
118721127|1
118646907|14
118641506|2
118738062|3
118640690|6
118557416|1
118597086|1
1049456289|1
118536745|21
118531441|12
118645552|1
1080271937|2
11859169X|63
118570293|194
116764570|3
119087863|5
118815571|2
124787614|3
118500384|7
124566685|4
118803182|3
119059738|3
118803271|4
118790277|3
119315238|1
143961764|1
118501194|2
118589385|5
118612174|1
118577808|1
136012000|2
118639560|4
118621211|99
118961896|58
118769308|26
139984607|2
1077840209|1
118639951|5
118820656|2
11860371X|10
118739867|31
131910337|3
1089448139|1
118574930|3
133085627|14
118639986|11
118986155|9
1042587973|3
1089355580|2
1089396848|3
11856109X|37
116772069|7
118581775|8
121237958|9
103127240|10
138516944|3
1072490110|1
116432314|5
116238380|5
132283557|1
118670468|2
118778889|1
118939386|1
118955314|1
119121492|1
124548717|1
134119444|1
1015771033|2
118516361|2
118719785|1
1089458797|5
118733273|15
118888145|1
135880882|1
118588087|25
118710656|2
123621534|8
118834126|4
122605209|3
119477688|4
118773720|4
100558380|8
138054231|2
118637533|116
104286547|20
118592912|69
1070116572|36
118983032|11
104182156|5
1089461879|2
1017142092|4
1053464959|1
118545345|1
118512129|8
118646877|11
118751719|4
117184713|5
1089475047|1
132223570|7
1076481698|2
117289736|5
118531093|10
1089471823|3
1136883126|1
118830295|12
118960601|1
118628755|4
14031184X|1
1089478348|1
118581759|3
119303590|1
118809466|9
1080511520|1
116584459|1
1089394810|1
131382918|1
118787179|6
137274025|15
142871885|5
108950926X|1
118658875|2
1034113461|4
119020890|1
118670034|1
118721224|1
118778994|1
118780549|1
118806823|2
118849549|1
119107996|1
119435586|1
119547317|1
120538180|1
128407263|1
128890894|1
133144003|1
1051423325|5
118699598|11
116670533|1
104196424|3
118634658|5
124299458|3
117274011|2
11879535X|10
11889644X|1
122213459|4
1047765063|8
118518836|1
118560093|9
118529153|1
117595950|4
1019762608|3
118747789|1
1047791412|8
11867661X|7
1019381337|1
100216447|1
117603155|1
117402524|16
1029677751|7
1048538850|1
118624326|6
118520725|5
1048304477|2
119403552|1
119534274|8
11880362X|7
102478996|1
1050677420|1
118548174|3
118560557|1
118692887|1
118720880|1
140976698|1
189565853|1
1019761598|5
122149270|3
139095349|19
13708384X|1
1021410217|6
139103198|2
1049399137|1
118056433|2
140614184|9
1048254909|6
118603701|1
119772809|1
115583025|13
120663171|3
118932640|2
118755366|8
142808717|5
119842947|8
1031901116|3
1017993351|2
1047835274|1
124165125|8
119317788|1
1047828898|1
118552945|1
118552724|3
1019758309|2
1017958173|3
1049725018|6
131579762|2
118504134|2
118780115|8
104940730X|1
141346965|8
118656368|2
118845756|1
116087285|5
100289452|1
104318112|18
118581082|2
118581090|6
118534912|3
123025958|1
118577379|9
11691632X|1
1025201671|3
118604988|1
118159224|1
128493348|2
131657585|3
139232168|3
104161884|1
118536524|1
118732536|3
118949381|2
119181355|2
1021380334|2
132377527|6
118735365|2
143849034|6
116976659|5
139148213|4
129185795|23
11863934X|6
118597213|1
1020480955|4
129365564|3
118600354|2
115881514|8
118603426|2
119363577|1
1049837193|2
136284035|5
117685208|1
1052830889|1
124788920|5
128418842|5
142573787|24
142913324|8
118635808|1
118702335|1
122811720|3
129666076|1
118585851|4
11885254X|1
117721549|1
10005823X|1
118615270|4
1023241269|3
117543632|3
118571877|1
11690240X|5
11854523X|1
10212809X|1
119108542|1
11850262X|24
11854392X|12
142966231|2
1051789311|5
115368361|2
118564994|1
1058096222|3
104377674|1
13718610X|4
13817668X|8
117148261|2
108194221|7
116052147|7
139909249|1
117326798|1
118533185|1
102385661|3
118518275|3
137648111|5
118755544|1
118755552|1
118647377|1
132697661|4
119695790|8
11862220X|1
13601027X|7
119135965|1
1024934934|5
118636979|5
118776894|3
118505505|1
118817566|1
11943542X|1
123076285|1
121948617|2
1015752098|3
118599410|1
123675987|3
1050967143|2
118578073|2
138063028|2
134073460|7
118597787|5
1033201340|6
122006968|1
129828777|1
1052817343|1
100276318|1
1052807658|3
1052808050|3
104180536|7
137836058|3
119006871|2
116114673|1
118554735|1
117240613|2
118617222|2
118516876|4
117340529|2
117245976|2
11660462X|13
116983450|1
123959306|2
124459668|2
118525778|3
143202383|4
143680382|6
119605562|8
118543725|1
118574949|2
1044026766|1
119233096|1
12896717X|1
137425597|4
102272905|8
117652199|3
1044622148|1
143453106|3
118764470|1
142664995|1
118560484|1
118647482|1
120345617|2
118513303|16
1024516903|3
1050681215|2
1068493437|4
13618202X|7
118577816|1
101117728|4
135935431|13
1053568150|2
135935210|10
128658304|4
118686534|15
1013812751|6
116761660|1
116326719|1
118720856|1
119331136|3
130470139|1
11879714X|2
118558404|1
117457132|1
118577956|2
1033251216|2
116569190|1
116870826|1
121096416|1
118660438|1
121997812|1
117500011|1
124538487|1
118660993|1
128833947|1
118791001|1
142896276|1
118929941|1
1019741678|8
116850299|1
118669184|1
143681346|14
116960183|1
118591746|2
118881485|1
11674183X|1
11862203X|1
121796779|1
116510056|1
116000031|7
1056882662|2
118649280|4
119291002|4
11910704X|1
13777074X|4
1053648405|1
119464632|15
100258921|1
117701181|1
121891453|9
118525263|3
100294871|1
119156164|1
118735896|3
118788086|16
138510512|2
119196190|1
1019764880|5
118894609|6
140540393|1
142683744|2
1049454308|1
117691623|1
143206362|4
138470103|3
143206613|6
1053582757|1
118537636|1
118700421|1
116729767|1
123624770|1
116891963|2
11898618X|3
104270608|1
119016486|2
1053581734|5
117643629|1
12918814X|3
130383090|1
118707256|14
118712039|1
118595598|1
115599312|10
1053582994|6
118579355|1
11860354X|6
118519298|1
118694413|48
118519255|1
11867692X|1
104355298|1
104197102|1
118550365|1
119217139|1
105228762X|1
118640089|1
122283058|1
118558862|1
104239107|1
100823432|1
1020309032|1
120342545|1
141897295|1
118525867|1
118500864|7
118594893|2
120293382|1
1053648243|1
116331674|1
118622994|1
118773895|3
11601198X|1
118626647|1
11851993X|1
118505904|1
1053956975|1
118620916|1
142731064|3
118968416|18
1050481321|5
1019743824|7
130345822|4
118558528|10
118744526|1
117151491|2
101974815X|3
119148455|7
122811178|1
118520814|2
118733389|4
118671421|1
129411728|8
135678226|1
136490247|1
138083495|2
118954717|1
1023388618|1
118523929|20
119301199|1
143680544|4
105596391X|2
11864386X|1
12120071X|14
118616617|1
143656813|11
118621793|1
118503340|1
118585045|1
136255507|2
120186209|5
1050470680|1
118642103|1
1019728078|3
118608045|1
11709711X|5
118604872|2
118643169|1
104108312|2
119452855|9
118855344|32
1023889595|6
115565388|2
132420945|9
1058355481|2
100056083|2
1059088460|1
116916699|2
117179450|1
116069422|1
1050518462|2
118524844|3
118560034|9
140109234|2
1063823234|1
104199814|1
118516507|2
118531948|2
118533649|1
118632299|3
11864095X|1
118662864|11
118716891|1
118723871|1
118726633|1
118748440|2
118768123|16
118822659|1
118828495|1
119296411|1
104304596|2
139524010|2
118645870|1
118820141|1
1026863430|1
100182747|13
143680765|11
1062938577|2
119512947|1
100075258|1
118731122|1
118649809|1
118666061|1
143681109|18
118628569|1
118622099|2
101276401X|2
143659685|6
118578219|2
104109076|5
138054185|8
118520512|3
118571613|1
104326360|2
125000820|3
118594923|10
123445205|4
124263488|3
118675303|2
137102453|5
118649469|1
119150182|1
122970470|1
137096097|5
118684175|1
1029533709|1
118607308|12
135556813|1
123345537|1
14271612X|6
133521508|1
13783604X|4
138388709|1
1020481161|3
161106102|3
120311119|7
11565402X|4
121893030|1
122495772|6
118697064|2
1027984584|1
123435153|1
118789406|9
118830260|3
131902083|1
122334175|3
101972451X|3
117248339|2
118619772|3
101879725|7
141389613|1
120435659|4
116768274|3
12352363X|5
115552855|4
104156503|3
13910321X|25
139103104|9
122064283|10
135935237|4
119474220|2
122816471|4
100130607|2
118743856|14
116774290|1
13602887X|1
118773313|2
1068796960|1
138528217|3
118818880|1
123620805|1
130466174|2
1068800445|1
124404111|1
118672231|1
118805495|1
118716166|2
118544373|1
1023853868|1
118622951|1
118518410|1
1068800364|1
1067343911|1
1067344101|1
1067343881|1
137582498|2
1067271864|1
1064286380|5
117013463|3
130492264|7
115381473|1
118632477|1
1019766301|4
118767135|2
124314805|4
117013714|2
133925242|1
131690949|1
1064863272|1
118514210|3
1064864619|1
1069090557|1
1068473126|1
118638874|8
1069696277|3
1069696447|3
121714322|2
140778462|1
118500031|3
118641328|1
118556746|5
118605836|6
118701398|2
131990330|1
118570420|1
118558536|13
121886018|3
124321917|1
118501607|3
138682577|3
135939631|10
118938738|2
118580337|2
1069780758|3
1069778303|1
1068475129|1
118643886|12
118565109|3
1070113115|1
118963821|1
118625284|3
118625616|1
119072866|2
120125374|2
1069697338|1
119536196|1
118677500|2
1069802425|6
1070489611|8
1068475390|1
1069803030|21
138829217|2
118556800|7
143857665|8
139106669|1
118605283|3
118605313|2
133799301|1
118529811|5
11892088X|19
11863965X|1
137684258|1
117166111|1
118514881|23
1032434279|4
144004631|7
130680826|1
141109408|1
118688685|2
119099179|1
1069520616|2
118501364|1
1069802867|9
138506132|24
1069784117|1
118584588|2
118584596|3
11858460X|3
119285428|3
136664733|5
13259935X|1
118943936|1
118735918|7
1068799609|5
1069801046|7
11622827X|3
137914482|3
116371838|1
118650130|1
118788442|1
11871693X|1
11718991X|1
118713825|1
1080511296|1
1080507760|3
1080507833|1
1080507892|2
1080508236|2
107108075X|1
136182054|5
1070489859|5
143020757|1
118579274|7
1071077155|8
1071077198|5
1069804401|3
118961349|1
1080509550|1
1069601969|1
1019748990|7
116700475|4
118537350|3
115599266|2
124989446|1
117289701|6
128978074|1
107260079X|3
1070796441|1
1076419755|1
1080502882|1
11899512X|1
1080502394|2
120379260|1
1079147160|1
1080502165|2
1037004345|1
139265015|1
123345626|1
1037210328|1
124938167|1
104286563|3
124986366|1
107700060X|2
1080501738|1
124274714|1
102243395|1
1071082248|4
137803044|4
1031413871|1
102381283|3
118748742|1
118773321|1
1055963774|2
118551353|3
118693387|2
119009544|1
119064332|3
1071011928|1
1072851059|4
118560026|4
130076341|4
1056145315|1
1070107824|1
122593294|1
118893025|2
119242443|1
118820745|2
118649418|6
118884786|8
118613723|2
11701351X|7
129315109|4
118786415|1
1023441985|8
1076420001|1
118602667|2
120152495|3
118583425|4
11862167X|1
118628976|1
1031290397|1
123009456|3
121408094|1
118823310|7
102199175|1
118555898|8
119332701|2
118500201|11
189570997|3
1050383850|3
118891294|2
119358336|1
118696254|3
11873833X|1
118678752|4
118586718|1
119193469|1
11776289X|2
118516469|4
13573746X|2
1081566396|1
118975021|2
118529862|2
116849398|1
118649302|3
118790455|3
1076986021|4
119157128|5
1076985386|1
1077001770|2
136097014|1
1077759282|1
137916973|1
173677835|2
123794706|1
116231696|1
118956604|1
119435128|1
118548255|3
11856806X|2
137424094|20
118792172|9
11852464X|1
118549421|1
118682431|1
118594540|2
118738755|1
137698178|1
118647318|1
120125897|2
118535765|1
118736744|1
119146193|1
118642774|1
118507125|1
117012769|4
100372724|10
117732036|4
1080509526|1
117610356|1
118646575|2
118714724|1
128808578|1
118688111|4
11915398X|4
118900293|1
118578308|2
1019739371|1
118531360|2
116595671|1
118698885|1
129209724|5
118602985|1
123723515|1
1080503757|3
117534641|1
137330243|1
138437890|1
118509756|1
118548190|1
133250660|1
118735462|6
11604117X|1
118569651|1
118621769|1
1078906599|1
118802712|1
119101459|1
1031346929|1
118670166|1
11656928X|2
118634615|1
119229277|2
11856322X|2
141429356|4
11864436X|1
135854393|7
116319577|2
121461335|1
119148668|1
118910906|1
118958410|1
120669226|1
139264973|1
118633112|1
119242427|1
118594427|2
118894617|1
118531395|1
136326137|1
118615688|1
117767352|1
118746324|1
11878885X|1
133136078|1
11879728X|20
1025857712|1
123028701|3
118548573|3
118548166|1
116170638|10
118555049|2
118649035|1
129693774|1
117189812|4
120447827|1
124344739|1
118910035|1
10406689X|1
135895081|1
124304311|1
132201143|1
118826085|1
142495948|1
118935321|1
119184753|1
118741292|1
118638599|1
119095548|3
118604597|1
118768417|1
118605348|1
118064657|1
119336839|3
1012493172|1
1050533283|1
123840244|7
11880720X|1
118633600|1
118910922|1
1033280895|1
118605534|1
122650077|1
1014897785|2
137829418|1
143572164|1
1075684986|1
143213350|1
118656503|3
11865649X|1
118509950|3
129995126|11
1024673685|3
13867289X|1
102840636|2
137987374|2
1089754922|1
1034267574|1
119615606|2
119100142|3
118848399|1
122191447|2
1049274474|3
138923779|1
1076097480|3
118757555|8
118787373|1
100171109|1
1088821766|1
1085683265|1
1048657167|2
1067746153|1
117589136|2
1023781239|1
1067746145|1
11884962X|2
1085682935|2
118574957|1
1017317844|1
106814582X|1
122834356|5
118907085|1
117144193|4
119020882|1
1048731723|2
101689187|1
1093848774|1
137769687|2
141111453|7
121494683|2
137769830|1
104124970|1
119870010|3
118659952|11
1093870443|1
11715136X|1
143751573|4
138702071|2
1068799552|3
1091567506|1
11699908X|7
118625780|23
12206075X|6
119864010|3
14087173X|1
118506471|2
10157813X|11
118967142|7
11858622X|6
117322962|4
1094729388|1
1061160521|4
1011338661|2
100328989|2
124538401|1
143659413|6
102534357|3
1019728124|3
100957323|1
1020078057|1
1052668313|1
118710117|1
1024555135|1
121285316|1
1016948522|1
1089804806|1
12172008X|1
116138386|1
1042368228|1
118727516|1
136023835|5
11874092X|4
1068937521|1
118573934|2
1051423279|2
138528195|3
1082225479|1
124322018|5
1051615623|1
118801848|2
117349569|2
139175261|1
1097611019|1
11871161X|1
1053974620|1
128525827|3
1080378723|3
116978643|4
118633198|8
139891609|7
118510916|2
135548896|6
117687162|1
1020310278|1
137186207|2
116976748|2
11620527X|1
1052757979|1
119038250|1
119212722|1
116978813|6
1035518651|1
1052175058|1
15952248X|1
1070600997|1
1023274388|1
1067538666|1
11889112X|2
119200414|1
136255582|7
120602016|1
118833561|20
13203042X|6
115552901|2
1074197526|1
118508911|3
108932667X|2
104090413|2
118821628|1
1023516713|1
118613154|1
118714090|4
100227627|1
11952144X|3
139175342|1
116165367|1
1104513870|1
116975911|1
101757107|1
140303499|2
1104967790|2
11906667X|10
106501368X|1
136436080|1
121647579|1
118847503|1
139873163|1
137588879|3
116978406|1
1043236961|1
118637266|22
136937616|1
116047410|1
119078260|2
1051658608|8
121584097|1
124129625|2
1072085461|2
1082222631|1
116173858|1
189568364|1
136932363|5
1100366091|2
11861794X|1
118627813|1
189569255|1
119022230|1
1051615984|5
116703873|1
1051427320|1
1055201904|1
118613480|1
11766541X|1
134110943|3
118833375|1
1053646372|1
102439362|1
1056847379|1
136806678|1
118833081|2
117349356|1
1051615577|1
128536861|2
118721593|3
138470189|1
1089676131|1
1043592784|1
129364215|1
1027148891|1
135549485|7
116209917|1
1105496694|1
13874825X|2
116205849|2
124607497|2
138520909|1
138470294|2
100532128|1
119442930|1
116966351|1
129502677|1
110352111X|1
117205346|1
116969024|3
1051019648|1
1020309164|1
118771523|1
128318937|1
1089484542|3
110352710X|1
117413054|1
104242949|1
172305403|1
110549960X|2
1103520229|1
1080108602|1
137564589|1
117453471|1
119504227|2
117412465|5
1089387865|1
118791478|2
1079247696|3
128361204|3
122532570|1
118598228|5
119160358|6
1052396704|1
1049807685|1
1079530630|3
1104523655|1
128975490|4
1020942797|1
11808853X|3
1104970783|1
118600796|1
104632456X|2
121592863|2
104688266X|1
1050547020|1
1067539409|1
1067744487|1
1073989046|1
1090248393|1
1049519469|1
1057182249|1
1114149470|1
118790838|1
119806428|4
119792389|1
117695513|1
122635388|2
1078924708|6
1051817919|3
1019380160|1
1048059138|1
1017168210|3
1019669071|1
1047590379|1
100814719|1
1020216883|1
1053925395|1
130474045|1
1077458940|1
116634987|1
124540104|1
122600894|1
1052774016|1
1059897407|1
12115002X|1
1114995258|1
1016529422|1
119242346|1
126222584|1
118635387|1
119421054|2
1044570199|1
138550158|1
1030374457|1
140896341|3
1107036461|1
136469558|1
1049453964|1
141548797|1
121735060|6
127914617|4
122979958|2
1053722575|1
121440613|1
1089921551|2
129954241|2
1069166227|1
1115368974|1
1049272889|1
12209025X|10
131451057|4
119014106|1
1054261253|1
119356023|2
1045412023|1
140975977|1
101891865|3
11670005X|2
122687132|1
127336648|1
1051341922|1
118513648|1
1075814170|2
133373177|2
172349877|1
1046592335|1
1067740139|1
118687026|1
1049807774|2
130206369|1
108942891X|1
117565164|1
116216301|3
100692427|1
118631977|1
124767702|1
119258897|1
128668946|1
119243717|8
126761825|1
1115746170|1
121724522|2
12299583X|1
1115745662|1
1051642809|1
139105697|2
116764791|1
13835684X|1
11676452X|4
116764651|1
133157709|2
127699066|1
118558544|1
118706616|1
1055661247|1
11947624X|1
117019135|2
1099728657|1
1066864861|1
118804790|5
139094369|3
129302481|1
140887539|1
1117146367|1
123237890|2
117100285|1
1012178390|1
118766759|1
1089567499|1
118766767|4
11710244X|1
121376788|3
156820455|1
122406818|1
1074965051|1
117532827|1
118767003|5
116547111|1
116916273|5
1015684882|3
1117237044|1
1117226786|1
139103082|1
111715517X|2
1019507594|1
11876134X|1
118911953|1
103654995X|3
11623637X|1
129832936|1
1051423813|2
1019762438|1
1119760097|1
139142754|1
104075953|1
117163120|1
1050805860|1
1044608528|1
1027687962|1
117194751|1
1054036276|1
118773593|1
1051615925|1
117170755|1
139263098|1
1089643098|1
117204307|1
121644111|1
133980014|2
1019757809|1
1089438893|1
1089450419|1
129322288|3
102496323|1
1120052092|1
1120053854|1
11723320X|4
118580221|6
117227358|5
173301916|2
11663894X|2
11883505X|3
119410826|4
1055177469|1
117229202|1
118930680|1
1051617634|1
1052445063|1
105182270X|1
117224189|1
1020940395|1
127935037|1
133316602|1
118794957|2
118805851|2
118686143|1
126826978|1
140013377|1
1049941780|1
108945161X|1
1012301265|1
1049227182|1
117145920|1
117396559|1
117146080|4
1079569162|4
117232262|1
10067190X|1
117230723|3
13957610X|1
105392125X|1
132339811|2
118795031|2
1026349257|1
11727397X|2
117448877|1
118769014|2
1069171913|1
118623753|3
139331867|1
117482064|1
117315737|1
1036653870|3
1051858801|2
1122510462|1
1089449194|1
118805371|8
1072170817|2
1053394942|1
11738237X|1
139745688|1
117198714|1
117382477|1
119549220|1
1126441031|1
118767402|1
1052760392|1
122533658|1
118701711|2
129589675|1
118768042|2
118768077|3
119259028|3
117454184|1
118624148|2
100648096|2
1072036835|1
107570815X|1
117426334|1
1053954085|1
1053971621|1
122585712|5
115750010|1
136160298|3
1053647603|1
118795082|1
123982871|2
137697759|1
13880656X|1
124162339|1
1016455682|1
1060417472|3
11565416X|2
1016519486|5
1119758033|1
1067740597|1
1058874128|1
1081398493|1
1019759267|2
135688256|1
122585909|1
1011886081|1
1047140241|1
1017177597|1
134106997|2
1053418728|1
118622447|2
118861131|1
117354023|2
124714323|1
117353558|3
1051854288|2
118623044|1
1126126225|1
118623052|1
115719490|1
101257228|1
1053285094|1
100633218|4
13436547X|1
143606689|2
1089380836|1
1060060426|1
1126471194|2
116604603|1
101968545X|2
1019685441|1
118757652|1
122831993|2
130842001|1
1089579918|1
118708597|6
1116587246|1
1126194816|1
1051855594|2
129587559|3
1052396933|1
117678783|3
139002014|2
1052446191|1
1053580444|1
1089473648|1
116921633|1
1045175498|1
11896318X|2
1129878597|1
1099475082|1
1059632799|1
1076343171|1
1053984731|1
11875243X|1
1063319188|1
119484447|1
11863738X|1
118782703|2
118993631|1
101992157|1
117186309|1
132508419|1
118658565|1
1049966155|2
1049966058|2
1130153592|1
100592988|1
1051384273|1
1061006131|2
1051853931|2
1021104132|1
117308137|1
118619055|8
118618687|1
117202827|7
1049961013|1
1049961048|1
1130351769|1
115511237|1
118616803|1
117220116|1
11875288X|1
12801539X|1
1081726156|1
140298886|1
137193793|2
117226033|1
118570617|7
102121982|3
1080511873|7
137946309|1
117480967|1
117482897|1
118616277|2
1089450958|2
1019549440|1
116916583|1
118614339|1
1014156319|1
12199936X|2
1023696908|1
119228998|4
1019761679|4
117387878|1
1015549659|3
119151693|3
124161707|2
1075552443|1
136131921|1
124789609|4
117387843|2
1052412416|1
122097874|5
138486913|1
1025726502|2
141497777|3
118616455|1
123644887|2
123518830|1
1131829387|1
1047114631|1
117441813|3
1052773389|1
117441759|1
118797336|2
1062500245|1
1054262128|1
117478792|1
1081684879|1
1060060396|1
1054440506|1
117476730|1
123510813|1
1055450793|1
116646772|1
1077875312|1
116010991|2
118580744|2
1089572336|1
123290236|2
122584732|2
118585037|4
117592684|1
1049763432|2
11750324X|1
138373108|4
1140166182|1
122121643|1
121573516|2
117596329|1
118837559|1
118534254|1
119372193|1
115417680|1
100819524|1
118636421|3
143202847|2
117012300|1
133456676|1
122636546|1
118783645|1
1052422853|1
104255609|1
104111089|1
123977886|1
103213609X|1
118736647|2
143673416|1
102323887|1
117601500|2
117126772|1
143658468|1
132963892|1
121515966|1
118584413|1
118801066|1
109012807X|8
1074472659|1
120527057|1
139806660|1
119048272|1
1044283351|1
118785354|1
1090216211|2
104761586X|1
138366616|1
11857308X|1
11942035X|4
118975722|1
118590278|2
107206586X|1
121394484|1
100230873|1
120156792|1
11852786X|39
1114758000|1
118651552|1
124488536|1
117276936|2
1129899330|1
117263265|1
129283282|1
1037496310|5
1031688080|1
129453560|1
1089543387|1
117245003|1
118594710|10
118560042|2
11857941X|1
123296749|1
118820117|1
133430367|1
11671574X|1
118534262|1
117306851|1
124713491|1
118781871|1
119120674|1
118940430|1
10416137X|1
104164093|1
119458446|1
118567551|1
118594605|15
118522256|1
113666691|1
117320706|1
119117509|1
132305887|1
118926802|1
119153262|1
118594818|1
116571217|1
118539205|1
117300616|1
116009926|1
117293741|1
118932748|1
116515112|1
117049182|1
11852643X|1
116978775|1
116391707|1
116421436|1
116669713|1
116226587|1
116959649|1
117141550|1
118705814|1
116342684|1
118790935|1
118628208|1
117583588|1
118779508|1
116586443|1
120070049|1
123375444|1
116253630|1
117224863|1
116137320|1
117585688|1
135903289|1
122964314|1
118798715|1
118919067|1
117472964|1
11631141X|1
117524034|1
139264744|1
118804219|1
116762012|1
129420298|2
118613898|1
118665200|2
12433394X|1
1019764929|1
124346006|1
117751669|3
118591975|1
118771175|2
1199646156|1
133246744|1
1199649074|1
1199657336|1
1199657743|1
136317413|1
1199659215|1
118694170|1
1199661562|1
1019759534|1
124692389|1
117433853|1
118764551|1
119208849|2
13619804X|1
133803651|2
136043089|2
119193833|1
13671465X|1
1198291389|1
1023888106|1
1198336978|2
118797158|1
1198388358|1
1198389532|2
137431910|1
119472236|1
1198387041|1
1198390379|1
1198390565|4
1199626554|1
1198340681|1
1072863693|1
100745628|1
118738712|1
1199628026|1
1199640697|2
1199622419|1
1199642983|1
1199643386|1
118730983|1
130571466|1
118535714|1
118795759|1
118532502|1
119093049|1
100863892|1
100031900|1
102358710|1
118990675|1
1207887552|1
119148463|1
1205347666|1
118768654|1
118527878|1
118519891|1
1155331451|1
119555603|1
132294842|8
103128964|1
1061673863|1
117559598|1
119242435|1
1068600888|1
119034646|1
10313378X|5
138679819|2
118703781|1
118697390|1
1079250220|1
1147709769|1
1074475607|1
1155503910|1
118792393|1
118514253|3
1071415557|1
116274662|2
118712160|3
1055611053|2
121147266|1
143960660|1
118527959|7
132969629|2
119426811|1
100177085|2
118988999|2
1156027004|1
143535269|2
116678070|1
135547075|1
1019765046|1
1011177242|1
118594915|1
137722427|1
121037266|1
1053161271|1
136782574|1
1089451326|1
118638157|1
118836889|1
118836900|1
1155513746|2
118729470|2
1030484473|2
11861343X|1
1089420706|1
11756222X|6
13592586X|1
141112042|1
102550018|1
124076343|1
1053634307|6
116941839|8
118666681|6
118762281|8
124376363|5
13600346X|5
136655750|7
1046349171|1
126430020|1
1019756969|2
123138337|1
1156624215|1
135705851|1
136592015|1
1142160572|1
116600101|4
108993985X|1
116004835|1
126821038|1
1047891166|1
100971113|1
100950574|2
118681656|2
116769076|1
129446424|2
136343716|1
1065013817|2
136009662|2
122250656|1
104315083|1
12970928X|1
1062938666|1
119072475|4
142064750|1
1151065846|1
1051616611|1
1089584466|1
104759028X|2
1057035793|2
1076339875|2
107659221X|2
1078433569|2
117205583|2
105315867X|1
116994193|1
120873168|1
124357482|2
10026641X|2
136681085|1
116540486|1
118779141|1
118703315|1
1052422543|1
118532529|1
1055732845|1
119135809|2
143204262|1
1025830806|1
137268769|4
116123834|1
118585517|1
118627295|1
1019763981|2
108958086X|1
1089347863|1
118817264|1
117075035|2
1155485777|1
13281837X|1
1023877007|1
1019752165|1
118834878|1
118727869|3
102454795|1
1020741317|1
119137178|2
1126459003|1
137644787|1
128518650|1
1043068147|2
119082004|2
119314541|2
123632048|2
137755066|4
118736515|2
11683868X|1
119485141|2
118752464|1
120031043|1
138644470|1
123157390|1
1151151335|2
117100684|1
1155512103|1
116082062|1
119003279|1
1019746017|1
119206080|1
118907883|1
116830069|1
119115433|1
118810987|1
1089570112|1
130580686|1
124346529|1
118544489|1
118743163|1
105051078X|1
11851170X|1
11878904X|1
118572393|1
1089926553|1
11862721X|1
1019763558|1
118865870|2
100373666|3
118604023|1
1089577818|1
119006634|1
118574892|1
117365475|1
13027299X|2
137095376|1
1154550966|1
1051123631|1
1034627252|1
118716425|1
104276231|1
120191024|2
1012180530|1
1017990166|1
120341913|2
14137490X|1
119427672|1
1051617189|1
124602304|1
118803573|1
1125724684|1
1067534059|1
124407374|1
118880632|1
119372207|1
116703113|1
118805207|1
102511217|1
1147718717|1
118634771|1
116917482|2
1015305563|1
118664913|3
13340613X|1
119472449|1
137377657|1
118602330|1
122263162|1
1156624487|1
1142393119|1
137096739|1
118628232|1
117667099|1
124502245|1
117143391|1
1081788860|2
1024703401|1
1156426995|1
123451590|2
1052507395|1
1057658944|3
118612190|1
116994150|1
139764240|4
132268825|1
1089420609|1
1052773168|1
1079567569|1
11674670X|1
118771930|1
127425993|1
127486801|1
128010614|1
117682675|1
11878286X|2
11867207X|1
1089323549|1
133872181|1
129691356|1
117407186|1
118516906|1
126261059|1
102488401|3
118687867|1
118544268|1
1072152932|1
133325709|1
1043465782|1
118634887|1
1052053300|1
115996629X|1
143205935|1
102122863X|1
123792886|1
1156037077|1
1016270526|1
118569767|2
116494352|1
118589717|1
118612158|2
1017997098|1
118512579|1
118672487|1
1019746572|1
1089451334|1
132100193|1
1207885118|1
1044608471|2
117004618|1
11760318X|1
118799428|1
119048957|1
1052420656|1
116477601|1
137504683|1
118620134|1
1051650534|1
117129852|1
13755995X|1
1017179565|1
1076086322|1
1047615878|1
1046593226|1
1051586453|1
118674838|1
118703455|2
128918268|1
118681826|1
118789899|1
118780735|1
123057531|1
118686704|1
124375596|1
1017478732|1
118622102|1
118590782|1
1065905122|1
118672800|2
1192526430|1
1024616681|1
1089168861|1
119240106|1
117500518|1
118173650|1
118702742|1
119421763|1
119551128|1
120686899|1
119118408|1
144000946|1
119359138|1
1051587875|1
137908210|1
1159651965|1
13589395X|1
118583719|1
119399172|1
119069865|1
1068602163|1
