#FORMAT: BEACON
#ALTTARGET: https://www.geschichtsquellen.de/autor/{TARGETID}	
#TARGET: http://www.historische-kommission-muenchen-editionen.de/beacond/repfont-autoren.php?pnd={ID}
#FEED: http://www.historische-kommission-muenchen-editionen.de/beacond/repfont-autoren.php?beacon
#ALTFEED: http://www.historische-kommission-muenchen-editionen.de/beacond/repfont-autoren.txt
#PREFIX: http://d-nb.info/gnd/
#CONTACT: matthias.reinert@hk.badw.de
#MESSAGE: Autoren auf www.geschichtsquellen.de (Repertorium «Geschichtsquellen des deutschen Mittelalters» )
#INSTITUTION: Bayerische Akademie der Wissenschaften
#DESCRIPTION: GND - ID Auszug: 1426
#TIMESTAMP: 2021-01-25
#REVISIT: 2020-10-14
104275332
100935117
11850049X
10093515X
100935354
118810553
11850052X
102417970
104275413
119536390
118647091
103118411
100935451
118647199
100935575
118647296
102417954
118647598
100935761
118647601
143792458
102556989
102559007
118844644
104275685
102419949
118502026
103118470
119018497
104277785
118501895
118810561
100935834
119170949
100936180
118502379
104239808
100729754
118965808
100936326
104074833
104112115
11951737X
118649191
104276177
143769634
11926997X
10256499X
119457733
120083043
118645307
120083205
100967248
143792970
119378639
143793349
119555085
119539543
10093658X
118853392
100936636
118503286
104239913
104276274
102576416
118665782
118645609
10251805X
118650084
104290536
118685295
10093675X
104074787
102492042
104276355
102422249
104276304
118819704
102571481
104276320
11952158X
100936830
118645943
103118594
102565074
100936989
100936997
118790684
12067825X
102425337
104282428
118829548
104275146
100937225
102422648
102422621
118652206
102423091
102839921
10256521X
102423350
118508342
104277920
100937543
10093756X
102424365
104346868
104276533
119433559
100967221
118660047
102424500
104278994
103118624
10257152X
121346730
119552167
143793616
118656473
102424640
119422352
103118640
102425183
102425191
102425221
118510061
11851007X
100937977
10255935X
10427753X
100938000
119078570
102559473
104074647
100935788
100964583
102559597
100966470
100144721
118664115
10427526X
118513087
118661493
119540940
118662112
118513931
119560313
104213604
104160446
143793845
118674854
104280050
100938310
119064375
102423008
102570523
104280069
102373523
10242585X
119120925
143793969
102565309
10093840X
11851749X
118666088
104211466
104274557
118820125
104280077
118518283
14379406X
102563292
102571562
118560034
118560085
100956653
118519891
143794167
104280190
104213701
104237627
101508913
102530041
104347252
118669567
101927991
10242652X
102945748
100939341
104280298
10093935X
118713922
118881043
118967762
118713957
118565117
118713965
118713906
100939449
118713949
102426783
104315407
118522353
104235020
104315466
10431558X
102418438
100969003
119385082
118519956
104119292
104312238
134290429
102424225
118818775
143801708
118712705
14380250X
143801910
143803050
100956963
143803131
119242737
100965105
104123729
102498385
100952410
118588028
100957072
143816748
118583611
100958192
118594702
118994018
11910010X
100968872
132678128
100947158
104581700
119443937
143826360
119503514
118642928
102562938
103118683
103118691
118679007
104356278
11898652X
118861794
104238054
10243218X
102432759
100939910
10093983X
102515123
118817892
118679538
102565376
118879928
102570647
100964664
104238062
103157247
104254920
104315202
1089326351
118681516
100940285
100940323
118687522
102466831
102433763
11868759X
102433739
118687603
118528823
100940374
118681656
102571007
118529110
102441421
102571368
118688359
102571163
102441456
104315288
100940382
118529722
10434847X
102571627
119534827
102441723
100940498
118688677
10097001X
102571635
102571171
104346825
100940536
11647821
102571198
118530321
11853033X
102466505
102571643
119012855
103118780
100969984
103080759
102571260
104348550
100940617
103118802
102571678
100940633
10094065X
103155163
101427859
100130909
104348623
118644378
102570361
11878076X
119082381
118529501
118531719
118531867
100941125
104241209
100941249
10094468X
118534009
102572550
100941370
100941389
100941400
102463050
11868440X
104079495
10257264X
100941583
118873512
104111887
118535765
118535773
100164978
103155120
118536028
104223146
102468486
118536486
102468494
118935518
118693905
118694081
118694227
103101489
118537954
100942180
118538209
118538551
119134632
118538586
104315865
103101497
100942679
118690752
104315881
100942717
102479267
11871709X
10431589X
100942784
104315903
104348852
104079576
103155279
119067323
100943187
11871824X
118696726
102827737
100943330
103080902
102473781
118541625
118697412
102473854
118697382
10407969X
103101276
103101284
103080775
104329033
104280484
10434833X
100492495
11869846X
104280476
104349719
119129906
118640194
104070854
118987216
104329394
104099097
100945112
104351543
118895656
102428395
10428059X
118543652
100945139
118719599
143801600
118544721
103154949
118712519
104351667
100945279
103086854
101243375
118545086
101348347
119114844
103101357
104351705
104108088
104351713
104277467
104357274
104357320
104280514
104099305
118709666
104099275
104099321
118548425
118709844
104329238
103101675
101240805
104329246
104352574
100945546
118773895
119144824
104352620
100945856
104352647
104352655
104104597
100945651
118709828
118548379
104352671
119265850
104083107
118548271
101924348
119510030
118548395
119318679
10435349X
1011194708
104104635
104104651
104353511
100945503
10094597X
104329270
119215888
118703625
104104899
104356154
100965067
100946046
100167179
104353600
118739581
118549693
104353619
100946054
100852378
10094602X
118549731
118907263
118549685
100946097
104365935
118549901
104356227
104356235
104104937
104280492
100940145
102422540
103126058
102498350
104356316
100946224
118774484
118915967
102565457
101525621
104356359
119066548
118553437
102573387
143905996
100946526
100946550
104328738
104356448
104326611
104350679
118554891
100947220
104223081
100947298
118556754
100947336
121481115
119152355
100964915
104356707
102441529
118555642
118855484
100948200
139629610
100956831
104107405
100948421
1012025918
102521034
100948596
104358912
119547694
102529035
119517957
102529655
118829122
100949037
10433097X
102485038
103155074
100949746
11877624X
102529981
1012025659
11944755X
102530033
100949908
118844334
100949932
104331437
102535698
118557890
118712683
118712551
104223022
104359749
104359757
100950280
100956882
102571872
118557947
10094924X
103130136
100949363
104350849
119559552
100950574
104360054
104360070
102550425
10094972X
119019051
119271508
100950779
100950744
119199963
102511632
100950884
100950892
104209798
104356847
104356855
10251352X
104106875
102518122
100951074
118711024
10145211X
118711776
102425248
104109092
102574553
103154671
102574464
104364165
118558951
104364181
100964591
100964605
100964788
102839689
103155945
102839700
102571317
119084252
119151405
102839778
101865619
103138625
120432900
120463423
102500665
102558825
118715216
104363681
118777939
104239921
118724959
103141227
103143432
103143475
10436095X
118862456
119310872
104239050
118702920
102558728
10411990X
10095135X
100966519
103086870
104119926
100966500
100951384
119512653
100951414
143804367
100951473
100951465
104123699
104123702
100299857
102157774
10426781X
102369364
104363975
100951597
100951600
104364106
100953220
102498415
104112131
118971123
100951694
100951945
143812521
124223435
102828725
143812602
104247843
11545053X
121037290
118874489
11872861X
104124121
121037398
118575171
143813439
129039632
104124156
118826816
104255404
119543044
115399925
102370699
11896867X
100952364
143813986
118574957
118575341
118979027
118729748
104119039
103146482
100952739
118781324
119147696
10095569X
118576992
102512558
100952933
100952984
100977251
10282875X
118782169
100953565
100953204
118782223
100953573
101455135
118731823
119062054
119299437
118732439
118579797
100953697
121040410
118579924
119063085
119136392
100308309
133800490
118580876
118581406
102840113
118783718
118928074
100953980
102840156
100954049
100954073
118784501
143957740
104347953
102294771
100954111
102829306
100954154
118548417
102840296
11873735X
119556707
101111355
143957759
118585568
143957767
118785508
102833281
143957775
102840431
1012142094
104303751
143957821
102513821
100955398
143957899
120996650
119526506
100954723
102553777
143958690
100954847
119014998
104324929
118588044
100954936
100954979
100954987
119546477
100955525
100955584
100955622
118588850
119166364
143959603
143959743
118633015
100955800
100955827
100955835
118589369
11858961X
119202913
100956149
115399992
103086897
100956246
100956254
119070707
118738836
118590677
14396111X
118590782
10095636X
100956459
119427990
143961454
10287123X
115467130
103102892
118882252
10095717X
118789961
104129360
102518637
10236933X
100957420
115467491
102414939
102572267
103078673
100957730
102425272
115467572
143976583
119305879
100957668
118593331
118593374
119198193
100957854
100957862
102501858
104358459
102477736
100957978
103155384
118015664
118967886
100958028
11546784X
100535569
100957919
100958141
100957935
104359625
100957951
143816918
1012142167
138806039
102519439
118740474
102515115
103126465
103155449
103151478
104349786
104207477
100958427
10417532X
115482350
118792202
118594591
11879230X
103126600
103126619
118792644
104129433
103126686
11943430X
103126716
10314644X
143977180
11548261X
100958761
118597574
100958869
102839239
118787691
115497986
102320004
118646842
100959008
118598503
118787926
104129484
118598996
100959083
102839247
100959091
115553835
1011811898
115553827
100819184
103158820
103115137
100959253
103115145
1011861313
103115196
118809369
100959415
138114358
118601040
103151400
115604529
115887008
103085734
118884859
1011897393
118749536
100959997
100960006
100960014
115603476
102471568
103127194
1011861372
121962717
103156968
118603191
115552995
100956777
138784418
115604022
118603744
103105093
115497889
137797923
103105107
118840258
108398072
103085963
118791583
10096012X
118604198
100960081
100960154
137976194
11879423X
104278331
129260347
104097876
10039969X
118754211
101044011
103129634
118755005
118795007
100966446
104103671
103156763
103151303
11560314X
118817639
103130233
101047576
10313025X
118760386
100960448
100960456
143817000
136975186
118996088
100960626
103151222
104103949
100960634
118614142
119120542
100960650
103095373
103099255
100960693
11861438X
143906100
100960936
143817493
12353190X
104240350
14381768X
115752064
104160403
143817965
118855492
121675777
104106816
119380277
118617486
104104368
119355906
143906186
118798707
100961533
104088796
10096155X
118933256
104350180
118619829
104176709
104241861
119115018
143826662
10412945X
102836450
104334231
10433424X
10096186X
118838334
119004666
100962076
11923520X
100962149
100962068
118525549
103115277
103109986
103115269
141307838
115727051
115725059
118621750
119057980
119455382
100962742
118757083
11945825X
119133326
115599258
10096298X
118642766
143827006
143827278
104350423
100970001
104374659
115450440
118846191
10434993X
104357789
104357800
115571345
104357975
104364262
118967576
118625284
10096351X
115753400
118625306
100968570
143827731
118625519
119537869
115611592
118763873
103150285
115795634
100956971
118626329
118971131
100963870
100955320
100962165
103151095
11579591X
104358106
118628550
120055929
119268574
11887652X
143827839
120950758
118628976
100957358
100964028
120963965
104364211
10436422X
120951169
10434802X
103156984
12095124X
120951274
115887245
104364343
11557140X
10315700X
118632213
10094289X
115876715
115868488
104151196
118632337
104364386
11953648X
103157018
102362432
143827871
101450443
100944825
143827960
1017671915
1017672040
118633341
118807366
118769189
133184528
100964206
120949210
12013344X
118807633
115868119
120247313
133581373
115867856
115867899
118634909
100965148
118634917
100964257
118022334
11892124X
104364483
118635735
118712713
103101594
118890182
102500037
119132095
118647318
119283069
102565090
103080503
103080791
102574278
103126317
136606458
104209801
100323685
143854143
10095880X
102510407
118590618
186600143
118695150
119519852
143488384
11906457X
118790552
118731297
102571228
118897608
100944868
135977517
118500740
104074779
102558817
102565287
102570515
102559872
103086846
100943322
115477268
115726187
118521365
1049864824
187566348
118644157
100963757
118668137
102369216
119874482
1041692242
174172834
104104813
104123834
13037511X
133625303
102571651
103101292
103101411
102838674
100956130
115740708
103153624
102479453
102574332
102574510
102839727
103138870
103156747
103127119
102416788
124352006
104209836
118829424
135894980
100489362
135558018
118890298
100373682
115559752
104330732
104350199
120951673
115571418
100956556
119225956
104278803
118741292
102839441
104364254
103078754
100962017
10424187X
120949814
104124059
118679694
119100657
104350695
118676148
101360436
1045618942
130453676
100960413
1019749830
102223068
186662602
1019739169
13390220X
138612277
103102906
10049241X
103086838
104118997
102547173
102565392
120862042
103126228
103126279
141851406
1026016088
103145397
102836191
119127784
102565031
103156720
118588869
102558744
102563047
102570671
102574960
102571147
10257250X
103101225
103126201
10257233X
103101098
103080457
103101314
103080627
103080694
103080732
103080813
121978443
103080848
100965032
103101519
103154876
102563357
102565473
10256549X
102574324
100947530
103154655
100964486
102839719
103143467
104267682
102501297
118729381
104119004
104119012
104114738
102840253
102840318
118965824
10307869X
10307872X
103126481
103126627
104207442
118742892
10312683X
1036487555
1070019291
11937997X
104221399
103127100
10312957X
1074122615
103127135
120055023
120055074
121273083
120951320
120949954
103129626
103129642
103129650
103129669
10314577X
103153063
104160543
104175699
104175958
104176946
104357940
131406221
118817817
18941149X
120950944
120951487
118631543
120949903
120949253
120949334
1089717083
100198279
1012373037
102565007
102570744
100279139
104096012
103080589
103154906
102573433
119269473
104123982
118750356
103157174
102835969
103105077
118641751
118633406
118503235
130509264
118588567
118556401
119126567
118572598
118529927
124505775
10409592X
103127038
103127208
118886363
118818260
104160756
103115234
118718681
1127148672
104282355
1127086391
103130314
104209674
100967124
120951304
120949652
119676710
100837387
118817140
11856207X
119006634
119508923
118804723
137526393
118687433
10314725X
118997076
100944221
124902189
12320660X
118683993
119118408
118656716
118646834
118699318
122228731
103155244
104275340
1068878924
1042489416
102424527
123206006
119099179
118797352
100940269
119135604
118529560
101426259
102833222
11921587X
100952089
118739409
118614983
104112050
118674749
104356170
115450513
104360860
118634887
118647326
118513249
118588095
118688529
118541862
118550993
118551280
118553909
118553941
118707892
100946577
10096818X
100946623
10096110X
118554638
118554697
118775758
10435867X
104358971
118578170
104349352
118598449
100969550
118642960

118819690
