#FORMAT: BEACON
#VERSION: 0.1
#PREFIX: http://d-nb.info/gnd/
#TARGET: http://personendatenbank.germania-sacra.de/index/gnd/{ID}
#FEED: http://personendatenbank.germania-sacra.de/beacon.txt
#NAME: Germania Sacra Personendatenbank
#DESCRIPTION: 
#INSTITUTION: Germania Sacra, Akademie der Wissenschaften zu Goettingen
#CONTACT: bkroege@gwdg.de
#TIMESTAMP:2020-09-10T11:42:35+0200
12852734X
124000320
173109705
129685844
100066801
129101990
118736590
105115068X
189440503
14298681X
135646626
104213884
136910157
139310789
137312903
118646834
13564674X
135945534
13564691X
118646850
136803334
13324993X
118500503
118817817
1051195063
122424883
1089686129
1020901225
116762586
136203817
11850049X
102417997
119496313
140656448
123345731
135668247
135668344
118810553
102417946
135668565
1074246748
135668638
123431573
135646995
11850052X
118500562
118521985
130266604
1072099357
11856594X
102516103
118795740
122162358
1188641425
103761195
129303593
137126271
119154056
118965220
118653032
129461466
139280596
117134694
157141187
117393231
157118681
132164426
108998886
118500627
123798566
135943094
100935354
104275405
1073989046
118646974
1033721182
118702548
138723907
124796400
1018604049
135668816
1033724408
1020450738
1019423242
135785553
129090913
135785634
104173114
118812319
139480390
118510134
128984724
102331245X
132266369
139913475
100294065
132255952
136721281
136911323
1049395069
118637606
138719500
12966264X
1021749028
123889413
124541224
135538041
189501022
136089100
133812154
1050482018
100014704
1015093868
174157525
138089396
133534138
124142796
136631894
131528270
13736251X
120251973
189461152
143210777
1033723444
136632181
143210726
139598235
13578588X
189427450
142962449
11653334X
115392874
124668445
124351549
118771043
139078398
103118411
128596589
118637657
101002262
124839169
118556738
13135194X
119783967
100387152
12179606X
118526715
118537202
115532196
103012192
134258126
11732275X
174161646
172143470
130275220
12932521X
100935540
100935575
139482008
1033723312
118647318
118722301
122073576
135604567
136721826
124770762
1020074841
1179286405
118647326
118798561
118501100
1051150728
121191486
100937101
11864422X
100535917
122788273
103372419X
1051152356
102499365
136117562
136583776
102417954
119498510
136818544
136912168
122064038
118647601
1073291553
133390721
142592870
13969370X
11864761X
102556989
121075958
131817965
118647741
118777939
138931992
1112049169
107398978X
11875551X
129597813
115386963
133250393
124527639
12113864X
116293934
133273199
124794777
120126222
14074259X
11904059X
116279060
136184561
118637649
133274497
121358836
118637673
117921207X
136183875
118647717
121052893
119536447
135939917
118647733
136202993
117760846
118502220
1071848062
1017854483
11852786X
118644378
137409737
13618376X
1070665797
137504683
1049249240
133917002
101447485X
117193550
118628755
135978920
133250660
1112624988
118201875
115388508
119258447
122098919
123437849
135786126
118644351
136818439
118501607
129306568
138733597
118883976
136818692
135776422
138100187
138733422
136183905
118848399
118501615
11864775X
118647768
139611045
118647776
13873349X
118637665
136183816
119111349
118644343
118878646
118647725
118644327
137411405
1046432680
10422424X
118647571
120100045
119532441
120438879
11864436X
1166243680
100008143
102517835
119212064
101432488
1019731435
118686151
129737631
116078634
119357755
132516276
135940087
136818986
132861720
118701932
100290132
135905877
118861484
121517640
118554700
1073989852
105790936X
173329098
135917557
128558407
1081042001
100935958
122820096
1030426155
124262759
117319260
13580275X
118501852
118501836
118819712
100936040
121822036
100936032
118501844
118647989
11930466X
130855804
118501925
119629585
128693517
118648098
11864811X
124613233
118810561
118502026
10251786X
117731366
141394951
119434679
118598783
111947437X
118648306
13683082X
119229781
100623247
1018367276
11864842X
119170949
118997076
121553329
118521977
100936202
138530017
118502379
136819109
118537342
119207826
118847317
116841109
173329195
122285913
1052643094
1019470208
136325149
118719483
118616226
11850245X
118502441
118928953
118663763
124263488
119189712
131560638
119829231
172721601
17332973X
100729754
118649027
140584099
119222396
100936296
119219638
1019765240
189409967
118741691
119263580
1037526643
140336087
1019470194
118761102
130556351
1012408418
100279287
104080027
131818058
1071069756
-
118555146
118560239
17333864X
124882986
1155181328
1016936737
1080647899
118785478
136527175
118590375
116247118
118967754
119433400
18940986X
101863634X
119370042
129574201
1051215102
118649213
10243347X
1070590452
118649175
118861840
100038689
118502883
142538949
1013140605
118827308
119366444
100936474
119253593
128628855
11926997X
100936539
11851282X
133664473
115862625
123922240
122513088
139540849
139145265
132969548
121724263
133245128
102828506X
1033718629
123579783
137316844
1014500508
1037736044
1059646307
120623803
138420041
189409592
136828868
136829791
118649485
1018762280
135799775
1033723398
1121154433
1018113991
133042448
118580957
118846787
118649450
118527533
116275235
119355647
189406895
118503235
119539543
118649566
1034660810
118503278
173168426
116083905
123413982
136509703
1051212154
1041705948
134641965
173353908
115502572
1167958071
118971344
118971336
118601334
116860383
104379022
116141921
118762737
128971738
13582737X
118503286
118717839
100129587
118592904
141678615
117764310
136184278
137157673
10006020X
104163763
119139952
1051207460
119216132
118688456
1041763913
118694170
123195306
118563890
141538392
129478822
130252697
129402257
118930494
120913801
138780110
119530767
100654649
1080434747
139095837
124497934
12093745X
131601555
135912881
118868950
1018352880
117652199
115466975
133161951
124908004
129273058
118665774
118600141
118798316
143029002
135885752
118503472
13015041X
122932528
104104244
138778582
118647555
122970470
1124865527
133089916
102425140
102426848
118593285
118595954
119518813
118793985
118627287
1033816744
118718444
118670182
1135698759
116710012
104066415
118897489
118847759
118503804
126710562
118650084
129880310
133581802
118503987
118645781
124145663
118600354
118968165
100936768
1037512820
1033724157
1114427640
118645897
1166328767
135941113
119092638
102559473
135665167
1179285557
136196209
132210843
135943701
1163819891
119135604
101028598
1037553047
137343515
119073587
189422505
102571481
132604280
1035124998
119536609
1015130275
189424052
189435402
14097119X
121447405
130059927
119457733
138733848
135803462
124292100
136169783
11863772X
102422249
118650440
118504363
130095168
103118594
135808634
118504843
118562347
1012302059
142611980
118648667
122754999
159140455
118501399
121774252
102422397
131563386
121733955
100289614
102111014
118505076
118651099
123037514
1013686578
135873886
137563582
129245992
1037525841
104149299
115757457
129101729
119458446
13388063X
118505092
117764787
189431180
119502992
120136368
1029303495
133498050
142663948
1019244313
1079354085
118648586
1011947765
189410191
118666665
100110274
1044495405
121543358
136028195
1089661045
119393166
123096200
178949922
1019496053
130475513
135830230
1012394956
119548488
173334466
118592815
118596829
1065638787
128974168
118966626
118738925
102551472
1033723371
123910277
135952816
100937225
143127578
1034700685
135953138
118652079
1034695126
1033994235
124858791
11850617X
136844243
135952913
137496036
118803085
122180488
136913784
136184715
118677853
1071379399
124650813
1020627344
121082121
118784854
120631105
118587269
1031774971
100533388
118592769
118909509
1012583457
130535184
124465692
138604037
1045403296
124505775
102423091
118508318
1013452259
135667585
118847988
118960040
118674935
118674943
100966497
118774824
11885500X
131637754
119296039
142709840
137893116
121041069
101278407X
1013915097
102951535
119154684
12236273X
1028817495
174304366
1182380832
116014202
118595857
128779144
118616242
100937497
118662554
119870274
136959105
13256940X
13954500X
136914012
119263548
118654179
138734186
140878130
1034701711
118960563
174112068
118646044
172107407
100656234
189414073
104048557
130628018
123481708
100226558
132184990
100937543
118508911
173329543
133518094
12347082X
129275301
142919179
122806980
135905885
129705446
118905139
100132464
12249962X
135666732
1051199069
117361747
100317146
118752839
1025401786
100937594
11850889X
139575073
100937632
118655426
100937667
100937675
118508903
118508881
119539780
118655434
102424365
100127282
100227651
118655531
118509144
1055299386
141633727
100706991
11865554X
143845063
118655825
101997728
10235412X
138776997
100035485
136816622
115660866X
118851225
116040424
128426489
143067338
118656260
118747118
1106565991
11865635X
118509810
1163831867
136817165
102424500
137649568
102571538
118656368
119272385
100968074
12995571X
135738091
1029215820
1047831031
137529511
118660047
133480402
13591292X
13173928X
100937926
1105674533
129745200
131601857
137305362
137663307
139399380
10257152X
141454008
136602460
118656384
100834604
139888578
137899777
17415058X
1127562207
118590987
100226965
189429879
1019308761
129126713
120046539
104091061
118978055
129232432
108969069X
142424234
101841326X
1035152215
122581792
119552167
119486881
1018856803
189544880
174142684
1034695118
130524794
172888506
11892883X
174157606
136816703
119549999
118656341
10093787X
118509829
136816797
173445470
138734895
1101847441
120170779
136817122
119121468
116512075
136602487
100218199
136721567
13566733X
1034696025
118656473
119422352
137161417
118510029
131661566
131772961
137947275
121627500
118658522
1100385444
133610969
1075079993
136149294
141063785
118656724
118851608
13614943X
133611159
118597035
138051976
133598268
133280314
135665035
139239871
13614909X
1166687465
140383808
136148964
1166687570
1102253170
118658557
138605343
131773062
136817300
138735328
119442930
138735506
140006893
118658549
140006885
1011439999
100937977
136149405
13615025X
133927148
118658565
129885517
138605904
102468230
1014256402
138043000
1013814347
119210363
1051150744
118885294
10436243X
136817548
1090201419
1012176347
128653914
118660993
13566893X
121396754
135669030
138735786
137841264
123779952
120032430
118854356
137529937
139423966
118661183
104237392
118513176
136278825
130160350
118513249
118661469
118513257
136919596
132590549
128807490
120812096
189543906
10238696X
102422907
118662104
131907328
102425604
128994401
1027556035
1038690595
1051150760
136195628
136800807
118674730
118674749
135669944
103469605X
100938310
118746154
1033522643
118674854
132465493
1019470178
1034665545
119110954120335042
1012269752
1033724122
136922023
1166797449
135957699
135669154
104280050
118674846
139048200
135951437
135670136
135867754
135738261
134292316
135738229
135883814
136148778
1019685301
136148484
118665170
1034660209
11851749X
1034695452
118666088
121586863
123677092
11866607X
143853570
1034695525
136801102
137840624
136801218
105546803X
118817140
133763005
135738199
135738253
135738318
138736448
1044241225
120438852
136803903
1062997034
100968961
100168337
118518283
14379406X
1013944437
118666509
102425906
103912010
137963238
118518410
118518453
118714910
118518429
1017217963
124813089
118928988
129101907
118720899
131391518
122235401
118807935
117428299
118629662
116945885
121621766
11913988X
172015502
102053298X
103116222
100405045
1072300869
122533194
1017102279
117518387
119189747
119161060
128693231
12274344X
120170698
102374090
118516345
118670646
124402542
123338700
119688875
11854246X
119695855
131793047
118834509
118795198
119298600
121882128
139696253
1082156094
118763504
131659359
120855224
119475839
1018698949
1055528725
173225306
116352248
173171966
1034919962
101839883X
138796246
122909275
110451723X
116118628
1029527342
1016435061
128741325
103757236
140955119
137979460
120825880
12390062X
144001152
118506668
118855263
100055095
124282326
118779141
119240874
13613534X
116733799
117637939
118583670
121403106
118655159
118620606
173346103
107276184X
1029358540
10242716X
102427178
118675885
1099122384
135881978
118675958
102427216
102427224
10212809X
128632984
122363965
128744405
104194693
118676040
12863460X
116725427
1051948495
121754170
116976659
136510965
117306452
1012368068
120540177
1162506148
118634771
136195881
1022915177
119264536
104174552
117041424
121002594
100123910
11748329X
172302897
118739581
1030487235
116162139
118757490
104274077
117701467
100979440
139492690
136758657
119118416
118676075
123576733
12939159X
120479842
100265901
119130947
120188651
1078180563
101508913
174156723
118676059
141523980
104085746
13705811X
1019728027
119175800
118680145
118628011
142806218
104326433
135952468
118520652
121402355
1013423631
104183322
12043881X
139790969
136840957
100089003
118676148
129629561
119610736
101659318X
119223473
120079909
124651380
118880632
137937792
11886176X
116602368
122023129
124584497
140043292
12084074X
116958820
138393931
13802278X
118736191
1089922809
124874614
118752103
118754815
140781803
117643610
1015197779
119369303
130434574
120912740
119371936
1078045569
13855787X
12886110X
1074002121
103132872
12303650X
1012411427
118630067
118582313
118520709
118608428
121478157
122868218
117073873
103105700
118587668
104095261
136350135
1012209105
118871099
136198937
118552457
122331966
118603078
122795733
130250899
118754270
103141693
1034774484
129093947
1055471391
120697203
174152078
119028921
119284863
1038025702
118562746
18954435X
118677519
118683977
118710257
120265540
189412666
11917894X
129784265
140607439
115204342
136127266
104044705
139175466
189407697
118680846
1034919946
18948862X
136021034
1031882421
118634224
1052842380
157287092
118777335
118563106
118640194
11922030X
119070758
118723529
118563114
118723510
118723502
119022524
119026910
118640208
119237512
119139162
100085725
123610311
119215152
121675637
144007770
122700449
131595261
119222701
10093921X
11955562X
100939236
118521365
136186211
122201620
119139332
123729467
11605459X
133673995
119159589
118565222
1147210918
12341265X
118775952
100092098
119803321
124778011
100568661
118882945
118522353
118504606
1172744076
118591924
12959203X
122931114
119369958
1014244579
135671701
117513180
117237655
100086594
103118683
118523287
102435138
102435146
119526077
117007242
172725119
11564976X
137847068
118820613
101059434
121405109
116832371
121739651
1173618619
124887619
123797039
129076260
1012406377
128886021
118523708
124665349
115593772
120912147
1021706280
124471897
118505165
1032509244
137318049
137260024
136190634
137318138
133600203
100769594
119438054
122758897
133605639
133580687
119547651
143210912
1035161141
13860049X
120037912
138781559
140173838
116858095
1165328143
136844774
136844669
138736537
13595309X
137260687
138776814
130540854
119012855
118533657
118666339
1020457945
137260342
123677017
1034711121
118989170
1074215257
137848412
14324616X
143246151
138144486
1071001663
136602630
1075156467
118525549
136844758
189564458
12156357X
1064472311
102434178X
102040109
1021038245
13726075X
1035179342
101079877
138144516
189532211
138144508
137260598
100962106
137317794
129414085
139697519
118525530
137849494
137317719
137512406
142409553
100962017
135952727
1021038628
1033658812
137526962
102412324
143220888
137260997
118679651
118679716
172094631
189551445
138785910
1034713248
103471323X
119511274
120121743
116575212
100030564
122235800
124899242
100940021
11638025X
124528899
120551780
1053950470
105121615X
118636928
136845096
136196160
120610434
1034711814
121465675
131351729
1034712640
102571619
119107910
138776830
135734541
11852853X
100940285
133573400
104048336
104315245
135734665
1150719168
135734185
119621223
13692039X
135647258
100940315
1051190444
136019102
104160322
139399216
14096519X
119501414
138074860
139579206
1012373525
132475847
120770628
1112624848
1027579191
133613275
123430062
1043595260
118687433
1021089656
116321997
133613453
134143973
119710544
118687425
118842862
1075198534
135734487
132122669
101053800
135734584
118687441
1017071241
133262650
118681540
102433763
100940269
100940374
140744975
118529005
139697640
124384439
118528823
129636525
132188147
130443441
119036215
1071922939
133252469
11866686X
1069604615
173346006
13338201X
173329160
122945522
1069561851
1019470216
136871135
143311409
119079445
118687867
118687883
118687921
118858173
118530550
13590501X
1034721496
119175223
1153635380
1153634368
138776946
136150748
116381779
118504614
10015056X
118647113
100966845
138843031
135902614
133618374
133632075
135902711
118529110
131771531
102441421
101186133X
10244143X
135903246
12222132X
135901278
141257148
136029868
1034717669
118529560
118064479
1017953503
118954199
1047679442
137524706
143996673
135904986
118688529
123899168
123290341
138041245
118529722
104086491
102547394
119488930
119367459
10417319X
101026641
118883542
132711613
104173181
137662033
11886324X
1048113361
124318460
1037533224
1037533232
11911139X
117758868
118529927
128983574
118688626
120914026
101042515
137313179
1074525159
111256098X
138737274
137014554
1035104601
1018596054
136846629
140548017
140548629
1013427327
140577742
120064065
137097263
131879243
135905303
141179635
12890285X
137259433
122035143
104182067
102181780
104183772
12009150X
104193425
12303566X
133631400
1049203275
129999121
118549626
100940528
102441529
189518464
1051189411
131771663
141302844
120092662
129654485
137313187
133631982
132958392
11879714X
121132668
100121381
118523457
172503256
135962749
119439883
137362595
136925995
100940560
119375338
143210939
104364483
137313225
173172008
1070768014
11853033X
102466505
140722246
139888756
1012348636
121166007
140744983
133619729
133648117
141172002
119443740
118501550
12304863X
118530666
100119824
1012848353
132804298
118521926
1058199560
1024116751
142448737
119508923
119653257
11878790X
1070494380
11859897X
12466833X
116562714
138740135
104140623
118880284
1034719165
137525222
116562498
138739846
136847536
119098652
136847609
102500274
137525370
119446359
130894540
100940625
140087893
14386632X
103118802
136926193
11937840X
100940633
119268299
121895378
10094065X
135923263
1018263039
10211790X
136926339
119140659
124528791
133573532
118963287
119004615
116563710
120580497
139477462
119338882
118971255
118685295
1020270675
139551972
1114404063
104209356
101052677
104207272
13774966X
123384656
100265979
117135720
141556676
117439363
139106987
119115174
118810944
136198198
118530887
142264954
138740240
118685287
130364428
130494844
142609587
102308888
1071529978
104235217
189548525
1034719351
103155163
1034713027
135987660
133622053
104144769
104150629
124799345
128651075
122724194
121618544
118605941
122846389
116863781
100940706
118682601
118531328
118727834
118609521
136707661
118531425
118648861
1025719379
123338093
104348623
129864412
1034996738
1059225603
1034719122
137362781
1147242755
173338909
1034700391
1038880629
1034700383
123586844
1168179068
124283209
124014275
119679744
118647989
120193264
101313687X
124055389
129316539
118588214
119071118
129201871
139321411
118686526
136926738
119007754
118532537
100586376
1014414229
118678418
11625033X
118686755
124794815
136036228
142589470
136849067
118783998
1028690800
139063331
133143252
140446257
101105592
117639001
117250864
123767245
11883732X
102705224
120089874
118751972
140067167
118831429
139255656
1081491639
118686747
118532502
11895363X
118532510
119117304
119504707
118532529
118686763
118880349
102952551X
100100465
137750005
117661724
1011231956
119105691
123195705
118686704
118532901
118656589
124839452
119527219
1013169832
118640003
118534009
136274919
100941362
118694480
119851733
1035162067
135670594
1011935228
139145362
119269953
14152717X
119022265
100013376
118661450
118948008
1089404794
128995599
188485767
118593234
1013249488
118764942
132964449
121463354
129734136
173328636
104060093
11869295X
109018767X
1011451050
122785983
119622173
1051192471
12393107X
136002056
189425008
137350872
131968963
123146518
1030244820
118534963
136005020
1033718467
135746078
139292837
189556064
1034711555
140936181
13881077X
128553170
118692968
133845915
12161686X
118706217
130235563
117045918
1071095307
124247180
123325633
1011746492
117204935
11907981X
119368757
124854184
134060717
1037619102
128699817
118534971
1012300048
137133030
132500914
118613898
11861424X
119261871
142825999
118623788
119522152
11882080X
129303763
137921918
139523359
189531568
118535390
118754297
137674465
11624027X
10406286X
134301323
118579185
138436126
117368490
142257524
139806377
132808994
116752572
17333587X
119392968
136255701
118742833
106092417X
173222714
1130676390
11895685X
102318638
116945818
104996943X
11932847X
100331416
137530544
122227050
140857974
115773371
173175732
11754017X
120630400
115872442
136194788
100011071
124765491
11869412X
119073129
116979402
11882077X136851398
116002182
116654813
1070410748
136913458
134188497
1202680992
122179862
118534947
13692753X
118692925
121675076
118534955
118692933
118657895
1024759040
122835557
101124325
1034282646
118738631
12225404X
118654942
129303682
102479178
124003230
118798251
1076031196
118535013
118647709
13363969X
100178030
12998194X
123612810
136919375
119552523
100681891
118979272
1012363783
1073948730
102502684
1012364860
1082386014
1012181537
137844921
172890489
102486121X
116579625
118956841
101976600X
116941960
173860826
11897131X
118692984
121115844
121476375
132406225
11700958X
140655492
118956833
1077227728
133274861
107941120
1034919954
11878014X
12108910X
129303720
1070489778
122304063
123714249
129147753
118598643
136005497
11877820X
140782125
14118289X
104161612
118806262
137423861
117108472
118535021
101420153
1083035207
121087468
133227081
123984890
118609432
123195039
119159066
129252247
129393304
1060149125
128875887
1135676976
119064227
1021382027
119079607
123445493
118532464
178883867
102555427
129308838
132503220
118703005
122028805
118703218
136025366
118535781
130473774
102468389
1147215669
136198422
104366869
133574415
138619433
136025900
118535803
136026214
118535846
143866990
1075934206
1048744663
137531621
129722545
137509782
137085168
136009727
1051188334
12465133X
136023606
135725259
128688599
1075287944
119526239
131551787
133826422
138740720
1025071492
136025803
120458705
136170188
189534494
119005859
136158838
140081631
1029512566
129038458
1050553233
136140904
118735454
11878577X
129305030
136848133
189443359
102478104
13313878X
118535684
136848176
1051152518
136122388
1051200695
1050562135
136198724
11861598X
120737752
137531389
124982441
11741137X
11953634X
101490119
104074809
1018561285
143054899
124086675
122474457
102608520
118927434
118505084
118767100
1029074569
118703234
118703226
1046657852
104226854
17324758X
121067262
1074536851
122229657
1037118774
101509766
116757825
118977954
118590200
11870978X
118693514
133574555
132972433
120677563
11870317X
118535757
119536420
118535706
118535633
121390365
129823457
110092236
13629264X
137430787
143695614
128518162
118693530
1168606101
136158188
136025919
129309435
118535730
11853565X
119441306
134213173
118535749
140743960
100127509
122779231
118535765
118703188
136968376
118897667
137316550
1058562347
137509812
143055143
140490027
129306258
118535714
1034711326
117426709
136027830
129269530
117753416
1080264892
118535722
118955152
118535641
118693484
130534994
11853579X
131773232
140141103
136847978
118535773
136027881
129306401
137531516
1017854548
119244829
118722697
100659373
13600976X
129981117
119522195
119546256
136552110
13602792X
132700999
101315486X
128400013
118737074
118610058
117344923
116122889
118755552
117195464
142601381
120667886
1015984355
119317923
109426045
1034919970
115868976
1048598470
102017433
138740852
118693522
129880019
1081269979
137980302
115842004
13861928X
11853596X
136068146
136968503
121337200
118608576
102030081
118535978
11869362X
118535986
118535994
118607057
131966863
133809668
118536486
1075203007
11869426X
143291491
118510703
1053392028
118660489
118516493
121124835
116501065
173338852
130447463
119301792
124372430
141198303
121811549
129600601
119411202
173449026
118605097
118537350
123163854
122155742
130842192
118991299
100941990
1076830625
119202913
118777300
132815435
136793517
128869828
118996193
1052900321
100993788
133654699
118537954
102562938
131768719
13617017X
119455439
136158560
118628615
136849342
120847930
121465500
1019470607
121996204
1102253995
138778825
137510713
136849369
118511882
110225522X
1034741004
122162897
118639404
103130012
118538292
100942245
119684012
118716921
140570594
118716905
118690434
119137356
118501062
119605422
130836605
116097426
133256626
136697704
135583772
117180262
135708028
118519468
122885589
121057623
129006025
13619804X
119338904
118531735
122479998
118683896
1037515986
136036147
136624324
137496303
128153113
120732890
124115535
119522586
131417207
136216064
104051973
131893556
102417334
116234679
117737437
119427435
120224119
136721931
12964563X
131773658
116689781
124886337
1038118417
1147810990
119776219
129304999
11609432X
119684004
118690442
118600095
13558986X
117621404
13669781X
124582834
132679566
118798170
131525131
118617672
118880640
1018367284
104175265
1021405051
135738911
118627538
138756910
11775238X
143773550
118807757
121115712
131500155
129408328
122813235
143236229
122876342
123383404
122236300
118956507
173283993
105297516X
102499446
116909854
118824759
118958097
118958410
118958429
11871693X
117762717
104196874
118706292
142676152
137868944
1053504551
119177269
1020248440
118907255
116395443
133515036
101976466X
129413089
1081668466
1051482356
136158765
118957708
140744924
129021709
118538543
118884352
119527499
131850490
118716913
118716891
118924710
118805959
104270268
118690450
136708676
119344831
117012599
117729671
119510871
116125497
136697755
119142627
105119766X
1034148044
118634380
122222954
124387497
138561117
116281014
123162483
115532552
119200767
119113007
135705398
121139107
118768263
143090453
117172839
11865537X
143842927
133669351
118681613
136972314
1034734040
1034737880
1034737570
1034734423
136635865
136648150
1168608740
129417084
119369419
1017854580
135682525
135673216
11891152X
115486445
136175414
100837360
118567543
136972357
1074362705
118538608
118538616
139103996
101779541X
118984276
13736282X
136648460
13684961X
139399240
132210835
118717014
121735214
137415451
1123833273
137531974
118833731
138742537
137532105
118690752
128985194
103125949
13871987X
118717057
13964797X
123285852
119148676
118576658
118858726
136648940
136648819
136033881
1166445380
136649025
133678903
119359111
129846031
137316119
117050105
189552050
189491450
129846023
118691007
13697256X
100942776
132603837
1166449459
136276636
11865750X
131910256
11869488X
1053455844
122792734
116182423
1018479295
1021025054
1020549084
11851217X
1047455005
128544902
119054256
118712632
1012737071
118524542
1030344167
132720744
11873699X
119062380
143505459
118833324
119392976
11924070X
120005875
100142117
132777320
118668277
123218926
118622625
120972360
118676679
122230159
137180314
118818686
130172480
118532626
144012340
1076985076
118678728
119392526
129344176
124343775
104058315
136659284
138807159
118902601
118717693
13685026X
138742618
13765023X
118695150
136659330
118519956
1013248848
1018053441
100712371
118689487
100259960
118620878
124074960
119514907
119067323
136678149
1168609836
136678343
137409699
102487375
118695630
1055706267
100943306
118721801
116994681
1065864604
1020284722
138144559
136200141
100965156
13685057X
136052967
118662562
118718266
130509264
1035804395
1067084037
119657015
136975542
13614005X
17333394X
1078878773
116522607
119080958
138743460
119552388
118727788
1066896828
119334461
114733448X
136678408
11871824X
136850561
14402974X
118696009
119020572
1018386203
133692825
131768093
131768603
100943365
123676959
116179252
116876247
118571249
118885243
1023119854
118691449
118572121
124318401
137090684
117415871
10094325X
111862051
118696726
138743495
1034711059
1034933418
136200214
102473781
100943322
11869720X
118961160
118697439
118697447
116003081
118674579
129807834
100377645
118709666
1018682864
119752085
118580698
173106382
100555381
1034854984
130253162
12295078X
116642440
102499101
118905147
124961002
119220881
139094962
11700622X
118541838
118718665
122721551
118541846
100943616
118541870
118697382
118541862
118718673
118718703
118718681
11871869X
118541889
118697390
10014263X
118697404
119223155
133689131
102473927
136986382
133689778
1089593791
100944248
138601321
100964893
132322366
1016949456
117360708
131679546
142531154
119254239
100944515
1017906181
118681273
122184831
12422234X
140117814
136969143
118895656
140221077
1112209514
137446934
103473444X
118699334
118699318
137447809
128832584
11869944X
121217760
119258862
118699431
118543733
102474680
119108542
100942520
102472610
1081566213
143510029
1139800418
128985976
1033702846
143882945
136159141
118543229
136152392
118698885
136159168
118636111
136152473
137526725
137448074
1066973997
118719777
118700014
118719785
118544357
118544365
102475644
102479453
143884948
103086854
118545086
118643525
119600641
11906510X
118868756
118665200
11867045X
123193869
118698451
118550411
118552945
137122314
118783815
115858679
1066895724
121667383
118874241
118858955
118604597
118867172
119022516
118805797
119034506
118631659
119475774
13791394X
1012810046
116888571
115848177
116294396
118687603
118650580
1155130669
116747749
118858580
118919423
12257883X
11931519X
131533401
133754979
1013332903
143885928
1034744526
133688356
129075442
133606058
1080272380
129752509
118754211
1072863693
1019685026
102475717
137853130
107471976X
136197574
1015458416
1069443190
13752563X
135959039
137526393
13385096X
104108096
137525710
123709660
140071709
137525567
1032255633
136851002
11870902X
143885995
1096240483
104351713
104351721
133879879
136049974
133875938
137526253
138743606
133506258
104183799
1034901338
17284438X
132969947
118709488
1012882144
119252937
189426845
105925123X
1015335543
118548336
135949408
133801772
137313373
1034901273
11894374X
13387611X
119265850
135950163
119242737
13586805X
137315244
133802183
124958524
137945183
136977103
138743983
1073230511
101037155
120754975
115821872
136201504
13732586X
133802310
134198093
138743762
129090565
118501755
1072186209
1079393714
137602332
119614294
118654233
137339011
135738180
118885383
1073976165
129823570
10427526X
1051188288
118659871
136490751
104884967
1034901400
173078052
118678809
1058395386
100945651
121395154
173333362
1034717693
100965024
119661438
137705026
121935299
1037509986
119667762
118548379
1034733370
138743770
142356778
139039430
13764390X
189417544
137945965
1168636981
143349244
138843244
100975364
114088414X
104083107
119715279
136175368
120202033X
1012275035
11971387X
128775920
118855484
102501440
142137529
119510030
124566170
141454075
135974445
124615929
118548441
136659144
119318679
136025587
1018353380
1051194911
1034904833
136031773
1017151679
128724870
115833463
1047633175
129611050
138419426
173292267
104349468
1012290662
136407978105135286X
1168637600
124541496
1035113090
129306827
118709860
137058950
1011953900
102359229
12437347X
138434042
189537884
138015228
102471568
1112621768
10310156X
120812843
120063239
136457002
107332981X
119819066
124642454
142356921
173109160
132304244
14225357X
100945716
118613510
173333494
1012716872
104350148
124859801
138564604
100945503
1081695374
119503514
173284647
1011935546
1028666470
172432448
124807534
141388684
1035168456
131949942
1012374726
118773763
121774694
104237473
118548328
174157533
116271663
100125018
10048946X
116143347
122957415
143873717
122783212
131472097
173337600
1152347144
115865497
136841783
137324847
119138018
136720749
135950120
11854831X
138771413
138743673
100945856
136917372
138843171
13874369X
137976259
101272294
12112293X
137946236
119108372
142356948
1034910124
135949106
133851060
101237470X
1159028524
138743703
133851001
118548166
118709755
138769397
119024918
137318642
118548255
119061899
120127172
138743800
136851126
128416904
143210866
140735216
136986994
120677822
139568816
131768735
118984039
118548468
116863704X
136070043
1095135228
1034901710
139535322
103154620
118548263
135868149
118548220
136201474
136720811
137944918
116863735X
118885391
138744041
137944950
1012262073
129023205
137409672
1074215478
124807496
135951429
118548271
139310983
128907568
140006877
1017696217
118980203
124704050
118883690
136502458
1163609420
133802388
117751685
12207811X
123164443
118709887
1051187303
102111871
11854828X
100973698
104312904
129306509
135950295
118980114
118548298
118548190
143886657
104254068
1114516503
118548301
118773712
14057736X
118548204
124912974
140577998
133802515
133802701
133802752
129432466
138771278
137318669
119473569
119733285
116249048
118710117
1051192129
104352574
118704249
1070887439
100945546
143906526
118548212
135671221
124644023
103154949
138008639
1069650544
136049346
141966084
118802968
102492476
119559455
118549286
1034906267
119441969
118936832
1071577824
1034700650
101806866X
130302414
118549618
137326068
129490369
132911167
12290169X
118981722
1034900749
136414559
118549693
14213192X
100946100
138771529
120677709
138771421
118703684
1030491933
118502107
137326092
1030353360
137066546
119072238
130522600
1036599698
118983741
117182117
133825256
11852190X
1150191848
1138243922
13852808X
136099017
118701215
1022980211
118979604
11855042X
119304309
137947313
118554646
119840626
100837441
1033681504
136275737
139064184
1157861547
119485443
137946554
118549731
138779139
101044011
118907263
1034901222
102500037
123168406
1076099459
124847560
138537348
131409395
137244045
1012369269
118627716
1034901176
1019740531
118945408
128617470
137412711
135868823
11729764X
1035173980
140011919
1136289348
123672678
135868955
137326173
100167179
138771901
118549707
1018352627
118983628
133832899
123676797
1034901214
138771308
137946635
132711834
131768859
131768824
139407448
137358636
138771952
136202268
137066619
1024985032
118703692
10016160X
123019125
1108302742
14039138X
118702793
137409702
11621323X
132723360
115460403
119444720
11967923X
139934928
131768891
104356170
1012501825
137326424
1034901141
104104937
120929082
173272150
118647911
12869016X
118681249
118684566
13602114X
119234505
138715661
1141096986
136192963
117703575
100251455
139081585
13394459X
1089687087
137650752
122298543
13154263X
119265737
123932149
137715900
118550896
137947186
137651392
137651007
118704710
139225919
137651058
137896689
140605541
131638157
118550993
137947216
118980084
1027545653
118894420
1168645336
104356316
1027542840
189415231
137661002
100946224
13766110X
104356332
133850544
118774484
118551280
102500142
138584117
119281678
119066548
118553429
119450909
100946313
118553437
100946305
118553909
13766527X
118553941
109134117
116099518
1035112760
1055321462
118707566
118707892
118707957
131771817
118554611
138772053
137947526
118775243
119239876
102500444
100946585
104356421
104070072
1153570211
103482435X
11855462X
139478205
112809276X
124664180
1120731623
173448224
116461977
1011829029
119078589
13872217X
1170093493
118707973
118637533
118554697
13177199X
13621486X
1170094368
128530685
138645876
122594738
118555359
133246051
11686639X
118543261
1043019308
128617098
118792555
1019470224
1019470569
1127238612
1061222845
102984433
117368628
104174455
128722711
118631764
128692898
1020819995
142424196
116130393
104356707
102511934
118559796
120678411
131817698
138979995
1062997077
136233473
121722058
11871077X
118555642
118555650
129942235
100948111
118555669
100948138
119130025
118710788
118555677
118920758
118775553
131817825
118555774
13794957X
118555782
118555790
118838598
118710842
136221785
118555928
129882836
103812202
102518122
136953913
122594770
118711032
1055525297
122075560
11899669X
123291607
118782444
123414245
118752863
174144245
118556401
120236567
129044571
124065619
118812343
118657100
10094745X
10424013X
118513915
137618344
121102149
118711563
118880659
118651307
118506137
124869785
118510665
1051152925
119510480
123890586
136924409
118683519
133552527
118703498
118542087
116651326
116393378
102534810
1030379076
133482847
118780247
124719791
118580876
101053061
129303666
118835076
138367310
129305332
136223753
116801298
1018974563
119827557
117465429
118855492
118752596
138282021
121292916
1018528644
119152355
102574995
1073898172
137797648
118769189
1012372820
1037541030
132197634
1037539907
123119200
121043878
123004780
118711555
118711520
129032824
1012769232
119127997
118711547
138772398
1055539697
118512234
118936301
118554948
137400799
118831860
118767240
136434584
119454041
118810812
118977601
118636677
138630933
10037381X
137977182
1037240464
129906697
118780921
104123303
119024284
116853700
108926268X
142409464
100175333
123887569
118603426
119418428
105120755X
1069693502
1020069163
10094891X
174157746
1089222874
116909226
116487690
104376279
118784811
118669079
118680749
142577898
119029022
100351549
102430837
135671280
118518569
124615074
133495299
122080963
119242745
1141104245
136778461
118746928
121430022
118794396
118712179
1055677569
117677256
1012177009
119214644
118557556
12930963X
136722016
138407630
12018544X
116865636
131598635
104235136
130552216
117027022
141238585
118928848
139992723
115082056X
1132221005
133248836
1018386130
104347775
100503225
124890024
12433072X
128964421
118712306
138772517
118712284
102111553
140832165
131600974
118639927
1012130258
118501763
131821571
123073189
189547286
1023034883
137537980
121675432
13887073X
136302440
100019668
12433539X
100124232
1014385547
1017514445
1034667300
129970530
120108801
118660071
121819620
119371286
118665642
11952600X
119142511
100091695
118985957
118557971
128692782
154184934
118832328
13877918X
116138157
118879804
100541275
116478217
116503610
136293468
118682946
100793037
120996359
138364052
11895623X
1055620109
1036568199
140171975
118538209
1051191262
104355964
123388368
122523806
123662427
101016603
1013553780
134290429
116739355
128692839
102485461
13252743X
1012270874
136535402
123033101
124681727
1024977935
100162495
124779581
100949746
120417820
100984886
137949839
119432072
136170153
136679668
134207149
101865619
118991175
189443383
121110559
136154409
101661912X
122265505
118727370
119172003
119744791
130080896
120178664
1017854718
11944755X
137950187
131557793
119543052
102547629
104349409
1017479054
129864374
173328911
124210155
100223354
119393239
118868322
104056428
13630236X
118052632
138926603
124346715
118712683
123164729
118883313
12225290X
129033480
122760441
119169002
1055705074
139098038
12124816X
119327740
1051189446
136449484
128474599
124237118
138096473
131568949
100269761
104337478
118609440
119827018
118712497
13769783X
119539101
10410371X
139929797
118765116
136302408
1081321512
100995810
132884402
118752898
129253960
174152701
185133487
1035147491
104188936
1076888720
138591067
118801708
130460885
13765359X
121321207
103143998
119559552
1037532945
1112624880
1112478264
119872463
1051202566
124545556
123426391
118643479
118636685
118557750
118787314
118013289
134290100
1157680399
122479955
121166570
129822280
120805413
121616878
118555308
136311385
10404750X
136816428
130830941
119193531
101975074X
118766384
122803574
1013801768
107049979X
121357643
122461282
115868984
173328822
104094737
133651274
1089922159
118512722
118622390
118703102
136000266
121345394
140456171
118608533
137703856
118838415
119059428
116427191
1034727877
119012073
120912031
118911767
121731308
10110331X
17335212X
130459720
119413280
118064835
123216036
129627593
118505386
116133139
116146532
131582461
118687069
120149869
120150883
100314260
118828371
11894780X
134225333
121433595
121067939
124751946
11874089X
116608382
1089093233
118837265
1013720075
123359384
118636960
132461706
103769544
118951106
118533495
124756387
124598250
11951091X
121998665
118729152
128653426
1020210362
118883151
118835335
11880880X
118849506
1045999083
117044350
117195499
121123545
118659669
1051203414
100112056
123338557
100835503
116702982
11873069X
120616041
118766988
115664823
100031358
117699683
1173336869
132420627
135962773
1012264491
102375526
118541013
121792412
1024951316
104338768
1067070141
118042475
1037572998
124839754
138904855
118803417
1121140874
122372840
122052919
115772316
136311601
123001935
118607936
124984495
118610260
11872424X
116751878
121334813
123158621
100118747
1037515471
118600621
139263047
102305617
120532549
1015518605
12207288X
1017400733
102239452
121129292
1029213739
11858815X
12006703X
118906356
143239511
1109812361
123512166
1012176924
118712365
1033697974
139151788
118971301
124983324
118856138
119218968
118712381
141990716
130818151
119019906
101240577X
119550016
12851941X
117103950
104352558
142334154
189428449
1029078092
116028203
118712373
100031900
102358710
132619946
101093713
102111588
136293034
118844296
1051203317
118958461
1036153053
123771137
123073537
129465313
121261530
115878181
124422047
132684365
1037640489
132044218
1016726643
118991302
118564420
122321758
104268115
117592692
122846303
1037532171
119519887
12869713X
1012769178
117295671
121782549
119273950
1037575245
100029752
102816964
118985760
119100320
118042114
102117470
1071837869
1024401197
122187806
118549553
13344399X
142519073100307671
132640562
124778666
104047631
118977695
120762382
116502193
173311180
100228895
118758896
129253286
142027898
13593088X
120371006
1025457498
133419800
121410005
11871239X
117195510
136302297
136302270
132254948
136302203
136263585
136263429
122848381
102574472
118971271
1170190553
1075322707
140012176
11924179X
1114516562
140677488
138772444
100006000
134289560
134291077
119273187
118885405
1048292142
119135574
140489533
129033162
137950500
12896359X
102529655
118861875
1037505816
138870608
142557560
119333678
101229725X
139538143
118557769
140605282
1017854629
1045262579
137976917
130490296
10435903X
124651399
124223443
130224014
130387975
121678547
118712403
118532340
120097249
1112341498
104198419
115749438
118772384
1051150655
1070473863
1051172314
1031390448
100364993
116450231
116391839
1037519604
124670571
1082574694
1034185284
118737104
1097761983
12884888X
122766644
131762583
122428358
1037566319
121463222
118507923
1055684603
1037498925
11864159X
133275140
116450274
1033145963
1147411069
11897128X
143399322
1012858472
118837036
118889672
118083775
118570293
1078433836
12112052X
121734862
1012387283
116596899
131383337
130266019
102367639
124763812
116370831
141562005
101740089X
117281867
136889689
117214388
118550950
103750223X
122027248
124583466
116320494
118866109
129577766
116520531
116179260
103036504
118909525
173230091
136290604
143436287
17386015X
137093799
119099233
118823795
119358352
135913047
136234364
129182362
117452149
1019727187
119196573
118533355
129103705
129895040
1051207428
132742616
118603353
118604872
119473690
123975131
124038611
100401139
172307953
119272040
101031424
13685043X
119519909
118928929
119489635
117346608
122162528
100673783
1024203778
1012850072
1151581399
116174978
102399531X
128963816
116767685
133271439
123185793
102571872
118734393
129269832
1024785424
137344201
13754121X
12486130X
123325749
129789127
11952452X
139063692
128405198
11877073X
117118869
116744324
173326579
143096389
120564807
136446604
129863858
118610066
136851401
1081678852
130475475
104282193
1106886755
120913755
119477386
118976788
116145072
118911759
118911740
129734608
133522490
123168392
117605352
11888039X
136325602
138328056
137967756
118939483
118695304
118852329
11850553X
129765031
123771102
1077271921
140935290
117677337
137080611
1019767537
124381200
119473674
118688146
119504979
142504688
117384224
100811833
12914942X
100231993
1089335636
13143604X
124859836
118712616
134053362
138779511
119521296
132590220
119813785
136203264
104083565
116867612
118576879
129047015
1050473639
11883553X
1053450915
1037550617
132929503
11888042X
137602766
174144679
131822632
118880292
100863892
118712411
138566763
1037517725
120168103
1015426026
142414875
116977213
129674850
133699714
173330525
129271241
132446707
120709023
1035101963
132680424
118505211
118507621
121670015
118540238
122162269
102834652
136976743
138773343
102292906
13797938X
11918530X
189437820
122062043
136263526
10095023X
10254266X
118501070
133238172
116288434
13412474X
119244071
11850522X
100948391
100948456
123705525
100123511
173353991
133578224
129204668
1019645512
1170191223
138716471
138772541
118515128
118517287
118820125
100948545
18668455X
118518534
116118547
119640600
118557831
119538989
118521330
100360483
12468520X
100949401
143998498
119207605
100956750
135684625
1150720395
102529000
128662034
129114359
118528165
128641835
133960285
11852870X
118879251
104057408
121801845
1051190754
118829122
121675602
104360402
118900943
1013094417
124855946
118557866
137939213
133688445
121384403
121669203
136137687
118542451
138805695
118543768
137305842
13623139X
1012269817
102529787
122104978
119506858
119695812
133768651
189476486
121474968
172862612
136263569
103490101X
128606843
1034904914
118712519
10100706X
107218835X
102498008
100965105
118561448
137846177
121679535
116175222
189413824
102507554
104244534
1187976091
136006868
104364106
118727265
116956852
124014364
101838619X
136722148
102547157
1012284840
118730606
137126816
100977251
1019508590
1020677430
135980852
138773394
104303751
11890700X
136478417
118905090
119546477
11709711X
13629362X
124630480
119784009
119199351
104119160
118558013
133807886
118641913
12496933X
1144420318
118744658
100076386
119059851
117533254
11910010X
100956777
100949274
124583105
102423636
132678128
11721793X
124577008
1073315797
118712705
118760696
1151046035
119620022
1089530552
118798979
1072187361
118621009
172420091
1144224217
118642960
104081244
119049058
118642928
17312724X
1075684986
137086997
104119713
102959927
115713727
119861429
121197832
120907321
102085281X
122900987
102507368
120139367
1138046264
118712713
119369826
10070882X
100950477
100187501
157139794
100730272
117545988
120661675
116414650
158555244
101956640X
189505680
115511377
1170191037
1034914243
119441721
11877624X
118712454
104119594
139995382
138631212
1013085426
139152156
137977247
132204614
123113695
102837422
120013320
1013725697
11883102X
1014944821
118558064
1170191975
1051179866
118712551
139012869
100950094
11871256X
119182998
118712578
118776266
118557904
118557912
118557882
140489894
118640941
1020049901
129042951
1034717618
119271508
100950744
121176703
116750251
115104216
105119590X
1035148447
133662748
12332565X
118998285
129855944
11876134X
100364853
133287785
135708869
102439362
116471123
116473894
121117103
11854019X
118547356
130579017
118552244
18954600X
104241721
1012282112
117042234
12195188X
137899750
118609459
12089419X
100673430
13061744X
124288502
1037496663
100712398
118713132
100364829
119334739
129372870
118532707
104336560
129765872
1037510267
100841708
104206543
137980116
172930146
132045281
11909990X
118713175
1027251722
172878128
119472120
121957586
124651267
116311894
118558390
10428708X
118558404
136668690
1012769186
121678563
173321151
118713183
12048160X
137058179
129786829
118553364
118956795
121018253
129344567
137737793
137058209
118787977
118828363
132834057
1065412347
116957255
118502573
129958468
128994088
122191803
137787324
1034913867
1034701673
104292210
12089243X
118579703
118558684
137046219
118558714
118528696
118532863
116929634
118714082
189416548
118852027
121123553
121400719
11922285X
118714090
118955314
118749978
133679446
118712926
129700347
11857342X
118783297
11858314X
118822950
129845981
1139850385
12399876X
137947321
1034915959
124288561
139713255
118723049
102182213
102440174
120210053
120189348
137950950
118720910
118560050
116957433
110811315X
116123907
118661957
119335409
129017906
1034676555
104206527
132159147
171935284
116231203
11872715X
119393379
138328080
1012364879
118617273
100342094
121782891
118560026
122880579
13784526X
189561572
116159391
118720937
100636209
119013797
189531762
119204940
119155184
11708882X
104189509
118545906
101078854
118955403
177443618
11688410X
11612363X
118560158
117681660
174160410
118560166
1035531623
133732703
117436216
1073656233
11949812X
117449091
118726285
116972815
1012274780
118560034
10044220X
11948529X
10427817X
118720856
118560069
118776797
118640119
118630938
118925059
120082268
118776746
118560085
1020799404
1052803903
119036037
119442647
137735804
100442234
119006855
101509758
118560182
119475979
128393327
116650885
116830425
118720953
118635298
1019761954
120713039
118560190
118720961
129602582
116031433
118720902
118560093
118720864
118560107
100736416
118560115
118776762
118818252
137078781
118720945
119160978
118560123
118560220
118640127
1012270173
118560212
118886770
1080062904
137808070
118560425
118990217
118719807
137808313
118923412
118649914
133251608
105118830X
116182857
118800108
104125594
117178632
104223820
11711006X
104236752
118754149
129290874
119268108
104357738
104333197
1060332736
138794804
122370554
119335530
129832065
1022919377
137951248
11856059X
118575430
135671086
137808607
116729406
140581456
118560565
135664721
137838115
121612872
118905120
118890298
118619705
118581465
11856384X
1013328744
1147219516
119509628
118638459
119541408
118842676
1011737906
136409881
13705856X
1058669710
118565125
118713876
100939341
137951566
136418600
138775591
136421172
118713957
118842897
136418856
136418902
138490899
119560313
138775710
136421024
118519891
118670077
136420818
135684439
14281380X
119659018
136197655
122215516
119444453
1072172151
102426597
140012052
1034594079
117195381X
140735828
119710579
118713930
104044772
137785410
1172740437
138439249
136684386
1030492891
128749997
129199478
136729193
137100264
138341079
118735411
129059587
137951493
118893009
136418988
141263385
136420796
1149829028
189553383
136418570
140264531
137951795
100964850
136418686
132204495
136689051
119169657
136420753
118769197
119832895
129900184
1018531610
124642888
118565109
138775249
133927229
119308339
137951396
118713906
136449522
121506533
118713949
138775400
1166972445
119143089
136685226
136574750
138775516
136418287
137951434
137058624
118565079
136418473
13642113X
119282534
140742859
136760295
131820923
1017854742
118984152
143324667
13641916X
118713892
118868381
137346204
1114516953
121488713
136689752
118565087
102531153
143920006
120798417
118987852
173285252
116557583
118565184
118715011
100157009
120162989
118596551
1051200741
136169937
12479727X
14307928X
137311699
1048292495
11856806X
1139401912
122504852
141183233
137312350
137311796
118725424
1019410795
13411714X
137312407
1051188717
122224817
119300648
172511461
118725866
13840559X
139142797
118522132
10095135X
123621089
137939612
10254977X
1074843339
1076054749
11872617X
102498083
118799452
120435241
189412054
118853082
118751867
107224635X
11943881X
100951945
136029418
121967220
118571710
118727486
119344475
118727494
100951902
120175118
118640437
119180413
118727508
1096255588
137821387
1072300796
100951996
123304784
119045850
119657902
118528718
124223435
10423508X
119685485
118979248
122813871
137780028
122721519
129038393
136020631
129305170
130434728
12113900X
1187689785
139481559
101985630
1017379254
137645104
137305958
1037649605
101947064X
118584588
129270253
118649361
118571869
132963892
118571877
118571850
104089512
136648320
118678965
123891116
118564927
118938363
137082118
118827839
118727664
1172042187
132374587
117285854
100952089
1030355304103493872X
118779869
1030310416
1179287177
118628380
1034943898
117407186
118728482
11872861X
1034939416
137954581
1034941720
130875791
13795252X
121037398
136742238
118573608
131649035
137966814
137959710
12238671X
137945019
136648185
131773135
136993974
1121534619
116161736
1089685726
118536028
118800310
126790612
117751901
119512165
118631853
12498780X
118666843
131850334
137275706
118626000
119545209
137954387
104224266
137954522
104104279
118729187
129595934
115649735
116880880
136123341
118780514
118826816
118574515
1114749427
100952496
12232319X
139643753
119332671
100116043
119462737
172024986
119292203
118896156
120065398
142807427
118774077
189553758
118574701
118522582
124229239
118764543
100952305
100952313
102507260
102507589
12025218X
119485451
119485427
13852825X
123987296
13795462X
118817736
141317817
137956150
137083963
1025575865
137956061
13795610X
1172755442
124585183
119026724
100938132
128426616
118729446
118640658
137956630
118574876
102507597
100655378
12155743X
119015757
136155073
122883268
137964501
118905171
140775684
119082381
1017854831
130256811
1075830125
137957068
137636229
133929426
1074843991
138230838
10409592X
137957548
119097958
122886216
1076187609
129040770
1017473560
117267899
13795624X
137957475
118627120
118888536
118697781
101076614
1089916116
1021753750
10418339X
119523159
10418342X
141057815
143629093
100952429
118574884
1058562487
100952518
119431386
118574906
119392895
102223262
118863746
113795297
100952135
128716770
136720706
118574965
100952526
118911333
118780751
119021854
118574914
118729462
123011884
118574957
118729411
119398613
119229625
116876433
102922854X
100335608
124700470
119272334
102119538
10211112X
118729381
102507600
118729500
11872939X
118574930
118780735
11872942X
118816829
118729438
118574949
132375508
124621643
1048483568
143944436
118729640
118734555
136648258
133251683
118522590
1024273016
121689719
11955111X
119809257
1051200644
118575260
137959478
118575341
118729748
136275648
104085630
120291312
14316029X
1052846947
10251206X
116986417
104113561
156355116
137965729
119144646
104176784
137965168
100952674
120063840
132647109
102512108
118971352
118576631
142707759
136500269
105616333X
130390666
123676916
153715723
118640879
118781715
116237309
118730827
119174383
118730819
118731076
128980109
11932069X
118835696
1051204577
1037509978
119498472
11883794X
118520814
189541121
124165931
174127251
118951203
140846425
129199494
1035180928
137339291
1035170388
118730983
123011892
137568479
139150129
1099340799
124166105
1031116966
14113335X
121735362
137351682
100971377
119170531
129360449
137351585
11857776X
1019685069
136224067
118577808
1018388818
124166385
137353766
11949213X
118577824
104116277
118893289
136645224
130518476
137259670
106786007X
118781871
100976905
123055113
118818449
118921584
1018388095
118820788
123625408
120004879
121123731
139009221
118927426
1025032381
118891138
121349217
122069447
1051175925
11917426X
119447568
118990209
12003994X
116660317
119497875
104201649
119446715
123195551
120091453
128881534
102341435
118577867
136649467
128996811
123158656
121978796
118577905
1052707262
1041692242
100953018
119082373
120869861
122498348
13736296X
115378863
13736301X
13614716X
119511339
118693077
117576050
10412427X
102322694
137363028
121463435
137363559
136857086
128963832
102512558
118977636
141293187
137363575
118971298
119476533
139585435
136231535
118578278
13716324X
118578308
119209314
118944053
1051216931
120247305
118516507
118829157
118677446
11949356X
118681826
1048306313
122479971
173338801
1051190606
135999928
129016489
121246124
136780016
118690655
102120242
118983415
121539059
122606353
173284388
118723820
116258829
119059541
1041269072
11703780X
118575449
129149586
189557567
118590111
118641751
122372972
1092575510
118731270
12397903X
1107785820
12161753X
12275297X
172546109
119475898
139543236
119097028
118782215
118892983
118578286
12290141X
12945236X
1090113595
122830644
119640619
129305774
121456935
130930571
137969023
119254883
119162547
118892142
118731726
137969007
137399189
118731718
101455135
122112598
119528096
121620468
119400839
119602008
134125878
136670407
1051189454
100964664
119113309
118688219
131934333
118533649
118537288
118542907
120955628
119703637
118579029
104183225
118559273
189532149
1016530463
128930616
119779633
100279090
118749234
174386656
101236478X
118766074
1022722506
172890462
173335144
118731823
139632905
116218363
118719173
119442620
115463097
119363577
118581090
1020202300
119805855
118935364
123213843
102513694
12394631X
120664852
118991280
116384476
118739794
118693697
137111150
129798592
138039429
119265427
119369117
115518207
128596619
118774026
117339679
118805886
121633683
102393834
11880099X
1017716978
120710102
117751588
120291371
1037570871
124577598
122899482
115775854
118766651
136664318
101086245
118579398
1033555673
124576915
11623296X
120667738
101008090
115524991
136350208
10030673X
1072379503
1025919653
118579355
118579371
118579428
118579347
11857938X
11857941X
118579436
130261084
118838113
120532611
138596999
118782711
137727429
1194678726
118601563
118579401
137130945
118896059
1030399077
143957341
118579797
120266318
140578390
137111916
137111878
119064456
1124713212
137112009
118579924
131770934
119063085
13712497X
1074851412
118782908
123611911
136772013
1029271437
13390055X
118580248
137996209
1012177548
138612854
132281880
12161980X
118982508
118552716
119120712
116228741
137196520
119747162
137952643
129044342
138387362
128549084
100745628
138252750
180594621
136995349
121193993
11700846X
1029300666
119475936
118971328
1047208296
118663143
172632641
118580884
136026559
124879837
1028082215
116881247X
118685147
130514861
1058228412
173329535
136138195
118639528
118710109
120866153
173338747
119735474
139978623
119747189
118928074
121589811
1018595937
119812207
173329470
119067099
1139724819
119421259
1025140648
118802186
100626459
133183181
118631284
134121260
139107088
118771175
116387726
135708524
120166089
118715100
116294086
121984907
101838622X
119056151
104282207
103358231X
101343045X
119197804
128774398
11916955X
18941149X
138419280
12143446X
1153353709
1051216729
121537420
100954073
118736515
11858412X
102305889
118584138
1020091118
119063905
137568398
116503289
140520538
118826018
122073177
118580744
117437441
12949030X
1029801983
118586408
118787233
118956957
120935902
11871290X
102203216X
118575775
1055198792
118868365
116946296
119288249
1023535424
139762574
132073706
138559848
100229506
1025836715
118596047
1056133287
174157754
119609630
118718452
10415926X
118617737
102438099
138233160
138245657
11921587X
118588095
10283637X
118645056
100075657
1034668633
1065057288
119526506
101279685X
119629992
119650363
135743273
138243875
113562996X
136029973
133312658
11852979X
1051191300
123233119
136049508
100954812
118773445
139363599
119520494
118588109
11905762X
119238683
124246869
100378374
172299691
11936090X
12910082X
11980123X
13824474X
118754122
1051199212
173328938
123437393
100954979
138519900
100955355
1019470240
119874571
104169923
1082577723
118939459
173179258
143959565
118588044
138244677
1150721502
118588052
118734903
11878627X
100955223
118734911
122561619
103920552
100228550
100955622
118588567
138257434
173363490
1022360906
139364323
118735632
118735659
118588850
118735640
1179310950
138277532
138275874
128347708
11859074X
136731686
100955835
104213752
119545411
138275750
138275580
115399658
100956149
11686091X
123590531
10095619X
120212897
118089579
136667430
142776386
118569945
100956254
137983689
118697218
1021206849
124602509
117220515
123164664
137609353
11949129X
118590898
115399755
118590669
138793476
118590677
138011656
138011672
11874786X
122417690
118594214
118692593
118738712
18940972X
102838984
138459681
119144107
138461252
138458286
138460744
103115099
142734624
121465497
128644796
13845969X
129514365
143346741
13802328X
189424958
1036795373
13619768X
133535479
138461171
102610792X
118590790
102536880
140490078
128868619
138461104
138459517
122190270
137417985
1074878094
1034710850
120146177
138459789
1050781767
136732607
1038109728
10095636X
118805967
124868878
138461120
1051177022
115835008
116821523
1016530471
129305154
138459444
140253092
118590758
138457700
138459290
118738739
118738755
143961004
118590782
13879376X
11878742X
138459703
1013117948
13948003X
138457735
12343792X
121110877
119486849
118738747
138461031
11902568X
138330301
136177468
138461236
1059225395
138460884
138459363
123676983
138459460
142734527
138457794
137964218
118590766
14396111X
136610269
138459711
118905163
123679117
101237189
1035106825
138457433
118590774
13845972X
120163713
123612829
122721004
118965387
118962329
122567404
142734349
14273425X
118839381
11883939X
121486338
136139531
1107561639
142734691
124104428
142372358
123425697
143033220
119768151
171993438
118751336
119468220
118626647
1023534681
11873931X
100957021
11859186X
100957048
119143801
102518882
10095717X
101521405
118681524
118529013
117545600
117070335
129299405
119694069
131456709
104348054
136782221
118819542
1042730490
136426492
118751875
129872369
119128330
124783449
117300853
1028817827
139828303
118739549
118789880
11923212X
118592068
118789899
118739530
117367788
131497189
119105144
173298508
136000002
118891863
118590251
124806937
115540040
1011811340
120037238
118052640
1036247554
122019687
101217414X
124720501
118660012
122781147
122781139
124571905
129102091
13861475X
132896710
1019308338
1074202635
119714000
119713985
119713993
118556045
124642896
1019724390
119543044
119071665
118774816
1112757368
100220851
12396685X
189421975
124366783
118787950
138749752
140417931
102732343X
103078711
104349778
1011737221
118609947
122039157
102519331
173357954
118642790
102839158
129073601
118768654
118768662
118771051
12112424X
122731913
13874999X
174340206
119519968
13014889X
1013108116
11730638X
137631510
104380217
122837339
11860354X
129270172
118524801
140656235
143975463
136582990
11859334X
100957935
11850004X
116279354
118923927
118518836
118828851
128841915
1089211988
118684329
102842736
119386291
103474562X
128932805
131894188
118729209
118729195
10030981X
13088829X
104298308102477795
132131412
118928171
118047388
117218316
101919263
123289262
129891738
118763563
1051201721
1147244286
139833463
1051152410
121583287
119557843
118593854
1179216504
100233619
130029963
118503618
124543979
103089543
135671795
116229209
139291679
140677348
128469110
11864162X
128770244
116392428
118955802
124980600
119223740
118712012
136144233
123380464
123622409
136325017
1019764767
118580485
118586971
11873475X
1025872142
100958427
137798318
119340542
138302529
1016931271
118900420
119536455
101599056
122441044
133922138
11629633X
116947152
118954768
118797891
137307454
137305435
119476258
138413525
118549073
122189558
118868829
121538443
11859382X
139291210
102324212
138720894
119548763
1035114429
118791877
118593862
115462562
102359121
135926122
1021088323
118593943
118593846
174325223
118593870
118742175
118753746
124976727
103731526X
118742213
128667478
133862399
138777497
1051197708
128521295
130236330
117416487
118593951
102778264
172307333
1043461345
13796644X
103117660
139914161
124878997
118593811
119371588
1047589877
104207299
118742221
12930509X
129476676
1037541782
11656587X
118521721
101423209
118969137
118924206
118594095
115482261
118519018
118644157
102413053
1025646223
134015266
1067530908
119075962
117255726
118711040
123502160
118656678
118842749
11857616X
132310767
100249582
120266636
137872380
118583794
118768077
115482431
118792202
135958814
140711260
137972792
136419593
119385066
11879227X
115612041
118594540
11879230X
137034997
118594702
119232111
118792415
188010319
118792423
118594710
118792431
130652172
1019445181
100168493
118680838
116598360
121283062
136003559
128827017
173329241
11710938X
129268194
1018367292
117486787
1025907450
118595083
118792806
120624613
138062471
139286284
119025817
120234963
137665660
123621003
120912619
1112234675
131817132
137409664
131817302
131606565
111262466X
1017547270
123586771
137409575
140390545
1059225727
128736127
118596624
118793519
122924886
121535037
118544373
118620452
118590995
1035154064
141667648
11980235X
123046246
121885399
115390278
119740834
129306665
137526792
139083464
118743430
1052508286
122030915
118787756
119064324
10024520X
123620112
118575279
118597922
135629152
129881481
123109981
118820753
102827680
100386970
12219392X
1026226570
135973937
137974671
13911422X
118598449
139116869
119538644
1026066573
130588423
100245188
13961088X
11859544X
141804424
120128713
13901831X
139040331
104129484
131816977
118598996
104095962
1035120267
143152602
123162823
116637005
1035120801
139060871
120335190
123586852
118744216
1011811898
135941636
137974795
119806258
138110158
134064933
1112234160
11803412X
121116964
119067218
136611427
1038855373
1054369658
104380349
118599518
119463652
189450495
13731759X
11859964X
118788299
1017626618
118788302
13909623X
118837079
118796380
118750127
138081964
139132422
103115145
1076279597
144046881
118600273
118744917
129054941
132227940
117731528
13567204X
11901954X
1051192293
13948941X
138932190
124157947
118641972
118788698
1074965558
139132600
103115188
102500681
139132767
118928872
138114358
1019469994
1076399851
138334978
118601040
1027073689
118508636
120013231
118677071
118986309
124771262
124112854
118601474
1121015204
1019407514
128565101
122355474
118789058
140243356
117667919
1089821220
121234622
11860211X
122008499
12194770X
117006378
118828282
13922565X
107641480X
124124119
11865330X
128962771
18942110X
139529063
141730668
189439823
103156968
136857388
13806363X
139310819
139485287
138063532
118603744
137797834
138062161
137797923
137797877
140852085
115710264
118501089
136456529
136456448
119510049
139484752
102157774
102501297
139485724
137432119
1193063205
138070644
118791478
138063796
119544881
122953975
1073292193
136456383
116678909
118610074
118814230
123676770
137976119
135958350
137798059
11860371X
128689056
13620161X
138794316
102296359
118603701
116678798
104254998
137797958
139310681
1017785686
11860368X
118508121
138063370
118908138
1037527399
14215749X
123737125
131768689
1112091297
143998560
136197590
103147209
137976194
136784267
115599959
119006634
139528814
118604198
115740457
131816616
116341033
1020742003
143805045
137976151
12388957X
118750410
136914748
138076804
100659381
136456669
119515016
118791613
129305758
124114431
119265222
138078602
100327729
121431584
116191260
120826569
120100428
118604988
121141594
101053495
116727985
139647856
103086218
103086277
118964593
118723464
138100772
119501600
100221734
119272229
118597051
108987748X
139579095
139154469
118661809
131895869
1136329994
133459829
130156612
121807835
119701111
137435169
118550535
121361381
119323931
1018762469
129295280
119791722
122146980
104220767
118794035
117492450
100634826
136600794
101718142X
122017366
118795988
118760386
1035148617
100960499
100960502
100960510
119601354
172577276
140009744
102389179
11879681X
100237584
118644963
1035147084
1050553268
137275765
10096060X
1025593820
12193084X
121091163
121349098
1015574343
138729832
1051205425
118797069
13805746X
123055385
133274675
136195040
1024687295
1034907522
143978462
1034942700
1072433893
138056579
119813092
138966141
118614053
13567042X
118797085
136863256
136457525
13686337X
13645755X
12066898X
139310169
119140225
1070948594
1021048364
189547634
129199605
136068332
1163277584
10307886X
103078878
103078886
1037736966
129822752
118614185
1011456230
119476525
118797158
118614193
118797166
118614215
137798121
118683527
137839146
133163377
117033391
117654108
129303984
1021269565
132292378
120079690
140067744
189498382
119221292
11861438X
123491487
11949809X
120912651
137326866
1035151812
1063049431
130638226
135904730
1012578399
128801352
123502721
136874460
136068499
136729444
139544488
1033653780
115877924
100273920
102613370X
141731206
128926759
118797352
116028114
128555211
129070750
104071702
119221268
118797476
118765671
1070045179
12353190X
118614983
133743799
118748750
118751522
129821780
138794383
143942921
136784968
142426970
138473307
115864849
172942365
119210983
1035147629
137989024
130519758
120998785
101421796
101263503
1024146359
132468743
104183438
1017769184
1026190657
118775006
119208792
118752715
104131373
10096995X
123900743
14398067X
119075709
135705789
130310271
104125942
118701533
100353649
119455889
129898082
118928937
128579560
12995392X
104238291
1136628401
125000081
1084358778
119167360
118791346
137278055
11897758X
10426988X
118967789
136195091
11861777X
119222779
119030039
13687570X
143906186
122199421
118617753
124987885
100961401
10096141X
118798707
118617761
172571863
118753509
100961355
100961363
1033717843
103105158
118619918
119208814
118757806
105120559X
123230810
1033960179
137799187
136863116
136585876
100961606
115739742
118801414
118621335
1044729392
10424187X
10096186X
1070720690
123616972
135930170
118838334
137993528
143981285
115784608
189411635
101103867
136863817
11862167X
103115269
100962068
103109986
1081303158
100962548
116198109
116384492
133682668
1036442438
118738615
144006669
1063719690
100962343
1019719427
126717540
118801848
129299073
119462990
118621777
123983444
11859169X
119455382
119164051
133419878
117751677
120736268
138421374
140039759
121263525
136788556
189407972
10314725X
122950747
13616014X
138302294
1112210261
118757083
138790051
1035159643
115726187
138619212
138619476
138794472
13178563X
138621497
118622110
139920269
11865747X
118622102
136428754
118518348
118681516
124577431
12858114X
118642766
13671465X
1012285529
142680745
12930784X
118585533
11641927X
118922866
18953155X
118752782
117370053
11902313X
1014955467
124939899
137206313
121924548
1018386165
117439479
118876104
116026103
1019470585
139853634
128935561
118846833
102561893
118600885
118639595
1051201330
119727439
141183276
139000135
116187263
118573624
121786927
1020116382
172713161
123623987
136975127
124884458
131570595
128597763
1016129106
119511266
119175533
121967204
1019561475
119354152
138018383
137326815
1035151642
138041644
129104973
136876471
114398305X
108961540X
118967576
136917690
139112324
118625357
118625284
136876676
1018595910
143983091
139112251
102138237X
129303798
101326570X
139885609
124596940
119656620
133495663
133507637
136789064
118694081
118555049
13830551X
138265232
137656890
140775382
136458890
139735224
119488027
119369923
115409335
118772295
11907155X
124612474
13593107X
135683637
1193134609
13746620X
137656688
1143985176
135931231
139112197
1072699966
1012177874
121765482
137799241
139112413
139112456
1012366766
11801563X
120438380
118763873
119499622
118625578
118803514
118803522
120014424
118625586
118803549
10240948X
14396156X
136069428
1050965868
120719681
118928996
121900932
11969168X
124212808
122113357
129149683
129287628
119823489
104078014
1037606213
129303690
118905082
1192400364
116962526
118905155
121778118
119059835
116186038
1043685014
12221532X
118767887
131785796
120117169
135979773
116562722
124408494
119490528
11943492X
100963838
138420920
128446838
126443688
118627082
139552758
137108052
118904205
120734435
118804723
13770769X
1074119363
100234798
121523403
118634453
1019911549
139140689
136459188
10246717X
1027200281
11876957X
118628542
118628550
118628569
1114507865
1025192532
144034263
139141103
118907425
104109785
119523531
136069835
118770942
141496649
138016666
141320044
119511924
103151141
115603549
119333651
11887652X
139141367
137421192
136197736
136864511
136721273
1035173646
1035169940
138038333
136198104
100632572
133606228
143984772
140080554
118628976
103146385
118629034
139579133
115796207
115796223
11588713X
136089631
143462938
1044188790
118598910
137839677
124149715
133508811
129754129
118806602
137803206
102557624
13948230X
118631349
118721313
104238410
136575188
101272243
100700233
118573063
139142975
133621103
104238445
1051194830
118749536
1049498941
137326998
135670845
14398487X
132781468
133280179
129306053
1067252320
10315700X
115876154
118632213
11880717X
137920539
117081051
101512853X
1162967315
104242957
118807188
120929015
115876715
115868488
118503820
118632337
1035134837
1051152704
119814277
139143645
1020903228
1035169959
13914370X
117338250X
138010331
122179250
117068942
118566520
12094989X
1076053173
137922442
1034669346
189422521
122697987
10236243211929771X
107002287X
118807293
137840039
102104387
104329394
11880734X
139144072
118633015
119430800
136198694
118807315
118807366
118738062
1073229807
137335040
118987216
118632930
118808753
174159714
132366126
139143904
136090532
13915650X
136198732
118517880
118512382
115532076X
116101040
135684714
133495035
119100754
103750092X
119661756
128912928
129007943
137354355
137324529
119555603
129976857
116710454
141277467
1080275045
137334761
137947356
1015705278
116151439
118778552
13787880X
189524308
124021727
101733210X
173337872
118719351
136449336
1158639708
124210651
118745360
121271617
1035134829
116371250
123173507
11871919X
120911167
128689900
1018362312
118771868
118561723
143058762
123965500
116941715
11668514X
143606395
117443786
136198600
102285977
136871267
118633058
118807374
138794634
141114320
138353026
122061454
11889658X
13879460X
136575242
118632892
135687314
131615882
10430376X
133272605
124047297
119475847
1034443135
140012400
118632965
129236799
13593169X
118643355
13365964X
132387336
118632922
118632868
119319217
100166555
120054493
1051471036
102462135
1136928375
118033824
116934719
137305915
118771841
118807331
118807358
118632914
117001597
118633112
101076983
139144250
118658972
1035169002
129026549
118772007
118594605
1031898026
1112608494
139144919
11863335X
118633384
118633406
118633562
118633791
102530262
118807633
118633937
135669774
139910964
1182551777
116347844X
1193143411
131547348
137327234
119650606
142025089
116735163
117375926
140638857
118597973
121538524
132312115
119476231
122941845
10241811X
118634887
102117861
101953399
132145898
104149256
122479963
1037500946
128662751
104154950
118773674
140584048
115394788
131496255
131526901
123583861
139731172
155013955
130486213
121479900
119799618
119305828
104107448
119211327
124734707
10413688X
104141018
119837692
1071833901
138528241
104196858
118584596
118046055
117033405
118678647
12323591X
118822748
118634895
131785540
118634909
118634917
139836039
1020283351
103153667
13894637X
100964257
1019685581
131786679
104194650
131347446
102473374
137527071
11579591X
13690985X
13154716X
118771477
136198767
119009927
11542931X
100964397
12449224X
124820514
122097998
100964338
119132095
118637525
173291937