#FORMAT: BEACON
#VERSION: 0.1
#PREFIX: http://d-nb.info/gnd/
#TARGET: https://www.hpk.uni-hamburg.de/resolve/gnd/{ID}
#FEED: http://www.hpk.uni-hamburg.de/hpk_gnd_beacon.txt
#NAME: Hamburger Professorinnen- und Professorenkatalog (HPK)
#DESCRIPTION: Im Hamburger Professorinnen- und Professorenkatalog sollen alle Professoren der Universit채t Hamburg dokumentiert werden (im Aufbau).
#CONTACT: Arbeitsstelle f체r Universit채tsgeschichte Prof. Dr. Rainer Nicolaysen <profkat@uni-hamburg.de>
#INSTITUTION: Universit채t Hamburg
#MESSAGE: Eintrag im Hamburger Professorinnen- und Professorenkatalog (HPK)
#UPDATE: always
#TIMESTAMP: 2019-01-18T12:20:12Z
#REVISIT: 2019-01-25T12:20:12Z

100301940
1011192942
1011234033
1011277239
1011349353
1011390272
1011520036
1011532204
1011571501
1011578808
1011580470
1011627574
1011665689
101184506
101184867
101185057
1011893223
1012100391
1012299198
1012375730
1012400727
1012409228
101256732X
1012567362
101260165X
1012724964
1012761649
1012771954
1012824438
1012857093
1012920003
1013073029
1013286952
1013290429
101332319X
1013370627
1013456173
101371047
1013766075
1013804775
1013864360
1013967348
1013968735
1013990609
1014192579
1014274710
101432453
1014344409
1014392365
1014431263
1014463300
1014568420
1014571308
1014604125
1014861136
1014872634
1014903343
101493673X
1015059449
1015065880
1015322921
1015388906
1015439454
1015551564
101558724
1015778666
1015830854
101591187
101597800
101597991
1016115423
1016493134
1017190178
1017367523
1017447195
101772408
1017834830
1017853479
1017936307
1018079874
1018165045
1018388605
10184347X
1018822909
1018861831
1018870571
1018871934
1018924507
101892938X
1018931996
1018953884
1018970193
1018976884
1019001518
1019152931
1019162457
1019173556
1019193433
1019220228
10194277X
1019495901
1019552107
1019561963
1019564989
1019578866
1019580690
101962308X
1019862874
1019905220
1020162279
1020241667
1020548185
1020641754
1020690941
1020696729
1020719931
1020725370
1020730374
102073163X
1020754192
102076726X
1020773375
1020784040
1020843128
102091064
102091749
102100942
1021199117
102133412X
102206090
102207752X
1022222538
1022652842
1022898140
1022925598
1022966421
1022967029
1023416689
1023579820
102367299
1023971178
1023993929
1024205037
1024205126
1024249190
1024268101
1024273733
1024287963
1024292800
102435944
1024364445
1024486052
1024523241
1024634736
1024635481
1024636429
1024637255
102463955X
1024640108
102467262X
1024682536
1024737071
1024781127
1024789195
1024796418
1024797007
1024799611
1024801411
1024812340
1024837289
1024837904
1024837971
1024847020
102485163X
1024851648
1024851656
1024851664
1025023277
1025108574
1025109546
1025124944
1025135644
102514385X
1025144791
102516895X
1025180496
102520526X
1025209303
102524169X
1025280784
102528674X
1025297490
1025297946
102530005X
1025318730
1025334329
102533471X
1025372352
1025389441
102540324X
1025427246
1025427327
1025450485
102545071X
1025469755
1025471636
1025496930
1025550668
102556443X
1025576268
1025644506
1025662490
1025678818
1025680944
1025700791
1025731581
1025747089
1025750330
1025780655
1025784499
1025822749
1025826655
1025827546
1025829263
1025856597
1025858638
1025901509
1025921003
102592144
1025922107
1025922395
1025938194
1026015324
1026017459
10260228X
102605186X
1026071615
1026090296
10261122X
102615306
1026253349
1026294568
1026308143
102633683X
102646244
1026494990
102649782
1026688752
102669759X
1026703700
1026707145
102673020
102673729X
1026762189
102676364
1026800242
1026809096
102681247X
1026813506
1026826268
1026852498
1026868327
1026872685
1026880785
1026897653
1026905907
1026924197
1026971756
1026994675
1027015042
1027017428
1027019951
1027022707
1027040446
1027040632
1027067948
1027080537
1027085806
102711007X
1027127266
1027149790
1027161006
1027164846
102716983X
1027171494
1027173055
1027188648
1027189547
1027191703
102723299X
1027248667
1027271014
1027271332
1027291473
1027292453
102729362X
1027301967
1027302297
1027302505
1027304192
1027305210
1027306551
1027307507
1027314260
1027322840
1027324371
1027324754
1027324762
1027326307
1027333435
1027335284
1027343740
1027344100
1027352030
1027355218
1027355838
1027362680
1027385249
1027401147
1027411983
1027412181
1027416918
1027418694
102743374X
1027434762
102743519X
1027458661
1027463312
102747008
1027471234
1027478948
1027499988
1027502059
1027502946
1027511597
1027521991
1027524214
1027527175
1027542131
1027554628
1027560539
1027563007
1027565549
102756724X
1027567851
102756791
1027578748
1027580467
1027580912
1027593313
1027599060
1027600727
1027601782
1027603408
1027617506
1027623387
1027624014
1027625509
102763706X
1027641571
1027647685
1027683606
1027685129
1027702473
1027702511
1027725643
1027733743
1027735010
1027739695
1027740677
102776438X
1027765556
1027777589
1027787622
1027790399
1027790917
1027810918
1027827632
1027841996
1027842658
1027853714
1027853730
1027853838
1027855563
1027954480
1027954995
1027968155
1027968899
1027971474
1027986439
1027988687
1028001959
1028017359
1028018312
1028023316
1028024770
1028025645
1028051131
1028054750
102805551X
1028057121
1028059396
102806098X
1028065175
1028078323
1028094906
1028095112
1028099762
1028107048
1028110081
1028374658
1028397615
1028398166
1028398263
1028398999
1028510500
1028513690
1028515758
1028520077
1028526229
1028535880
102853633X
1028593309
1028595018
1028596626
1028604289
1028641745
1028644809
1028671490
1028791585
1028793499
1028793812
1028794304
1028794614
102892707X
1029046050
1029048185
1029090963
1029091781
1029119082
1029138036
1029443033
102955824
1029566259
1029567034
102958074X
1029584737
1029587833
1029744572
1029788049
102979443X
1029808023
1029964912
1029971269
1030014213
1030029059
1030051577
1030055165
1030056277
1030058598
103012941X
1030131694
1030141649
1030344795
1030371717
1030375968
1030401098
1030559473
1030594031
1031117199
1031139311
1031139486
1031168451
1031195246
1031203265
103121268X
1031226435
1031228160
1031308059
1031327061
103144484X
1031480994
1031570179
1031634665
1031656251
103166081X
1031779337
1031801677
1031838007
1032056088
1032264772
1032670835
1032718714
1032834102
1032941170
1033021474
1033237973
1033245488
1033477834
1033846317
1033930911
1034064940
1034189492
103434496X
1034394207
1034398431
1034581104
1034621998
1034658417
1034702548
1034732706
103484993X
1034895907
1034899376
1034905333
103496237X
1035036304
1035072114
1035091186
1035103125
1035108569
103519810X
1035396777
1035422409
10359700X
1036125858
1036245136
1036291413
1036339084
1036400808
103679871
103741151
1037411609
1037799674
1037881672
1037901797
1038204232
1038385784
104131602X
1041609515
1041809107
1042269742
104229125X
104256176
104264196X
10427560X
1042801770
1042854769
1042902593
1042933049
1042964793
104354895
104381566
1044100923
1044135492
1044264411
1044344725
1044500298
1044568526
1044571373
1044588926
1044624248
1044740809
1044950757
1044952636
1045159603
1045319511
104533135X
1045392545
104544430
1045514411
104556145
104558024
1045620262
1045659118
1045742090
104589469
104604476
1046122088
1046124498
1046129406
1046183494
1046211609
1046356143
1046444409
1046478044
104659754X
1046634607
104666005
104678461
1046793039
1046828800
1046953710
1046955063
104710749X
1047131420
1047138727
1047175231
104725141
1047268590
104727764
10473311X
1047346508
1047388855
1047390191
1047431696
1047464772
1047465485
1047494493
104752378
1047565374
104761054X
1047611708
1047619652
1047637081
1047695294
1047702851
1047739569
104787458X
104793562
1047946092
1047964597
104796596
1047975653
1047981106
104798270
1048084582
1048110621
1048163172
1048164683
1048170721
1048199657
1048251101
1048252914
1048254569
104825545X
1048255808
1048255972
1048257401
1048258386
104825870X
104825898X
1048259293
1048259498
1048259749
1048259900
1048305996
1048307948
1048308227
1048341038
104868457
104901055
104901217
104905522
1049308115
1049353331
1049358635
104957565
1049655826
104974516
1049895665
105002895
105009024
105015652
1050227174
105032786
1050433432
105043403X
1050434412
1050434617
1050435028
1050435389
1050435656
1050435818
1050435931
1050436210
1050463293
1050470095
1050477960
1050532104
1050549856
1050550420
1050552792
105080810X
105089486
105098531
1051165989
105116661
105116688
1051225078
105122858
1051447968
1051541166
105166804
1051677386
105173916
1051764955
105183067
1051855373
1051950872
105198503X
1051995566
1051998573
105203697X
105204110
105215856
1052291252
1052367569
105248436
1052654932
1052668763
105301779
105303763
1053055749
1053056311
1053057563
1053057571
105305758X
1053058225
105306358X
105309052
1053091648
1053131682
1053145268
1053146485
105314951
1053157878
1053162065
1053162731
1053163312
1053182554
1053183933
1053236719
1053239890
1053241259
105324584X
105325203X
1053254075
1053254083
1053254806
1053257295
1053258003
1053258011
1053258763
1053260288
105326397X
1053263996
1053268459
1053290357
1053290861
1053291647
1053291868
1053291949
1053302312
1053302355
1053302630
1053321821
1053635303
1053751419
105412309
105415359
105419699
105431052
105455539
105494429
1054960526
1055031332
1055105387
1055107800
105512737
1055136789
1055143599
1055304908
1055363289
1055366881
105541311
105541987X
1055700145
1055714243
105573132
105573175
1055742565
1055744576
1055745432
1055799257
105591459
105592226
1055932216
1055970215
105599417
105599484
105600377
1056196440
1056528001
1056591919
1056693649
1056821507
105692794
1057159166
1057343471
1057362808
1057554456
1057570931
1057699837
1057738336
105790664
105812412
105817651
1058277553
10582870X
105836494
1058382446
1058406973
105902322
1059102668
105911822X
105918199
1059304465
1059431335
105947601
1059557657
105957003
105980528
105982539
1059827263
105987255
1059887290
106002876X
1060152169
106015443
106022725
1060261987
106036807
1060465183
106052438
106056670
1060706679
106089455
1060926938
106113143
106140590
106193856
10619738X
106198386
106198742
106202774
1062273001
106240242
106255991
106274376
1062750071
106285378
106291351
1063140269
1063217695
106336037
1063397960
106342525
106343041
106343963
106345133
106345990
106386573
1064553745
1064662412
106504274
1065263155
1066446601
106660268
106661841
106668722
106683489
106683861
1067253599
1067425608
106750995X
106763350
106802127
106811622
106814885
106815202
106815539
106816659
10681740X
106847481
10686582X
106877100
106915800
106937251
106959654
106960210
1069654523
1070232912
107027100
107038307
107038765
107040565
10707026X
107105977
107106019
1071064673
107106957
107193140
10719824X
107204886
107215640
107215934
107216639
10722867X
107265796
10727258X
107285827
107289822
1073145891
107351056
10735974X
1073874141
107398389
107414589
107478072
1075773032
107601788
1076126804
107618826
107663066
1076829996
1077223196
107742373
107756471
107805316
1078350280
107866862
107871173
107899868
107936577
107939029
107940574
107945037
107953366
107988674
107989018
108002365
108015157
1080336540
1080337350
1080337717
1080337938
1080338063
1080338152
1080338233
1080338292
1080338349
1080338411
108035689
1080399208
1080399682
1080400249
1080400532
108042111
108043290
108055795
108078426
108092666
108100391
108106624
10810706X
108110982
1081206403
108143007
108148149
108161595
108161692
1081656565
108170497
108230163
108238342
1083037498
108336212
108340511
108380726
108399915
108408086
108436659
108446743
1084483068
108456153
108457575
108460819
108498069
108510433
1085143856
108514749
108526623
108530183
10853572X
108547159
108556190
108598322
108698335
108705323
108716899
108725014
108752569
108776808
108782557
10879573X
108796590
108805506
108805727
10880786X
108812367
108824470
108850137
108858502
108865738
108879763
108892441
1089182619
108924440
1089363338
1089427913
108950948
108955915
1089583540
1089583583
108960056
1089673361
108976874
108990184
1089930291
10899354X
10901815X
109022092
109050592
109135873
109152530
109222415
109248872
109254392
109272064
109302877
109305698
109306066
109310772
109336739
109343727
109400070
109410181
109434900
109474295
109491947
109529383
109531620
109540212
109633792
109639383
109675932
109683013
109723457
109769384
10979544X
1098219376
109835409
109865960
1099142512
109975588
1099966531
110108647
110119932
110149505
110167473
110169387
110187571
11019487X
110208447
1102714356
110287320
1103254065
1103256866
1103257048
1103257161
1103257307
110325765X
110434072
110543521
110562666
110583329
110609549
110609921
110612817
110621638
110638247
110674375
110702298
110710843
110763882
110779509
110784642
110785991
110828178
110837827
110840437
110842561
110866274
110916999
110918541
110922034
110940342
110979192
111048486
11107861X
111094488
111197112
111214076
11128399X
111308712
111312116
1113550996
111359937
111384656
111416949
111430232
1114321591
111440599
111441137
1115753010
111623782
111638623
111695589X
111698855
1117141586
111747597
111763428
111789001
111813441
111845823
111879892
111882826
111923018
111976480
112037860
112061761
1120951828
112122655
112151043
112170293
112181384
112203345
112212999
112223672
112328865
11238241X
112430031
112447090
112491170
112559174
112562647
112575048
112624510
112802370
112825869
112832245
112841104
112885594
11299878X
113015887
113071612
113099886
113160909
113176686
113207069
113266863
113284934
113285604
113349734
113411928
113435444
113446373
113456980
113522134
113549687
113570988
113584318
11361151X
113717512
113782284
113886489
11392352X
113927428
113952678
113968655
114012636
114014477
114053766
1140808818
11420585X
11421154X
114223912
114250308
114294860
1143064119
114349010
1143992717
1144006309
114429316
114441472
114443440
114468656
114476543
114488908
1145311059
1145311555
114563527
11457779X
114581363
114608148
114610479
114616108
114631220
114674515
114678405
114699682
1147389594
1147433577
114745331
1147497230
1147529760
1147674108
114782997
11478972X
1147906017
114807256
114811741
114828253
114844712
114875987
114921652
114936773
1149550112
115040838
115060219
115184635
115242082
115282572
115361693
115365443
115375783
115384782
115388729
115391274
115396756
11540144X
115406808
115416730
115417370
115417850
115424105
115432256
115435433
115436111
115437320
115438459
115446303
115448934
115449418
115451544
115452079
115464727
115468897
115483810
115489681
115496262
115500111
11550074X
115502343
115510133
115521429
115525300
115531149
115537686
115541500
115542906
115563636
115570403
115573445
115577254
115581405
115584846
11560510X
115607870
115611142
115611193
115620346
115622640
115623078
11563195X
115651977
115654925
115665196
115697403
11570132X
115706771
115711740
115719539
11572219X
115722661
115725717
115726225
115741690
115749683
115753303
115763686
115766588
115767134
115777881
115780521
115781986
115793348
115794956
115798234
115802967
115804943
11580935X
115818219
115818626
115823433
115834516
115836365
115843663
115852174
115858059
11586055X
11586508X
115868283
115868607
11586895X
115869093
115869131
115873732
115874917
1159793492
116014067
116028572
116050675
11605199X
11605753X
116057807
116061111
116061707
116067527
116087420
116096667
116112832
116134690
116152451
116162309
116168617
116184426
116205822
116205857
116224096
116238011
116259655
116263032
116275790
116276657
116280778
116293578
116295007
116312211
116320931
11632564X
116331399
116333723
116334142
116337427
116342773
11634766X
116347961
116362693
116363339
11639806X
116398221
116398310
116415312
116417471
11642463X
11643757X
116447311
116459530
11646836X
116473665
116511370
11651356X
116520981
11652636X
116529563
116532467
116534877
116540192
11654502X
116554754
116560029
116564830
116592877
116595140
116601035
116609125
116623861
116636351
116678674
11669064X
116690658
116705752
116746378
116747668
116754354
116767294
116810785
116820799
116822201
116825863
116829583
116845694
116849479
116855207
116855266
116864281
116869356
116871806
116874651
116881046
116891432
116915978
116923008
116938978
116959819
11696118X
116967943
116984724
116986301
116994010
116995742
117000957
117001228
117003824
117015709
117018074
11703455X
117038164
117076783
11707733X
117086134
117089044
117104035
117114146
117117110
117129194
117131024
117131636
117139785
117139939
117182826
117183148
117185515
11718859X
117194093
117199311
117218960
117233757
117236012
117236519
117244406
117249335
11727318X
117273260
11728629X
117287180
117291803
117315850
117321249
117346845
117352470
117358835
117360031
117371351
117374644
117394491
117404039
117412449
117415677
117429201
117449903
117471410
117473545
117487120
117492779
117521604
117523054
117525146
117531529
117549673
117566179
117578681
117580228
117583286
117586226
117605301
11761050X
117619930
117638617
117641014
117656194
117659010
117673803
117679801
117692069
117694681
117694886
117707600
117707880
117708038
117708046
117708348
117708445
117708712
117708836
117709441
117709468
11770959X
117711322
117711381
117711438
117712450
117712469
117712655
117712663
117712671
117712779
117713325
117713554
117713597
117713694
117713708
117713929
117714151
117714402
11771464X
117715026
117716782
117717126
11771755X
117718017
117719005
117719609
117719765
117719900
117720119
117720518
117720577
11772078X
11772128X
117721328
11772288X
117724025
117724386
117724483
11772467X
117725854
117726214
117726788
11772680X
117726826
117726869
117726877
117728950
117730459
117732613
117732737
117738719
117746843
117747645
117753491
117755052
117756725
117756776
117757691
117758671
117764191
11800266X
118002961
118012150
118012169
118014404
118016806
11801871X
118022393
11803281X
118032844
118043943
118044257
118050273
118050974
118071963
118075470
118076264
118078321
118097539
118100203
118102206
118105094
118117726
118119494
118120530
118121162
118127578
118128833
118131400
118136224
118140132
118144944
118145622
118152262
118154346
118156004
118162152
118163000
118170953
118174924
118174991
118177532
118178377
118186868
118188356
118193570
118193791
118202138
11850410X
118504991
118507214
118507982
118508407
118509284
118514415
118515314
118516205
118517120
118519522
118521543
118522116
118523236
118525018
118529080
118531174
118533282
118533681
118533991
118534033
118534459
118535463
118535900
118536680
118536974
118538462
118538640
118540173
11854604X
118547542
118547925
118548662
118552783
118555731
118557327
118559117
118560409
118561928
118562991
118563971
118564382
11856546X
118567128
118569104
118570188
118572814
118580892
118580922
11858538X
118588532
118590170
118590332
118590685
11859107X
118591568
118591878
118592122
118593153
118593420
118593544
118596381
118598791
118600168
118600699
118601318
118601881
118601962
118606379
118607073
118607340
118607545
118607634
118607693
118612913
118613995
118614134
118618415
118621017
118621025
118621947
118622013
118622749
118625187
11862914X
118629913
118630717
11863383X
118634194
118636138
118637487
118650300
118654039
118655523
118657852
118660551
118660888
118660926
118661760
118661833
118662805
118663666
118663801
118664123
118664530
118671960
118674625
118679112
11868003X
118683918
118686518
118688472
118688723
118690558
118692798
118694758
118695649
118696459
118697803
118698192
118698435
118698567
118700359
118700545
118702602
118704451
118706683
118708317
118708961
118710044
118710419
118710613
11871130X
118711857
11871273X
11871337X
11871368X
118714171
118715178
118715623
118716689
11871970X
118722530
118722654
118724185
118725386
118727443
118729705
118730738
118730894
118731378
118732935
11873329X
118733397
118740377
118740814
118743031
118744275
11874545X
118747878
118748114
11875565X
118757512
118758098
118758640
118759590
118759698
118760475
118762842
118763407
118766228
118770063
11877140X
118772325
118772759
11877302X
118777394
11877753X
118778072
118779508
118779958
118782800
118786814
11878756X
118787918
118788949
118795406
118795805
118797786
118798758
118805215
118809040
118809504
118809717
118811312
118813706
118814478
11882130X
118822829
118823507
118823914
118824090
118825712
118829033
118830945
118831224
118833502
118835459
118835823
11883701X
118837745
11884122X
118841300
118841688
118850873
118851489
118862715
118864610
118867962
118869108
11886923X
11887795X
118890433
118890816
118891553
118892800
118893181
118901559
118904930
118908383
118913417
118919458
118922432
118932446
118939882
118945157
118946420
118948954
118949241
118950096
118959638
118975781
118976249
118976427
118979280
118983806
118987704
118988654
118988980
118993410
118994425
119002132
119010313
119016710
119018780
119025310
119025345
119029006
11903722X
119045125
119045133
119045575
119046423
119046555
119050730
119052709
119057603
119058480
11905955X
119065053
119071304
119076098
119076926
119088002
11909312X
119094126
119096994
119102692
11910296X
119106965
11910802X
119108054
119111314
119114046
119118319
119125927
119128322
119130769
119131900
119135647
119135884
119137291
119159120
119165449
11916549X
119168227
119169835
119190850
119194864
11919855X
119201771
119208148
119208903
119210797
119212900
119239973
119241781
119242567
119243776
119254093
11926532X
11926854X
119277735
119303396
119306824
119317265
119320665
119320819
119325691
119340526
119343002
11935313X
119362007
119363046
119370107
11937305X
119374552
11937580X
11938163X
119405121
119406063
119409593
119423537
119424541
119425432
119434571
119439204
119442817
119452758
119455331
119483556
119483726
119485370
119487160
119488922
119490080
119504472
119504480
119524775
119533030
119541742
119552949
119558882
119560518
120022125
12002554X
120029537
120044897
120045451
120061074
120062798
12006667X
120071819
120073102
120075458
120089955
120092395
120095114
120099039
120109077
120112434
120118823
120120038
120120631
120121174
120124327
120127431
120128845
120137585
120142244
120144174
120156881
120167697
120176076
120177048
120191679
120195364
120198584
120209187
12021086X
120217937
120221543
12023355X
120242311
120247283
120248212
120260115
120261294
120263750
120264323
120267241
120268558
12027129X
120276860
120279177
120281600
120290561
12029625X
120296993
120297248
120303000
120308665
120310791
120313499
120315475
120316757
120318741
120342790
120346443
120358247
120372177
120379074
120379317
120382695
120384132
120391376
120415402
120422646
120429306
120434040
120435837
12043993X
120444437
120444666
120446987
120451980
120460769
120463342
120468239
120480190
120485389
120485591
12048773X
120489880
120498014
120501767
12050183X
120522322
120522357
120532247
120533413
120533650
120534819
120536382
120548402
12054850X
12055268X
120554348
120560488
120565609
120567202
120576562
120577925
120580101
120590751
120595575
120606380
120606771
120617374
120619873
120628821
120639718
120639734
120648164
12066531X
120665786
120671980
120689391
120695170
120704501
120721260
120722763
120732572
120732645
120733188
120747731
120756730
120758997
120763362
120764563
120767929
120770334
120770873
120778068
120782618
120783460
120786699
120795124
12079795X
12080994X
120811448
120814714
120819856
120831619
120838184
120839393
120840529
120847841
12085452X
120858827
120863820
120874466
120876019
120880199
120885336
120887711
120895609
120897970
120898837
120898993
120902060
120902982
120904284
120928590
120933381
120942127
120950057
120961032
120963191
120965062
120967510
12096841X
120968428
120971925
120976501
120982501
120987481
120987678
120995433
121000575
12102010X
121021017
121021246
121030083
121030709
121032590
121035824
121043444
121048683
121049744
121057259
121065693
121066894
121067211
121073548
121081990
121082814
121085651
121085988
121086496
121089975
121096939
12109913X
121103749
121108872
121113396
121122182
121122433
121144615
121146928
121147029
121153010
121153649
121154998
121156133
121158772
121168417
12118899X
121189163
121191982
121196011
12120488X
121208249
121216926
121225305
121237680
121248933
121258890
121264599
121267652
121269450
121272729
121281256
121283461
121291340
121292797
121303861
121305945
121317374
121318435
121326152
12133497X
121335097
12133516X
121338290
121339610
121350061
12135749X
121371646
121375366
121383075
121387712
121390853
12139686X
121401162
121401332
121401367
121405621
12140563X
121409759
121416119
121416453
121447936
121453049
121455483
121466833
121475905
121482286
121484521
121485528
121495434
121507246
12151644X
121521664
121526208
121533336
121559726
121560686
121566773
12157153X
121574717
121581144
12158366X
121585026
121594084
121597431
121605884
121630005
121630390
121630641
121630765
121638227
121642429
12164717X
121668363
121681076
121685438
121698351
121703800
12170923X
121711005
121713083
121735524
12173921X
121740811
121749959
12176186X
121787737
121798739
121801837
121803589
121809234
12181727X
121820580
121823326
12182439X
121826341
121833127
121836339
121842738
121849031
121853330
121869458
121870448
121872769
121875105
121875377
121877485
121882160
121897699
121902137
121905195
121907031
121914240
121926303
121928535
121936678
121962865
121966313
121972917
121988678
121988937
121993981
12200342X
122004051
122011384
122021355
122035097
12203760X
122043219
122048318
122063449
122079183
122096932
122097521
122111559
122111710
122111869
122116631
122117808
122148487
122158792
122159330
122168038
122192699
122200470
122206029
122211596
122216326
122220234
122220528
122222911
122223470
122230558
122230558
122231376
122233476
122236165
122238648
122251687
122251903
122255186
122274989
122283619
122286553
122286626
122294149
122313402
122317785
12231817X
122320859
122323394
122326202
122327586
122341805
122344014
122370821
122371550
122386027
122406338
122411986
122427823
122429427
12243109X
12245491X
122456831
122457358
122465172
122489624
122490800
12249301X
122497325
122497805
122499379
122500075
122506510
122507665
122543173
122550528
122551370
122552741
122558316
122560442
122570014
12257933X
122579496
122588096
122598466
122605330
122611314
12261965X
122625951
122635892
12264090X
122645030
122655028
122662628
122676939
122681487
122688414
122688511
122696123
122717686
122725069
122725255
122726294
122728637
122733622
122744063
122746694
12274683X
122750470
122759230
122759702
122763602
122767683
122769279
122769384
122769759
122777948
122782127
122786777
122788176
122796756
122802187
122803086
122807618
122810856
122815343
122826434
12283299X
122844505
122863615
122875702
122875907
12288034X
122881273
122886879
122894715
122909763
122920627
122931149
122943759
122944291
122947576
12299163X
123011655
123017394
12302384X
123027861
12303115X
123044464
123050189
123068606
123077737
123083915
123084741
123093996
123096812
123112060
12311246X
123114152
123118115
12312557X
123140188
123152836
12318231X
123187656
123205190
123205581
123216486
123247780
123247985
123261899
123279933
123294452
123310849
123323487
123323525
123323614
123339383
123340527
123361974
123365481
123375398
123389313
123399505
123406188
123429048
123438101
123445779
123447135
123454301
123456878
12345753X
123460220
123473594
123474183
123485673
123487145
123487579
123489830
123497663
123511747
123517400
123519977
123554683
123560012
123570190
123571065
123577993
123579228
123582644
123583810
123588731
123593174
123598532
123617804
123620058
123620309
123629268
123642906
123643449
123656265
123664810
123673178
12368398X
12368806X
123700272
123700655
123712076
123712084
123713293
123732530
123734746
123746191
123749964
123754674
123755085
12376372X
123774853
123788366
123792118
123801540
123811023
123814154
123814685
123823552
123827604
123832268
123835917
123838541
123843189
123844541
123844797
123854210
123854830
123858461
123886589
12389672X
123905419
12392541X
123926572
123930251
123969379
123971373
124001726
124003532
124004067
124008739
124022804
124026451
124033075
124039375
124044255
124055257
124072739
124077935
124085954
12408804X
124092578
124099017
124099416
124099513
124101151
124117082
124129498
124132464
124136796
124137512
124146139
124147321
124147577
124151981
124165192
124180841
124196497
124199755
124202918
124205739
124211232
124217060
124229948
124232957
12424601X
124248578
124260969
124267033
124273068
124308872
124311814
124313825
124330258
124338569
12434030X
124354696
124361854
124369804
124373909
124381863
124390803
124402488
124406637
124418058
124423957
124428665
124454429
124466559
124468012
124471706
12448381X
124488420
124492223
124511953
12451331X
124518648
124520987
124538118
124553621
124606687
124625193
124633536
124634907
124644414
124648029
124649750
124653545
124671918
124687997
124692451
124694527
124697178
124705022
124707335
124723322
124731031
124767893
124769101
124769772
124778992
12479274X
124807348
124819052
124837506
12484071X
124858112
124867588
124876013
124877745
124886280
12488752X
124891691
124900275
12490856X
124909485
124916546
124922244
124927637
124934870
12494034X
124941370
124942571
124950620
124955428
124962890
124962971
124971024
124976387
124993745
124994652
125009054
125106858
125269110
125409273
125425813
125581874
125605137
125615558
125689179
125805799
125828713
125891156
125969341
126005125
126059721
126170304
126212805
126261253
126439389
126525781
126672113
126673411
127002634
127002774
127534822
127564276
127621830
127704930
127735593
127810668
12794771X
127998772
128020431
128079894
128102152
128119853
12832869X
128366729
128378611
128393246
12839482X
12839840X
128398418
12840180X
128402237
128408162
128440333
128442336
128442840
128443596
128456809
128475021
128505532
128515929
12851874X
128520094
128525681
128531363
12854404X
128547995
128558881
128562811
128564490
128567961
128571268
128588853
128597518
128598662
128620366
128623985
128626321
128644001
128675144
128676590
128700343
128704241
128722290
128727152
128748419
128749601
128761318
128787457
128801859
128802790
128804556
128806664
128811633
12881909X
128828404
12883322X
128846631
128853883
128860081
128868031
128873671
128897996
12889993X
128903872
128910356
128919027
128927321
128927941
128931256
128936835
128937750
128938013
128939923
128944358
128957433
128966645
128967749
128972998
128980893
128989939
129009652
129032018
129033723
12903892X
129061069
129075884
129121215
129124192
129185698
129186341
129189529
129189995
129192570
129194905
129220477
129228796
129258164
129258458
129262331
129262447
129263400
129273589
129281336
129285463
129320293
129328898
129351717
129361224
129363251
129369209
129373451
129383104
129385107
129394114
129413461
129414611
129418536
129422150
129442844
129452157
12945317X
129467235
129498483
129547824
129576972
129578703
129591688
129592927
129594997
129607983
129631205
129640875
129663662
129671517
129713325
129715689
129766933
129775495
12979225X
129795895
129859885
129892963
129895296
129912441
12991505X
129930717
129943614
129958867
129983829
130002224
130003506
130003581
130066664
130095613
130103934
130114723
130122858
130123749
130125008
130129178
130136743
13013838X
130145971
130194360
130218677
130235091
130244775
130258601
130299367
130327298
130335061
13034141X
130348473
130357944
130360333
130371866
130373192
13038500X
130402168
130402176
130425052
130448044
130453463
13045902X
130509183
130540609
130556629
130562483
130588067
13059024X
130615226
130655236
13083226X
130835897
130866695
130870420
13089608X
131358227
131375466
131375725
131383930
131387731
131387766
131391011
131407899
131410199
131439588
131445332
131453319
131497383
131516205
131519859
131530976
131531166
131531328
131546732
131547062
131550373
13155221X
131564323
131565451
131583581
131584200
131593137
131594702
131604511
131606107
131609106
131622730
13167837X
131691074
131699636
131740040
131740172
131779125
131811312
131812343
131834940
131835238
131841092
131885634
13188977X
131896911
131921754
131977997
131980955
131981072
131991787
13199820X
132007622
132015374
132045788
132053225
132077795
132096730
132099896
132107678
132108941
132110415
132128322
13212856X
132140632
132148676
132156601
132157330
13216549X
132170736
132173220
132186276
132197383
132201410
132207168
132228629
13225915X
132264757
132293749
132319527
132321300
132328089
132334712
132348462
132357291
132388480
132406349
132409445
132417936
132423901
132448491
132519372
132520389
132520451
132525453
13255044X
132552396
132562014
132595028
132600315
13260728X
132610329
132619652
132660296
132671263
132674548
132701243
132702347
132710358
132711346
132716615
13273060X
132738066
132753308
132756048
132798395
132802082
132818876
13288318X
132891867
132941147
132963116
133077888
133080765
13308339X
133140024
133157520
133176274
133184188
133225046
133235114
133235432
133257096
133279243
133287173
133301982
133329828
133359085
133387631
133418197
133421481
133431185
133445445
133457850
13348968X
133490378
133512959
133515605
133556239
133563618
133573982
133578895
133587967
133600041
133610586
133618250
133627683
133649547
133665283
133667340
133675106
133692183
133695506
133705625
133716147
133732282
13374678X
133757013
133769739
133797821
133802493
133836649
133850692
133869946
133892042
133893332
133908003
133922286
133966186
133977218
133997022
134009509
134021525
134030907
134052943
13405380X
134057821
134096495
134097858
134101308
134121775
134128087
134160657
134176936
134199391
134237110
134239075
134284976
134420616
135533147
135609526
135617839
135632064
135645662
135663318
135671477
135676053
135676177
135682150
135737869
135782449
135814812
135825369
135830028
135851904
135884829
135897459
135956862
135981727
135984629
13601609X
136085849
13613307X
136155782
136175961
136178049
136178278
136205380
13621553X
136216331
136232043
136245706
136260608
136304567
136322301
136354408
136378005
136427634
136510477
136558917
136632459
136636411
136643825
136661408
136670261
136675999
136686109
136748015
136758703
136773834
13678299X
136788815
136799957
136845282
136898467
136932657
136950213
136978223
136994334
137013027
137178468
137227922
137240694
137276834
137322224
137351984
137363443
137378165
13751607X
137530625
13753857X
137576218
137596200
137621116
137625650
137745575
137767900
13779293X
137820380
137822081
137823401
137846983
137858094
137878389
137886934
13789404X
13793856X
137944861
137969112
137992815
137996039
137998597
138087059
138115532
138210462
138232202
138302243
138376239
13837628X
138380988
138396205
138405026
138428409
138458855
13849102X
138538719
13862500X
138663696
138703736
13870421X
138704740
138713650
13887963X
138887713
138911851
138964084
139029095
139177795
139278508
139327258
139332731
139334157
139350748
139389814
139401601
139416005
139419853
13943318X
139445358
13947059X
139479872
139510036
139518150
139522379
13955081X
139687912
139688005
139691464
139698515
139699880
139706194
13973418X
139797319
139798110
139812393
139826025
13984564X
139873929
139889817
13990882X
139940464
140007776
140008926
140016058
140023488
140071741
140071989
140105174
140122435
14014336X
140158774
140333649
140348557
140349081
140389202
140464530
140538356
140544550
140544828
140589422
140598111
140609229
140631615
140644040
140716106
140769536
140799206
140824995
140825371
140869433
140877118
140908811
140909362
14091238X
140919635
140920560
140923950
140933425
140937501
141002263
141095024
141098953
141142863
141221976
14124450X
141253436
141311789
141312815
141339438
141472812
141474882
141482370
14148327X
141573023
141577312
141669853
141717351
141742569
141743514
141744383
141775629
141778156
141782412
141821981
141864915
141889225
141889756
141946288
141958286
142041572
142041769
142078212
142106119
142128821
142130516
142181323
142186228
142262560
142294985
142303569
142366668
142383201
142395110
142438103
142456195
14246659X
142521566
142530336
142546410
142570656
142575453
142593311
142642657
142659487
142710539
142731137
142765856
142767093
142808970
142822299
14283128X
142843326
142870501
142879614
142900125
142942987
142976849
142992216
143007009
143025244
143041657
143046675
143049771
143058509
143060589
143092073
143134388
143143247
143181548
143192728
143208462
14331534X
143350781
143354221
143417215
143432397
143434098
143441574
143474979
143479326
143508091
143519026
143521160
143530232
143530240
143539191
143548174
143566660
143566954
143578022
143633643
143700774
14371659X
143718320
143732838
143740997
143742450
143751883
143792318
143871846
143891812
14390342X
14394696X
143961101
143978144
143979388
14398263X
144041073
144041715
170030091
170030377
170030636
170037436
170041786
170044874
17004534X
170097447
170110699
170118541
170121747
170128563
170133028
170176533
170187225
170222365
170235483
170251349
170259366
170261913
170266672
170276198
170289508
170383431
170404463
17041728X
170439046
170441318
170476499
170480623
170543161
170544877
170571009
170575616
170586723
170588912
170632512
170635694
170669866
170687902
170814971
170849775
170861201
170872254
170881431
170919293
170924386
170933075
170945669
170969916
171009096
171150457
17115813X
171214498
171245350
171248120
171249623
171256417
171270517
17127461X
171282310
171294777
171304667
171385411
171397959
171413784
171435869
17144132X
171443683
171460227
171473507
171490819
171505816
17163473X
171638670
171704460
171866355
171900790
171918495
171946480
171947894
171949250
171952189
171952243
171978323
171980085
172005728
172013267
172036526
172040019
172040493
172043662
172048001
172048303
172058988
172060109
172064910
172076048
172079195
172091888
172092698
172098688
172113350
172113881
172115604
172117917
172120632
172124085
17213112X
172140153
172154111
172158060
172162718
172189381
172196000
17220951X
172212332
172231604
172269598
172275237
172292743
172293073
172297532
172309948
17231397X
172315476
172325544
172334942
172339723
17237068X
172371597
17237992X
172383129
172384737
17239161X
172395097
172397324
172400929
172415055
172427975
172434173
172436788
172437164
172445531
172449073
172455499
172455502
172466369
172467756
172475155
172477484
172483573
172503981
172514126
172523265
172530814
172583705
172611318
172646898
172659604
172666139
172681782
172688191
172702534
172712246
172718562
172742358
172746647
172753864
172765587
172767059
172776236
172796660
172812232
172827566
172844789
172845157
172863511
172887658
172920213
172995051
172997372
173012426
173025749
173038972
173042325
173049850
173093949
173096077
173151043
173192491
173196217
173197507
173233686
173273424
173332269
173408028
173426891
173430112
173497470
173516246
173521223
173544282
173578691
173859232
173920357
174072597
174082398
174091095
174132565
174276052
17437271X
188390545
188390553
18950112X
20868393
2275140X
25613260
27434606
33481696
47523329

