
#FORMAT: BEACON
#PREFIX: http://d-nb.info/gnd/
#TARGET: https://edition-humboldt.de/register/personen/detail.xql?normid=http://d-nb.info/gnd/{ID}
#FEED: https://edition-humboldt.de/register/personen/beacon.xql?type=all&authority=gnd
#CONTACT: dumont@bbaw.de
#INSTITUTION: Berlin-Brandenburgische Akademie der Wissenschaften
#NAME: edition humboldt digital hg. von Ottmar Ette
#DESCRIPTION: Alle mit Norm-ID versehenen Datensätze im Personenregister 
#TIMESTAMP:  

116008636
11632662X
117670979
128370416
118689150
116419032
119543729
11922853X
11635772X
118537202
118537229
118537245
1019730242
119005247
119467143
132106590
118689304
121377458
118537342
117672394
103090800
104238135
129360031
121243125
118537431
116410647
117672556
118689479
117672882
104197269
1055238727
1017019932
117673161
142724688
118716344
1067650962
100827675
103099204
117673498
100604439
120218062
116333758
116333782
118537636
116448415
118537695
17280129X
116465980
115367918
121225542
119025426
1013519345
104234644
1072538466
1072539489
1034737635
1072588277
137181183
1072539667
140098135
100140912
1078752001
100605222
1015287913
117678317
11647260X
116472650
118716581
116472634
102576351
116478799
116479043
116479396
117530476
100347371
11853811X
116499737
118538322
119186128
122392450
118803549
137324529
106765075X
118538489
118690426
116559608
1066658978
116562374
116563680
12905688X
119374757
119284936
129535753
11656587X
11869068X
119526611
11753658X
118717030
116566957
116571411
1076288170
118690787
100143350
118538705
118690817
119223015
116588853
116589779
136033881
1035463229
116590904
118557866
118691015
122773160
118538918
119096552
118717146
107896243X
124131948
116601744
159350808
116615427
118717286
136160476
116616601
116617152
1037584171
116620153
11754423X
116623284
12233020X
118931555
124075649
116625902
1027014356
11869507X
1042850526
116635460
118999125
118947443
118817310
117545333
116647868
1090259239
100488919
116649550
100288006
123952832
1053668740
118695304
120120038
116657812
118695371
116657979
1089757476
100149340
120936194
104255080
10014974X
116684674
11903705X
118966243
118852655
116685158
11668514X
116693614
118717790
118539973
100488625
118695568
116699124
117548081
117547743
117547786
118717855
116731974
118540238
118540254
118717928
131391593
116745509
119050137
116748176
116756624
13604784X
116756454
118696211
100138764
118537342
1159773130
116761016
188485554
117549088
119155400
133783006
121229637
101315872
118639293
116729228
11854019X
117550027
128911913
116788070
137524250
118540939
116737166
1035382474
116798432
117550825
124468756
100156991
1038205328
118541374
1072530694
118901397
116829702
116822414
116824441
116826983
128767685
116828978
118541897
1028626037
118718754
11755426X
121129578
119301008
118697528
100143172
133849368
119009412
116832746
121636356
132618109
118787411
136138454
118718835
120075237
1073840662
1012608824
118697765
116843098
118542257
116843209
118542265
116855517
189534044
1021252409
116856696
105543190X
1030075166
11686298X
104368721
104286342
11686625X
118718975
100146333
116868872
11864758X
118528955
118690450
118538543
118716913
128624280
118626876
104160268
118718991
116874732
118542699
118542702
117571474
128756608
118972375
118698532
116895160
117572349
100146694
11690190X
11690240X
116907339
116908327
1053084749
11854330X
120956705
116920556
116920645
116921048
128633662
116921846
116921900
118543520
116909404
123420660
1055130969
1055311602
189421002
1073366480
102459266
122295412
118699385
118543768
118699520
1052956769
118543830
118543350
104363266
117591599
119111543
116358416
118685708
115636978
1017214670
118685783
104095849
135878101
116396245
100346340
17207116X
11909715X
118531921
116413395
118683128
116413549
116446994
118532154
100796923
116426713
118686372
118683217
118950886
118686577
115755454
116464291
118686690
117505579
118532561
129966118
120995506
104123176
118683500
129836826
117507180
133567982
118532847
100132820
131788825
116499664
116500948
11895458X
118687239
136309615
117508241
121365034
118532499
116551445
11666777X
119034549
119294508
118533401
116584483
118691449
1046964968
117512184
117512214
116587342
119325748
116588578
117513210
117513601
119138085
118683969
118683977
118691856
118904027
1141645424

116630906
116631074
119156679
117514276
119237652
118684051
133432874
117519669
118534262
119022478
11666875X
116649089
116661658
116662018
118809962
119353210
119251167
118534416
118534432
116666269
104139706
11932170X
142176028
118778463
117528145
118684272
116643366
119019310
11853453X
118692313
116677635
118534572
118684310
118684353
124090036
104228458
120607751
118692925
118534688
119353539
118692674
118534912
118692844
119177447
118534947
118548174
118776754
118776762
118776770
11864064X
118574914
118729411
11872942X
118816829
118729438
118574949
118780743
11878191X
118577905
118577891
118586416
120881225
118743996
118586408
101921632
116719141
118534963
117536628
116746599
106920952X
104260106
136007112
118535196
118693123
119032902
116773235
124760295
100126707
116796634
119463288
136985181
118535757
118535765
118535773
11680856X
119225298
11853601X
119061228
116819790
115568808
129702501
118536303
118703315
118833707
118861700
117538752
116843993
119478757
116844329
119330555
116873655
116878894
116878967
118838881
123476240
122441842
116319577
116319585
118681508
116322306
100116523
133293025
1047289199
1055525173
100860923
119093529
137182945
116356898
119022486
101327900
1028951019
135745098
118529250
116382066
116408111
104335262
118688294
1057097594
118529412
104045213
116418273
116418982
13590448X
118529676
1072388766
1072388472
118638890
123882400
129058890
136924662
100121934
102005451
117499838
122894928
119507331
124533450
102573859
118530127
1011452219
131425439
118530224
116471727
105313892X
1079035451
100122434
118517449
11868468X
101454694
116496665
136779514
117500518
116496762
118530380
118637681
118687867
118687883
118529870
1079733167
119253666
118682180
118682199
118530585
118530666
118530674
117511501
118530720
118682261
116530286
118994263
102462380
118059467
100123848
1023932830
119059452
100805949
116568372
118703234
119161664
116568658
1047945827
11751246X
118685414
116569514
116569611
123180317
116574666
103568232X
116574747
1090493304
116574895
119517272
100129269
116575077
116584203
1056171456
131778854
100130186
124327648
123122228
116585749
118638955
119178931
118531379
102392862
118531395
118682733
124538401
1089241372
116611553
118682849
116612126
118682857
116612789
100468691
11661305X
116320567
125339569
116326123
1051161517
116326492
123192722
100169805
116635924
116638044
104123095
118587013
119174596
122063600
11909813X
172219663
117571660
118568558
118778390
100812813
118725831
116643765
100171249
100958656
118725920
117573655
118568698
119293064
11856871X
1042458375
117573752
104234059
116648759
130579556
117573981
118726048
116652292
118568876
104245875
117574422
118568930
118726102
116653582
1055412956
116662204
117574600
118726145
121278735
135545099
116669551
117583219
100582303
116678240
138980624
11887490X
1031721126
130440132
100300731
116728701
118569562
133027791
118569678
1029174393
132819104
118726536
11759511X
119053667
116737085
118569767
116738162
1089560915
1055364005
119352885
118726625
1034944479
118569910
117605379
119512831
117605824
119430940
116862831
117606650
117606782
117544531
1050543173
141667524
133095959
132420945
118570293
11857034X
12493434X
118570390
116848383
102639757X
117612952
115597824
140836896
10277241X
11761341X
118832611
116851376
116851503
116852844
116853271
117614009
112582281
119188279
122502833
117614815
100188141
118779249
100188265
116866365
117615633
116872128
117615730
119501317
116875038
1052872808
118571249
118571257
116878622
123007518
116890657
118779362
117635103
100121497
139964185
121895602
116900202
116900253
118571559
1019199326
117639826
171739612
11690948X
100830404
116911344
116911484
118779508
116918241
116918527
118727486
1027699383
118640445
100824714
119046377
1055256180
116943963
118998447
115705074
136648770
118571885
118727699
1104377438
174237995
117668354
116948078
131965077
104138289
104196661
117669849
118727788
118572105
136663338
117669954
118572121
117669962
119227711
102640122
11900240X
100185657
100188540
118572172
118651110
116958200
118572180
104165057
116822376
116962291
1037656865
1055358803
124505937
118572393
118727982
1055115668
12192016X
131650610
118779877
14095659X
118926217
116985534
118572628
123122821
100190014
116986239
139009981
120684632
118779923
10206783X
104196645
117671754
118572741
116997532
129115460
118828991
117000795
124798721
118780026
141713372
118780042
117026018
1077755953
104268190
118573349
118573330
118780093
118938525
117058777
100810241
117676179
117063193
118573527
117065986
117085405
13740901X
118573616
1053083335
101002149
1078928045
118573691
118780212
102415161
118573748
118780255
119008017
117676837
1181808162
117154245
117147567
117148261
117190756
117676853
118728903
12130969X
117632848
100371515
119409917
118780409
11882158X
135669731
6146035-7
120695367
118668722
121483150
119217007
121272931
1023943131
100024084
123302706
117217034
118574450
117683086
118744534
120350297
135699444
118780530
117227617
100194036
117683280
133287270
122824350
124429297
136155766
117190101
11872925X
118555359
123477794
104137932
118574701
117665665
118780670
117260355
118575228
118575236
118729470
118574957
118575198
1099960843
118729586
140769587
1055138129
11894522X
1089245661
102552746
117667609
118575449
117321583
120969572
1026308305
117300772
118548301
118973827
118575538
118575546
135670357
117332917
118890646
117670820
116013885
116033770
100504426
118559516
12148565X
102372454
116195096
137673299
118714511
11603890X
116195231
118559796
100168841
118640089
118560034
118560085
118560093
118720910
11859382X
13817797X
116061235
116061146
116186909
116061375
118560484
117495530
119167573
116066164
100169252
118714570
117495670
116067241
11856062X
143210920
116073349
118560751
118721321
1071658158
116141115
172681553
116091738
116141638
123069718
111248051X
117505935
100177271
118561294
1055096175
117509221
139982809
118721852
118561448
116295902
1055218041
140733914
117512230
118638076
136144101
151669457
119018527
116168862
116169613
129313041
1045721735
116174986
11617501X
122441281
1034288547
1055632778
104125225
118562347
118723146
11922139X
1029372136
116196432
124789056
10082451X
118723367
1088769926
116206675
116211148
128083859
136818110
124918255
102385289
100303854
117523585
116222409
118563211
118777343
102385254
116226935
116236450
140299025
116236590
124538487
116230681
121585301
116231327
116231661
118563343
118563386
11614095X
116235454
116240792
116240210
140942734
11856370X
12118904X
115726071
116258497
117524832
11626425X
136106803
117527483
118724010
116289228
116288000
116293802
119117509
124441955
116276444
117527858
115760431
104105496
1072699168
176326871
116309105
116310545
116310790
112171362
116314966
11909990X
116330422
122387317
116288728
118724320
118564366
132153696
117528900
101008090
118713930
118565273
11856529X
116295856
100526071
138978670
118777831
116300590
11856448X
122799577
120503433
118713507
102532265
1055599282
108794504
117537969
104178469
116342684
119156652
124329349
137183518
12005227X
101994076X
11634444X
118565796
1017902623

140294058
13710409X
13150794X
120274191
118715496
12493076X
118715534
102385890
116383461
116400218
11640034X
116400536
116389044
1053456891
12991097X
116515228
100200850
117714496
100203604
119286963
119505266
117550175
116548584
117579114
116566736
11884704X
11872469X
11919063X
116574801
116575573
119021285
1055125248
119379295
1073504921
118588095
11877820X
119213133
1050570316
137209312
118567918
118990594
115802029
116606746
118725335
11872536X
118725424
116611693
115674667
116611839
116615168
118680471
104209119
100816703
116592648
116592850
116611316
116627670
118725203
122266994
141027274
118775731
117603309
117032069
118775766
118556312
117038091
117036757
102423806
117603511
100501133
136252249
133922340
101312628
117049840
120508249
117050199
118556452
132606739
100289452
118556622
117065196
122526120
117039144
174064667
117611042
117611050
1055154469
118712594
117088838
130642266
1060678993
118557211
117739367
118711962
142856207
119105187
118557459
118776150
118557513
117615897
12387324X
118787489
119106426
142300276
117654426
100950108
117677566
117166006
119046857
117175048
118776339
117175412
189534257
117175595
116116218
172176409
11910007X
117182761
1055368698
117148814
118558404
132697661
118776428
119024284
119052881
102396493
117230316
118907441
118558730
118558862
117238333
100826857
118558838
117659886
117241814
119273624
139705082
11871435X
122769546
118556126
118639765
100351212
100351190
118555316
118555324
121466787
117129275
120196794
118971344
117139076
100362710
11855560X
118712586
118640003
118555855
136169783
120037912
119086549
118555995
118556010
103846756X
118605100
118835319
117212865
11721292X
1029112967
117212822
118797948
118516361
171029224
117640816
105759317
116349115
118699970
14225486X
119330946
118544381
118700162
118700243
118719807
1013158202
116378328
118829130
118719874
119056690
1034748319
11870060X
118700103
11854490X
116392045
119435810
117378208
118719947
119178060
100157483
116405503
117415065
140325506
11741512X
116405716
118545132
117415197
118545140
118701061
128740620
117415626
118720066
11641278X
111568870
10015848X
116420979
11854523X
116423536
118701231
116439777
118545426
116444967
137976844
118544489
116453842
102531153
118545655
118530925
118823663
118690485
11854568X
119411253
116461357
116461578
137081286
118545906
116474580
117495603
118648071
116476508
118546058
118720473
128896469
116490276
118546171
116502258
118701851
137823460
118863096
118546481
115357742
119523280
119237644
118709003
117503444
118709011
104351721
118546767
118773399
116521945
119059509
100576869
116527013
119034743
116528354
120811723
116540044
10416588X
119097125
120640260
118547305
116553693
116553774
172153204
117509027
116561254
140520597
116563265
116563311
1158903618
130652865
11656508X
118773607
116570199
118547739
1037652983
116604948
118547895
118709682
116658924
116659157
118548018
116659122
117513172
118548131
118550756
118548298
116673257
116674296
116675047
116675209
119543419
119502208
1055416951
116687533
116691174
11854893X
118908707
119142953
123365953
128868929
118826190
117516376
118549073
117516465
118773917
118549154
118656724
100162878
119093839
122957571
123487439
118580736
118710524
118549316
116722851
118710621
11751778X
118549553
100166393
187355037
118703714
118896512
4226498-4
118549774
118774158
118703765
118549855
119107430
124683738
118975641
119506610
118703897
118841920
116754974
119225158
1019175079
118550152
118933876
12513925X
1034909053
118550292
116768452
116765070
1031962115
1017964866
118560271
136924565
118729446
113795297
102119686
102119538
120165805
118703250
133272605
102285977
118632914
119021854
11877431X
118521101
119431416
1089456387
116786698
118774344
116792973
11855073X
137572263
116795670
118774360
118550772
1089456387
1057296384
118550845
118550853
137572794
102395543
118704753
100355358
1017088829
118704923
116893346
116896175
116896248
116899492
100499651
118817566
11855140X
118551418
115368302
11870527X
11934792X
119209349
141824182
119338467
123488893
118863703
116924098
116924268
116928247
119356015
118774662
141815264
121016048
116937939
115589104
116939710
116940336
116941146
116942630
118552589
118552627
118552457
118774700
120223325
118552805
116954647
116957212
118552953
114594570
100886086
116962224
118553720
118896156
14063312X
142612235
118553321
116975415
11855333X
130356514
119072149
118706926
1022925695
118774891
11698094X
117529729
116981806
118553569
116990325
116991593
116992530
172813670
118707094
116994193
129767441
117531731
1056149507
11753174X
117531898
120448440
100360696
119154951
172807573
117028568
117030600
118554077
118883712
118554107
1051477298
119036673
118554514
117053945
100294871
116696257
117046477
11894343X
117054933
118707965
118554654
118707981
136243533
1055125337
117056472
137741154
136213960
118554700
118554719
119247267
118554727
117061999
1055258248
118554735
117070076
129355194
100294065
11770590X
119045141
118554948
117051357
118775367
119223740
118639749
117074632
117074748
117075019
119437627
1054945144
119388006
118791877
117680842
136932282
117680885
100568297
10376027X
117339385
119344653
10404103X
100568696
102651957
118867865
117618004
117681156
119121581
119112639
130219118
118997955
118803948
118626167
118626175
1047871149
117355011
12435937X
117355666
118767372
118767380
119326701
118804030
117360538
138415188
1053086628
118626426
143611976
117369454
121345424
117369632
117369713
130687022
119116863
119269678
11944514X
118626574
100655173
118966928
1019766247
118804286
118768204
118626701
118768247
119436345
117398985
119462303
118818627
119049546
12399523X
119006200
1109807058
1055357300
117427543
118804634
119204282
117428272
10185918X
119475804
104047496
118627198
117703354
117437093
1055022120
118627252
100673252
117448109
1089913400
118634437
104085703
118627406
117464201
117464287
118768956
118769014
117471704
117472204
117487724
117448907
117489751
117433012
11880569X
119292556
118627813
1055420339
117705047
118908235
118908227
136256481
117495301
129648329
118627910
118627929
117450812
118805746
119288842
117450138
118803107
117267821
117267864
118625063
121430588
117280607
118625225
100683983
119052873
1112220852
13624582X
11729327X
11729277X
1036276139
124538673
102409420
118803573
119031183
118625616
117663182
119506165
118625667
172429315
120175622
118805371
118803638
120180502
118625756
118620452
117197408
118199617
122982002
118753851
118620606
117198838
118620703
136155693
1055162208
122302540
131519808
11722913X
11892642X
118801406
118620916
119370247
118756311
111527595X
1037535847
117249319
11880152X
122785754
104359676
104336609
115501142
117255246
117255335
119312131
13370808X
123227771
187135568
118621335
115598219
124538584
117273678
1073349365
117616249
11727514X
100625606
1076742904
124904688
132292971
1050516281
131898973
118621513
117624187
118801732
124538657
117300403
117302023
102407428
1031962530
118621769
118801856
100635520
118621793
122269071
118997165
119514303
109479890
115549072
118824651
118801937
187583633
117341037
118757199
1192713052
131395882
1088020135
102657491
118622110
11735192X
117351970
117351946
118622293
119543133
118622323
11897372X
1053262353
11862234X
117359602
117626635
138625638
143778838
118622358
116968222
119036495
12992816X
118757393
118622420
140045503
11737573X
118757490
12989432X
117376280
118867733
177725214
118758276
118622803
1059876264
129321974
11902327X
118622900
128613548
119073773
11762814X
115648429
139550313
118622994
117628204
100567177
122415817
1059434695
115630791
124859771
119326434
118623427
1079047778
121514935
118882945
118827065
119505193
117628905
118574612
1053162677
120492644
10065603X
118623567
117421995
118623621
12248567X
1076493769
11889448X
11763560X
11740926X
11862380X
117699667
118760866
117416959
117418420
100657214
118624113
117423300
1025141423
11880281X
12375514X
117431451
119159473
118624369
119315130
100648282
118838059
1140019635
118802941
1042607214
135685877
135930294
118624652
118624679
129956252
142837660
117439312
1089156944
117440302
1089613946
118793888
11671350X
117599646
116713593
171515749
117599700
118604597
119044595
122223284
119165198
118505084
118917218
118584146
118712322
118781871
130226238
1089479484
124959571
102109109
119314002
104352388
102109192
117593702
102425639
1049348915
119418134
11856014X
102479844
104304219
104239107
118750631
1028983891
118604821
119377829
143126601
116743700
139603212
1034586297
172109744
116759933
117600083
118604945
116763825
1050017145
118605097
119114119
1077653824
116766263
117618179
100269680
118605232
135843774
118673785
116780436
119242044
116800615
107351986
129039802
1037255569
118642189
118822195
118556800
118733591
118593323
118612492
123627400
1053300522
118640615
118794493
116804068
136792790
133301206
124251943
12202611X
1079224122
118794604
116809639
117619426
117019496
118804790
117020079
100397905
119241226
117619612
117036404
117021555
118605909
117619663
118605941
118820281
118804928
117088536
115635874
117091219
118606107
118748181
118606115
11709644X
117097063
119167972
11710082X
117620025
119048833
117102628
120598159
118606557
117109827
12209560X
11711135X
118754157
117111899
117112348
11860676X
117193585
118754440
115660429
118607049
118607057
124816045
117211958
117218545
115750126
117219983
139561935
117222054
117222364
118607308
1056064056
10111713-9
117228524
1055356576
117228516
11860760X
118754971
117267090
118607626
117267953
1055510524
118607685
117271101
118607723
118516922
105455952X
118607782
119353040
118755161
118607847
118755234
117280755
100329241
118795090
119074117
117282995
118607960
118607979
1053497822
118607987
104200693
118852116
118608045
117323772
11764353X
117325791
13810655X
136679412
117326798
117327077
117643718
117330205
118795163
117330485
118608339
100330134
117517844
11575105X
118608533
119233460
117496405
117506079
117510548
115825916
104277483
1029992142
104085606
136855431
116816481
138708495
100267904
11814538X
117644765
104117672
116836709
116849312
118609947
100268935
118795325
11879535X
1057058564
105302783
119071525
116853433
116857374
124243924
115799443
121009351
118759078
116911921
1187590
118610007
138186413
118610066
118729187
138413525
118795341
121990540
1030010897
116888660
117645281
118901605
138194742
118610465
116889462
104197099
100816525
118577808
118867148
125455283
117024279
117024384
117025143
130114219
11861066X
118795449
117045535
138215731
104296712
102856559
11876196X
117098108
117098981
120154048
120418703
117107999
101531834
117108278
118610937
117124354
1033076686
117123560
11712365X
118611275
118642286
100789781
104365838
117192023
104295139
1066166110
115754016
118611518
118860283
139252509
117647675
118611593
117285277
117321974
117140791
1135226849
117325767
100333206
115754504
117334081
118762834
118762877
117653470
173708617
123964172
1066480214
117367893
118612050
10591472X
118543725
118560123
118560174
118958445
101840926
102705267
118795775
117401722
117402915
122767306
117422533
113667302
112415040
118760262
11909360X
117654167
132170175
118612409
107454629
117458937
118795953
117462748
119473798
117462535
104256206
135642256
119369567
117654604
11765468X
119369184
117654698
11744555X
119328593
1011212978
172742137
11861276X
117655538
11745480X
125853092
117656070
104196408
118760696
11747357X
102405654
117474460
12473099X
139262466
117479365
139262482
138180881
117469564
118764470
117656569
118613154
119006715
1076631479
118764519
117472220
118613200
118613219
117473359
108931857X
129647705
11765700X
118796275
123501865
1089138865
119010259
1058506811
118764780
1014868637
118764659
118613588
1089103077
118613596
100336736
117459836
138430004
119050196
172371090
118613723
11762537X
1160051542
1055276645
117625744
104054700
119331802
118664417
118169130
123180392
117339504
122596595
132627701
119011514
119006855
117388297
118613960
13686337X
118614053
118614088
100407536
117373656
122086104
11879714X
100407641
118614185
11737797X
118797182
115360166
118614339
102405964
117386006
117386200
118917919
11861438X
100409067
117392200
118935941
121262057
137180969
139578447
118642421
118614576
118614584
104043857
11890812X
118797336
136156045
11895363X
117630489
140314253
117429384
104204060
118126555
119215934
117436615
1025450000
1055522050
13967506X
1028997744
117635197
118615076
117635405
1157514227
117441651
119476215
118797824
1052795455
117452289
118805193
117452726
115870288
122673646
118615270
117637521
1064898874
118748769
122613007
1025654390
118615394
117478571
123679788
128764449
139674950
118797999
118615688
135747465
117484369
1058937812
117648396
119056437
118531956
117485101
118798146
10423086X
124329810
128557397
117480088
118751719
118025309
118798189
118776800
119560291
119307421
11863982X
119560119
118713140
122752082
118925059
137353618
118890980
102835551
118593862
119186640
124759289
117482358
10409186X
119041626
1028653514
135926165
117492175
4460181-5
1020250577
1053507836
129252301
118751972
118751999
117491055
118616242
118752146
118616366
118616374
1055560858
117649996
104278285
117486639
119151871
1055314296
118752243
117486701
119278294
118938347
121762289
118798359
140632360
11907947X
118616617
117202770
120447614
118616641
118752561
11875257X
119208792
136156010
119535890
11721616X
172514576
117218111
1069141658
100340377
100561993
104196106
117225673
105900321X
1077888104
118617222
117240265
118617273
117241687
117490172
133449033
118617419
11900755X
10082708X
1055365516
118753355
117271578
118617737
117272485
100961223
118981099
1055102191
118617850
117276936
119335530
11861794X
117658448
129717134
117240125
133391477
117244317
117244821
119485745
117245402
117248290
118755285
118618172
103423742X
118755544
118755552
117286400
117286443
11944786X
121273644
1030515301
1053160038
1107048885
119305380
118755498
119079275
118618806
1055397353
117305308
121610403
100632025
101331169
118619055
117311936
117313165
117317985
120623471
119293811
132314797
1012469077
117345822
118619470
117350176
118988255
118799207
119007541
119290006
11879924X
12089419X
128789697
100277314
117363111
118619667
128875445
117364592
117364657
100827845
117365025
1048083497
117365785
117678481
122311221
117373982
11879941X
118951432
1055635459
120213648
119314924
124398650
141869143
100563880
117679003
118814834
117679046
1044799471
118757938
118619926
117383678
119475308
117384836
1052862586
1055233547
118758055
117386383
11875808X
104047550
139947922
118993992
117679364
117391042
1055168737
1048690946
1027459099
118597523
118787608
100385702
124418295
116322950
118597671
116323477
116324163
119049538
117686131
100386091
115599266
121648605
118597922
118641859
119016753
119059614
116327480
118787802
119004542
117686573
128993456
118598244
117686727
124519318
1025207254
118598279
1030563101
118597787
100387705
116335351
116335939
118787888
116337591
11859852X
116362979
118749218
1102171662
116363916
119059622
116364963
118749250
11636503X
100823548
116367636
118788000
116367709
117691046
118969420
123940796
128521341
118749420
116368705
1084663953
11769505X
118641891
118743627
116374276
128770201
116374594
118598899
116389958
1037637240
118641913
118788132
116391987
116392576
136065457
116397306
121783871
117719188
118599100
119027488
118788183
107050978
115358471
116399279
116399627
118599224
129593117
118748017
118825356
118831194
116444657
120861410
118744224
118744305
102651965
116428635
1073435059
122863372
100317278
116432004
118744453
118744461
11859964X
116436123
129226726
13622072X
118599712
118788353
100545580
116444002
11644407X
116444088
117522589
117522627
117522643
11644889X
122178998
1090012004
11878840X
1020731877
116450266
117522813
116450932
116453060
11645363X
11565352X
140169172
129906743
104254262
116457155
139110828
1053073798
119180510
117526770
117526797
140511075
103121412
11955951X
124490948
10261136X
117527157
120462451
118670999
137222106
124081428
116505575
133968278
116505990
117527599
118600354
11650918X
130592447
117531936
116510056
10032455X
1072381311
119304627
11653334X
119528568
116158379
100042910
116543671
119275147
10404778X
116545259
1041702698
11874528X
101365632
124496628
117532819
122873165
10276803X
129374628
172656303
120151448
118788892
118788914
120016222
1055522042
134106636
117533033
116570512
11860130X
124608809
115800093
116658037
118745468
122379225
11753322X
1038087457
1017597707
116576170
118834541
118601563
11657772X
118620614
116577924
116624418
115431241
117533777
104245565
116578491
120861828
1036479137
116580119
120121867
1047744961
116583053
118601946
118601954
116593598
104107693
1042042489
116596708
116581832
11879096X
172335701
118749595
116605804
104182156
129652717
129529265
116606428
117593923
116583576
117594261
115647465
116609036
118602640
119239841
116621249
116621257
120974703
116622784
116624000
118602721
116625155
116626062
104740248
116630175
119384523
11935439X
1053282540
117595888
117595896
118791230
118602985
118602020
104196254
1073430782
118603256
158142284
116641584
116641762
116641797
11879132X
117596841
116641924
118603299
11860208X
100261175
11666245X
116663529
137380135
11759699X
117597074
1072654784
118603426
119145936
11759783X
116665688
130411116
117598275
130800600
104055383
118602586
12477587X
11860354X
133639681
118955373
117598623
118603817
116670126
121618226
116670533
11860371X
115526641
116671955
13671000X
118750321
10434184X
116675799
116702664
104359714
141829850
118750372
121061892
100553966
118987224
119258064
11669811X
139547258
11879163X
12107966X
116710713
116711086
11759928X
122501268
118501860
118501852
119092085
118649507
11901663X
119455935
118560565
119459299
120899795
130271896
119098229
119459280
131883119
118588079
118739549
118592955
116711671
116711809
137976194
117599344
118737937
137913923
124707777
118681346
118790919
11631754X
116317639
120379228
118866737
118743171
118787497
118680315
118597396
119044137
118523074
118974076
117684090
121268837
131699229
14270900X
1031506675
1050551346
104774421X
101452454
139971084
118591177
1089207905
1055249761
143174452
120123304
102804516
11768001X
118591371
1081433345
118739069
171979222
118789422
116021985
116023260
117684511
116030674
117684724
118789589
11859169X
103088199
138709416
17352706X
118591746
139376267
118739336
119129639
118591770
119160854
100240445
116048166
104366508
116048875
118591843
140828362
124606989
116051833
101921721
11768693X
139028285
116052635
119034778
119515164
129818828
118789910
129078506
118641549
115368361
117760277
124060552
12476021X
128634782
118790021
116070560
105608104X
118790048
118790080
117692719
117692794
100820697
1050783298
1057646997
118790129
118790153
100246982
117693367
1055538410
119238500
1055348921
117693480
116077468
118592661
118809695
1048455114
119229692
118739972
119361787
1055296069
118936530
119118025
1050550404
116082038
1081083557
117698946
118994573
122625234
104134062
118592823
116091509
116091517
118790471
116091991
118592858
119115204
118592912
119408953
121035298
116108185
116108193
104356480
116121912
116121971
119234424
118593234
139166130
118593293
116138769
13313332X
116139935
116140348
118712411
118720953
118560190
118791621
118968173
100127010
118740792
120172828
123713986
14383200X
116167149
10434640X
116168080
133042448
118593706
115535896
102402396
11879177X
118593757
174325223
117685410
116174536
116176288
117685593
1089681402
118791974
118594044
117610097
1046880020
117685798
116178965
1032506660
100805906
116179147
11948496X
120388642
117718114
118792091
119316498
118854704
104225737X
119477157
118792172
117687995
118594427
104224533
119024691
104146451
136201172
139211624
18957142X
104226056
11768967X
118792393
118792385
102403503
118594702
118594729
118594710
118792431
118594761
11859477X
124087272
116203757
117683523
116205598
118942719
117683604
130434086
118594869
118594885
118594893
118594974
117683701
108935049X
120596024
118595083
117685062
118595164
11879258X
100259022
118595237
139216839
1140852663
11859527X
103086005
119551853
116250836
104208899
117688010
117688274
117688339
116261293
1018524282
118834657
104152095
118792733
119475979
118973878
100321739
118595563
124538533
143653091
105537132X
11859561X
117689432
116265671
10152982-X
172311403
13083842X
118595741
119209071
119420007
119054647
117707066
11626912X
118712314
101081715
118954830
136730795
118783866
117705039
136131832
118595946
117707309
116269855
116277211
118793039
118793063
119209993
116277688
117716235
131590626
118792954
116278005
116278021
118527983
105527023X
118793187
100230024
140897801
1102063487
135878721
119035944
1055583041
118793292
1068276835
115650938
118814869
118637673
1089119909
1018466282
1089119895
118651102
117505471
1089346549
118822837
1013384946
129884294
119120674
118688634
117742589
119285533
118535730
118535749
118535668
118552848
11869362X
118535986
118535994
119259745
11712298X
11870978X
118729225
118575155
104201401
118729667
119259737
1030502390
119276135
123774721
118751530
118798022
118626868
118632884
118632892
118633112
136679366
143961764
118596500
120995085
117697206
116289945
118557947
118793357
116290749
10424139X
139237445
117697516
104211520
131407341
116292199
118596713
118641778
118596756
124162878
119505916
100242855
119456915
116305991
117705241
118641786
118946811
118596969
1076508960
118597019
118742922
118742930
117705470
142918601
11770556X
141658118
117705667
12016583X
118597159
1055363785
116313692
118641816
1053517157
118742906
139052550
1089228090
118597248
118793764
124805744
117076082
117095877
119071606
118589466
119168901
118786784
118786792
117106690
100617638
1015947808
119375648
1021090115
117110213
118736116
141969148
118589717
100617921
12364769X
12808362X
11858975X
119115719
118834509
117120847
11712110X
117594245
104383909
117123323
1081727845
117123544
117123625
117594628
117605085
104353120
100541348
117605360
103710224X
1077876246
128096276
137691467
117139092
122629825
119357550
117139653
118916416
119196255
119184389
117145033
102401160
101930992
1050520556
104073780
118820214
117146234
121666298
119046768
118736590
1101588772
117150126
118590375
101068638
118893106
118747800
118590421
1046319922
115426833
12303566X
118686747
118579363
118534955
118535013
131412000
118557750
1089312547
118560107
130256811
118727672
118577867
118579398
119131382
143805428
115840508
117171387
117196134
119160579
138459738
117190721
118840266
117191566
118590995
100549012
118982745
117613002
11916129X
118738925
118786741
104279192
104274182
115774874
116880481
124682154
119444194
1019745800
119208806
116884061
136968503
116897414
104169095
116897678
100218199
103753932X
116898488
116899239
116900962
1014023890
129966118
117548510
118541900
118738240
116901640
119502410
134170415
11690254X
118586718
118586726
11878580X
104364440
1053299877
119263297
119080893
118586939
11691064X
142902284
11952354X
118586971
118586998
117016462
100220738
116961848
116962259
118786008
116961082
101325940
117583294
1050550560
118587544
118734725
101534558
124686400
1055230467
117583987
117584126
1037543653
118587684
118587668
116995629
115581073
107641917
1037555171
100170943
117584452
118786113
1033383473
118587773
118734784
116999489
122841948
119330857
122855949
128794437
119312700
126628173
1108316344
138233993
118862146
118734911
119163594
1055368140
117023639
1047744074
117585998
117586153
100228070
100228003
118521764
1055713794
172287030
118588540
1053233434
117056529
121331407
117576573
189489510
130125873
117059250
105337920X
11706050X
100535062
1074743474
13162945X
129880019
134291077
12896359X
100231144
117588016
116620277
11899591X
117516392
11857566X
117516694
117517100
140474293
116629975
11664429X
120907534
1109066872
118781154
100516327
118640763
1055471448
120805138
1019747749
119230186
118730029
118761439
116656301
100838995
117518530
117518603
174171498
137908784
118576178
116679115
1053453116
116679840
119069970
115372687
117518948
118501828
119228521
103750991
118781448
119403099
11754096X
118576860
117541052
139519181
118730606
106349031
117541281
116733888
128960647
104268433
117541591
118781634
116735767
116735996
118577409
124706681
117541613
122221478
116759135
121380998
104449297X
128386460
118577557
116659807
1089135041
116762012
124720978
117544906
118941011
118993895
132284952
11754499X
118731017
116781386
140722246
118577468
100375901
118578030
118640941
119123126
119024888
113110014
116792310
100204449
118640968
129176826
120818922
118811576
117552364
11857826X
118578278
117552380
137717024
120769840
122716302
128517859
119289784
118893750
1056758872
11925476X
116811056
118731416
118578537
116833610
119500396
118903217
119554062
117556947
119059193
126583579
116836482
137397240
118731696
104047860
287232757
102517266
118578979
11684132X
116853832
118731998
119097060
1052753523
116857986
172252865
102543933
118579320
118641026
118579371
117542547
117542644
121196429
118579576
100373267
118579584
136697887
1037593979
102766029
137922051
117516562
104342560
139834699
119063123
116988703
142436925
102341214
101509766
119535874
101509758
10222112X
138778183
119242265
120815893
115752749
115747702
121967425
104169214
105535784X
117554677
104224282
119338890
116863498
116864443
118783025
11878305X
136017568
119268884
124538517
118580663
100953743
122509943
118641069
116881011
116876956
123418496
137018878
116877146
1068652780
137018967
116877200
116877227
118580744
137019254
116880988
116881100
116881054
116881119
116119756
137996330
116881038
118580779
133468380
116881151
140597816
100208258
116881550
118783270
118933558
100849083
133910172
116885408
116898631
116885890
118580914
118580949
119476363
118581015
118581147
118641077
122184203
117567809
11756785X
118733133
118733141
121787907
118581465
11884086X
11901775X
116960191
102641439
100309038
116962437
1076277403
118783599
172642272
117555975
117558540
1053285477
117564591
117003824
118581945
131839268
104273836
119404222
100527485
118783726
117353752
104292369
104292350
11858216X
120856379
139674977
1035093162
119211963
100844642
117027162
1038829224
117029602
140209190
117577804
118784013
117578010
117044237
102815380
108448118
116356839
118582607
117047643
117047902
119088347
114026564
117578789
100791549
118582682
117050563
11757919X
119064464
117053465
11858281X
119147114
118582968
1014868459
118583727
101106572
118702939
119497875
109799526
118830538
100824544
118963031
120832534
100848036
117091812
172531209
11907835X
117118435
119095041
118734547
11858331X
100378803
1041270585
118890220
117081051
138411573
10037784X
104255714
118784412
127677380
13839511X
1055268014
123771447
118583425
12421049X
117585971
118784544
173106102
100474640
102615636X
118784595
117127507
100526551
141160837
100526616
118583573
117133493
117600776
1028607709
118583670
100310923
118838113
117600989
100311156
1047111608
117134503
117601055
131576178
1027320694
118784714
136685285
118784811
100311989
10408894X
118882317
121142655
1057310263
117601519
101697406
116928956
14270945X
117601667
118584162
119454602
1057559334
119402785
118584308
1032884193
117603937
128521120
116935340
1149149647
119011069
118785028
102855781
1015241077
117604070
11858314X
118641190
11760416X
137611633
118692321
119046547
117604291
100993427
11714486X
117604429
138395349
118584693
11716240X
137681828
117162981
104056150
119010879
118584790
101452586
11954153X
117575585
134201868
118737449
117580104
115864466
1035074192
11758830X
118585053
118585045
117596884
11927017X
11760481X
117609331
117612499
1048642534
100217265
103077693
137899114
117173932
117181641
117185930
128932341
128630442
118585509
12053343X
137899971
117178802
100782167
119297345
117187658
117187666
117624047
117188506
117188883
118785516
119559668
12315815X
116011459
122375157
17293320X
118670883
118523368
116014768
102389756
118720961
118678647
10009953X
119053586
1081211148
116017562
118678671
118988158
120555972
116020849
118670964
130818267
118930915
119382091
119217139
119217147
11954931X
10110569X
135692148
116023325
116023392
101620608
118523708
100418880
1023912627
116027789
119069652
118523813
118671049
117622613
104340738
118161016
100851622
116034912
118523945
1053413246
100967205
1016138466
118671189
118524089
101587584X
1028509693
119057395
116042664
123197066
116043431
116043679
118846779
137433670
116050500
127498818
117627100
135729343
116051264
105544663X
129035912
116099305
118878913
116653531
127510346
117631426
10079839X
116058102
116058110
123938759
117631507
117631523
101874847
118679325
117631655
117639664
116063238
116064676
118788914
104199261
117631779
1022895664
116084138
116069236
139062734
118878980
11852464X
127832602
1037583647
4474925-9
118902156
118671499
102443017
1049517539
122968840
1052514383
101463136X
119462737
118524844
104130717
117632872
123816637
116083972
117632929
117632937
102440263
117633011
124908675
1030078564
118678159
118671804
117633569
118525263
11617305X
116173068
130238864
116098635
12916416X
11852531X
138781958
117637319
118678302
118678345
100842453
116112093
118525530
118671936
118989901
1059262347
118679449
11764157X
2119906-1
116137371
118679651
118679627
118525859
118525867
102390673
118679686
118525891
118672037
118525913
118843400
188355065
11852593X
116138211
117645524
116139587
130470139
121638294
1055354255
116152990
122867211
1055652167
4347952-2
116171022
116170972
118526464
116171235
142898783
117650412
118680048
117650390
129069574
11765051X
118638831
118558668
117650676
134006089
116157410
116157402
116178590
1055360387
116178728
174306458
11615750X
11617949X
1055444653
118854372
116182164
12325096X
116168994
116187913
105642527X
120628384
116190566
1011439751
116424133
118672355
136434584
117651753
119555883
116190949
115780831X
1055311491
118527207
118527231
117651915
129647446
118638874
116222964
117656178
118680846
117656429
116227389
11852755X
119241811
117656666
142432709
118527576
118888897
116230541
1055525181
118527665
117657158
116231475
100114601
116231882
119097222
118605348
1055360409
1055204822
118889087
117660671
117660779
118064584
104060506
102461627
121516121
115448500
118528068
100828051
172676401
117661279
11625033X
116235632
102139324X
124332269
116250992
132581523
117663255
11625159X
118681230
104062169
102456828
129921416
116252219
116239131
1053072953
116252308
117663476
116252332
11625243X
116254270
1056288868
119543338
11766376X
11852786X
10132409X
116256745
135986230
119026015
1055103643
116258322
102992886X
117664006
115769307
130819735
118672878
118528386
116395877
118666444
120033267
117668117
115651195
118518275
118518305
100818447
118666541
118675303
118669036
119212609
118518399
11867532X
118666665
129687901
118518534
100864201
118518569
118666762
118518585
118652419
1035463083
118518658
119291827
118518704
118666878
116442921
11942293X
118668234
118518860
143075594
118666967
118668242
140969314
1029533709
118519034
118667106
128871652
117673072
116456590
118667203
136121101
118519352
143349775
132819392
116467541
117648213
118668706
119408007
117648388
116470887
119076675
118525824
118843583
119043335
11647680X
118519670
118519689
118519700
118667521
118519735
130131539
116477881
116478055
116478101
118668889
100076262
118992015
178477079
11851993X
117668257
116481137
1052887473
1089219334
116481749
116481773
119001063
119435586
118520040
116487690
118746219
11891779X
119384086
102309183
10201227X
100078079
117655341
118669117
130183431
119148250
118520237
118681028
118958267
118746227
117659487
1024380270
116498110
11650448X
1019725036
118814273
119080648
118520490
118520512
118520539
117685534
117685712
118520741
118520814
11887117X
118944266
100979955
104182377
11852092X
118982338
119426943
116525215
117427748
116525363
11867630X
118974378
118521055
118521098
119160285
116540087
11852111X
119405164
118676393
118521128
11922030X
118563114
119215152
117691364
131881868
116544147
118908588
116617616
118669591
117691747
119485737
116629207
116636688
100087345
136195962
117696315
118564994
119284820
117696757
1046932780
118521748
118521772
137012373
128706716
118871692
118522027
117698342
100452396
11667153X
118676881
102458561
172025842
118522175
118676903
1055274308
102050511
118522280
1053088485
117700096
118973274
137012373
104096071
11852237X
118522396
129692336
118961675
1141183560
11852240X
11879972X
1072480018
118677071
118670239
118677144
118522477
1037599780
119282798
11670912X
118522582
1055276955
100094546
116725346
116725370
131360914
118677330
116726571
1055269169
122661559
135725380
116734086
118522841
116734485
104311258
121284182
128777311
117665770
119187396
116758112
116758120
116766433
116766557
120302446
117666416
118677578
1141192489
118565184
118505459
117534544
11850553X
119214601
119286203
118505696
118646265
118535633
118965123
1017770166
118560166
121191354
116033290
118505831
119241803
118505904
11850598X
131967088
11756012X
1037536037
116040769
109729191X
11884900X
1089540388
116041625
13585413X
118652052
11756138X
116042958
11850617X
1057802913
124772919
131649396
116045574
117561908
1018975683
118506358
11776616X
118656996
118808818
130550388
102444528
116050314
173146538
101506139
119042134
117563129
105283650X
100024718
116036702
135853990
119350599
11688343X
11605705X
171999738
135937655
118657267
117564109
100422594
12427000X
11775112X
1055219684
116059532
118835467
1053078455
131864475
100731929
119560224
117583065
116059958
116059974
11606255X
119076950
1014543118
137266308
116119578
11606899X
117767565
11756673X
117566748
120566435
118657429
1015624588
157566242
118653377
118637797
116769211
140519734
116080515
135862809
118653571
119227568
118507206
116083530
118653679
118507249
121652564
119217945
132252279
11884962X
116087994
1012806146
118653946
119111152
116096438
117767344
119551047
119536404
1089787049
119072858
118560115
118574884
104177144
118579428
118579347
118642731
11850777X
123239559
116098120
118558420
116098627
1055256059
118507923
115574751
1095109030
100030564
11913781X
118508008
116104872
118508121
115833781
116105666
1055427783
118654624
116106875
100425429
116107170
1028426135
116107650
136959660
118657887
119474735
118508288
119181304
11610905X
119469081
118654829
133599736
134025237
116112085
11611293X
119059339
101329040
117583448
118850210
119020408
118571842
118655108
10043228X
118850199
117584304
133531317
118658069
118120646
116115343
118658115
128981180
116116072
127514473
102421668
128278056
117585807
118509187
118655590
119155966
118509209
119019930
123588855
118655671
1078750580
116129034
116129255
118674846
116129654
117586714
11853033X
118509470
119384981
124157505
124481701
1079870172
118656163
118509675
118656244
119102544
118656503
116170654
116147601
119083787
116147695
116148128
104675467X
116149019
118658530
116149078
1012207773
119071029
124659713
117589500
100439438
118510169
118510185
115354247
118510215
116154527
117589861
116154764
116154829
124565867
123090962
12452396X
118510339
135655390
117590029
1012177009
118510452
1062375882
116160071
120170906
116160225
118662872
117590193
118510584
116161175
117590282
118868705
118938924
117590363
116164603
119493381
116167254
116167580
171977521
116180935
11618860X
1019732032
117605069
116193115
118663526
116195312
117723282
11851136X
118898388
119120186
118663658
118658972
1096250721
116234563
10004395X
117605786
11760593X
119215780
12448350X
116200952
118511645
116391073
173147895
118829734
135549566
118663968
116202688
1027482368
117608440
118511882
115796517
116208228
116208503
128475862
135551056
116214694
1016592086
118808850
131457500
116217189
116215372
118660438
1090259395
116215585
118660470
116215690
116216867
116219033
118660829
11851282X
116231084
118660985
116231742
118659189
117609137
118693522
11622133X
102200610
116232897
104135395
118512986
11851301X
1053061293
118513052
116236647
1034699733
1070764620
116726601
118661299
116237597
118893432
118661329
116237821
117618187
100173055
116238704
116238739
134060431
117618543
118513303
118661604
1095568523
116242272
104290722
130113107
116245190
118659332
1019764481
1019139803
11851346X
11762084X
118659359
118661868
118512749
117275433
104125624
118661957
116256281
118661981
116265388
1068608870
100050395
105280330X
118662074
116266783
118513915
1073445070
100051960
100020593
116270861
1216727554
133117332
118512846
135552923
1089612826
117622206
11627218X
116272481
124729207
118662309
117622974
117623091
120010887
100052223
101868650
1170417736
116304324
103144310X
101165250
120946564
120946580
119249111
119062887
116299762
117639702
124434657
12955796X
1027787401
117623458
119459078
118662481
11865005X
119210983
117623687
118514237
120322420
116396229
123554888
1023955857
116397217
11853596X
102116156
117677337
118712179
118720937
118676040
119113007
102374090
118673149
115435530
100055427
116402326
116402466
118514342
122096134
104263148
1049908244
12317175X
137313039
119446383
118983318
116415576
140141723
116429550
1012618994
137703902
118703242
122126130
101423209
108425932
119007754
119110628
4288449-4
119033399
1052713920
118514814
116469900
1052478816
100121381
116482435
155264745
136861407
116485167
118515055
116799889
117734861
11763090X
116492252
118674005
118702173
118674013
119440660
140247920
116495995
123402379
119454459
11866008X
117631256
100057683
116519770
116522305
100057845
117632074
128542985
119501201
116552433
116554932
116554967
116562463
173169228
116562722
1073475867
116685271
116685298
116685417
134030516
1017000522
1018079793
116714166
1052945406
118834746
116714832
118674420
118674455
12916903X
11763610X
117636126
136873081
118515853
100434312
119133075
11763798X
1075731194
118674676
1128097672
118674609
118660276
116776021
116776072
130848670
116818557
105000949
116777273
124753906
116779063
118667734
116751835
118516221
118674730
11681263X
116813636
116814373
11690514X
117638390
10243865X
104106549
104228512
104228504
1053071736
116817569
11866784X
128686987
117638765
118667939
116828315
135655773
118516868
116828714
11866445X
122455983
130031054
124388272
118517252
11870219X
117153249
142086320
118666037
1187677140
1187767115
118666029
11866462X
117066680
118667955
117066621
1187774367
118517031
124064272
117155780
119060973
118668005
117156957
117157074
118664999
118582143
117641049
117161357
119498170
117083631
1038435269
118803824
118517104
117169005
118517708
118702203
11717453X
119387123
117642088
118638106
100064760
117175277
117176117
117642371
104327952
119003554
10148772X
117183725
133835790
118675060
134296079
117187402
117145068
128924861
120912619
1047919737
1047919613
118500058
116001127
100318371
1073349853
131351850
116239808
139675051
10377002X
116003383
116239859
1056336064
1015984231
102419213
11850035X
118643622
128995211
118500384
116005904
12978253X
1055198105
1055243224
12116117X
135668670
122668766
118500597
118128825
118643789
116244186
1183754450
118500619
118500651
171945638
116008504
102378029
118500856
116256559
119059738
118643959
100111254
116256605
134050800
118643967
118501062
118952838
1031449787
1024058859
116257490
118503979
11870379X
118644157
11367077X
116257547
116274646
100005063
116257660
118500090
100793509
116276606
118637649
119396432
116279451
118644394
118846493
117251917
118898825
11850178X
124295037
118501844
120065932
119086395
119003422
118501739
1019727179
1077017421
117254584
119395290
119514877
116288329
122228391
11862783X
116010436
116295058
116295546
118648551
116296143
135695953
11776146X
118844903
128440694
118847570
124269869
102379084
118648837
116301988
118645048
118649035
118502727
118649043
118645110
117660949
11601198X
116331674
118645218
116311282
103157697
118740490
116098600
119492008
1024427935
118503235
119421275
118645323
100453708
119533952
117662046
118892355
11864548X
118645471
119160366
118649841
118503677
118503685
155852264
118649892
116316608
119302144
118847767
116316772
119252724
118648098
118686712
1018698256
116316985
118503839
118503863
118645617
13250572X
1059122464
119176335
101063857
124020682
120802147
119228432
116340177
100948375
118503952
118645714
118503960
119156105
120770245
118503987
118650130
118650149
118939580
119206129
13293759X
116344628
118504177
118504185
116349697
117662828
116349735
118810596
116349891
120898780
116353325
1058844334
122277171
117766119
117666734
1063817846
118500864
109056936X
118052640
119376377
118650742
118650777
116372354
119192926
1089883587
123392012
11637554X
128977868
11900884X
120562324
1053413564
117668729
117668869
116376929
118719033
116377666
116377674
117669245
129547638
118505122
116389117
11638915X
118505254
1053463510
1055578242
172498988
118683136
119151456
117592072
1057211966
1072476452
139206558
116965126
138509131
11863626X
104169613
118636316
1025377702
118636383
118636421
107930846
172472377
116984465
118636677
128695676
112223249
116999497
11882435X
118636979
10416476X
11863707X
117009229
104197102
129457094
121611523
117020486
1012532909
133093077
118611232
119186446
117022454
117022470
100720463
153221488
1037502760
103750268X
117026875
116001585
118990705
118808184
117592013
118635794
118635808
1056798793
118815822
124331025
118628038
117076317
118041231
124346936
118805894
117095796
117103527
118628410
117113816
117560952
104366230
10079145X
117116661
118805975
119211947
115667040
118712403
117119040
143234552
119353717
117561304
129413526
117121320
117662933
118806009
1071839128
11756155X
117126314
117561592
139154752
14025112X
117561681
118628844
139141367
108302490
136031196
117131806
1055363823
102053731
123075378
117132284
117132551
100690386
11713838X
138062188
108544125
172442788
101572859
117565849
11714553X
117145696
117145912
11876439X
117146390
104056703
117566284
117566314
118629484
117151319
118765760
117152277
117155829
1090370105
104075945
118629662
119145073
118765817
117158704
10069425X
11862976X
118806459
172444462
118845047
100546951
137421265
119248212
117207934
118629913
1063142377
117218421
117219541
1027770800
117240494
119133733
11724287X
117243264
117243388
118841866
117251496
1137161329
117269506
117276529
117276790
118630563
118766384
118806556
117300160
117300292
118630652
119489694
118630741
118806645
124462286
100684696
139102825
117284009
131707329
128387432
118631349
119442183
11883083X
117296813
1012371840
118767089
117298492
129271195
117572810
121284638
12059207X
136992234
133517365
115445382
1018775684
117327328
117327573
118631977
118897845
11733359X
11733362X
118632116
131592289
1020649763
119509504
118807153
118928384
118858602
117575046
12732173X
119430657
117338559
100696597
117579734
130249424
124063063
117353590
105957003
100265995
139408479
118632388
117361259
117361291
118632477
117368210
117357944
118771728
123211166
118908537
117580473
118643347
117384259
118837915
129794007
122908473
117387436
118633244
1067345906
119156164
128569379
1055311513
118633384
102802041
117394572
117394602
117394777
117581135
123916526
11739775X
118633600
118633651
117582115
1041886993
117408662
102019734X
117582646
1023720825
119513943
117420751
1055549919
173069282
117456039
118634488
122501284
117453064
117444154
120641356
102462755
118634755
100706347
118634771
1052468810
117440507
117443050
120597071
117433144
117433640
117453773
188462058
110721152
11743504X
118771272
134225627
117616893
11742367X
118969137
100724833
117426059
119101408
117428884
130273147
117429155
157402274
118635433
117357502
104183454
117375772
118560158
117753416
118981943
117375799
106881191
11933075X
118633058
138625603
119422891
117348430
104099526
