#FORMAT: BEACON
#PREFIX: http://d-nb.info/gnd/
#TARGET: http://histvv.uzh.ch/pnd/{ID}
#FEED: http://histvv.uzh.ch/pnd.txt
#COUNT: 354
#INSTITUTION: Universitätsarchiv Zürich
#MESSAGE: Lehrveranstaltungen an der Universität Zürich
#DESCRIPTION: Historische Vorlesungsverzeichnisse der Universität Zürich 1833-1900
100177085
100370896
100401961
100417159
100456332
100547583
100606008
100766803
100781985
100814719
100990932
101193343
1012286010
1012373355
101339445
101353987
101420250
1014290538
1014426189
10156564X
10157813X
101710933
101724802
101757441
101829388
101869282
101892284
101893094
102001588
102012717
102243395
102462941
10265591X
102722382
102798486
104080485
104085606
10408748X
104105550
104182822
104196424
104276150
104285982
105523201X
106499508X
115552901
115595910
115774874
116012056
116013184
116026960
11604117X
116069414
116109912
11611567X
116119438
116121157
116128194
116130598
116165367
11617823X
116181060
116181370
116193050
116202459
116205849
116208422
116211822
116221852
116236566
116239697
116252596
116254688
116274662
116312122
116352914
116359471
116371757
116371773
116389311
116390417
116390514
11643855X
11644696X
116450010
116456884
116461586
116463694
116467274
116494352
116507675
116525568
116534478
116540486
116549092
11656508X
116568569
116569158
116569182
11656928X
116585986
116598999
116599170
116604999
116629304
116634014
116666781
116668083
11669937X
116700475
116703113
116712716
11675639X
11676161X
116763698
116782544
116783044
116784784
11679481X
116809329
116809574
116822651
116825324
116826851
116840692
116849908
116877669
116880317
116886986
116890568
116895934
116903341
11691615X
116916583
116917423
116917482
116917563
11691758X
116922559
116922788
116926848
116987197
117004197
11701351X
117019135
117024074
117048445
117052086
117054380
11705495X
117058017
117070181
117075167
11709708X
117102008
117111473
117129941
117143413
117144193
117144355
117144851
117173967
117176567
117185051
117185108
117189812
117208892
117243426
117245003
117252891
117253278
117253529
117253537
117265063
117273945
11727397X
117279641
117289639
117306967
117322938
117330612
117337870
117349518
117349569
117395366
117396257
117396559
117402559
117410543
117410616
117411612
117413054
117414050
117417815
117441759
117441813
117445029
117446696
117453471
117474339
117482064
117488739
117507288
117512613
117513970
117535214
117559180
117559598
117561940
117573299
117580384
117594288
117608106
117638196
117664340
117674168
117691526
118182854
118510681
118510916
118512129
118524879
118534327
118536303
11854215X
118549154
118550942
118554026
118569333
118583425
118589717
118607790
118611496
118612158
118619837
118623753
11862721X
118633635
11863562X
118651706
11867787X
118679988
118683535
11868390X
118687611
118688111
118692038
11870026X
118716522
118723421
118729470
118734547
118736647
118767097
118769146
118771523
118773658
118774689
11878286X
118783653
118784862
118787179
118794957
11879535X
11879986X
118800000
118800256
118801066
118801597
118817264
118818899
118822357
118825224
118830295
118833375
118833561
118848089
118868985
118896512
118906232
118915029
118955144
11896061X
118967142
118988999
119003368
119011026
119027577
11904952X
119059126
119060280
119068257
119070561
11907057X
119072475
119072882
119126796
119130882
119130890
119135809
119156865
119159341
119160358
119216914
119237148
119320339
11942035X
119435861
119518228
120474808
121096416
12111418X
121571491
121585441
121987051
122241622
122461789
122719565
122766024
123364019
123794706
124110738
126406502
12674467X
127831010
127876316
127930884
128085088
128656433
129348848
129868205
131910337
13345648X
133611477
133994120
135808693
136048080
136951023
137212984
137611587
137677537
138282625
138573131
138644314
138644470
139082190
139513418
139686509
143485679
152167323
155741586
157785629
159096928
159106974
