#FORMAT: BEACON
#TARGET: http://www.historische-kommission-muenchen-editionen.de/beacond/jewishenc.php?pnd={ID}
#FEED: http://www.historische-kommission-muenchen-editionen.de/beacond/jewishenc.php?beacon
#MESSAGE: jewish encyclopedia 1906
#INSTITUTION: http://www.jewishencyclopedia.com/
#DESCRIPTION: The unedited full-text of the 1906 Jewish Encyclopedia http://www.jewishencyclopedia.com/ (PND Zuordnung: 2895)
#TIMESTAMP: 2011-12-01
#REVISIT: 2012-12-01
1114189103
1055411038
1146572026
104076682
105338534X
173802486
120416611
1158694091
10407681X
131805908
134034597
136357784
129821454
100983731
128464356
135809355
105578330X
1089680465
1048713245
123446473
1055553258
118646435
119462680
11850004X
141816724
1055382135
136309739
116002654
116239840
173247202
138100470
136667058
138122709
1075004365
1171913818
118822004
102602948
1089696108
1050554280
132564912
102417784
100970524
1053390556
100966772
14401369X
1176681044
1022545841
1089894023
136808093
142696323
1023964554
1055402500
1089689446
128464496
119065398
1053644698
1053384424
118646605
119264005
1053054785
132424894
171944348
11776180X
120260697
116004037
119010054
1018184546
1141932660
120527057
1053385250
118859110
1031118233
100003532
118646788
1055219080
1095270214
100003893
129676551
118500597
1053392370
118500619
122426975
104160101
1064856276
116007931
118935682
119398761
118643851
116008075
135702054
118500694
11646853X
116008148
11624755X
118643878
116247568
130273856
136825621
1055414355
119356066
116008369
116008393
118647075
128812710
104076666
128428430
1055408487
118647326
11893337X
119143364
130217395
12231624X
100993729
102422869
123440041
116009985
11900173X
1089689713
142700142
118904264
133662985;171947029
102500371
173147585
118947990;173672302
138084173
1055583378
116009926
100006868
116010045
102139517X
102378665
142391832
135811759
118577387
120527839
118501852
118501836
118647997
119559714
1048422461
118501887
118648004
1055410090
13664631X
1053054300
118847198
120105756
124295037
118644645
122879457
1068782498
102458965X
115592741
116285613
118501909
118686097
100728944
118740423
119257246
102282757X
129555126
114721235X
1053420420
102411689
1011934701
139187715
139480986
118814249
119444267
1077017421
1043808833
119114550
123828201
1068786531
118686704
104089571
11776261X
1178080145
136592147
11850245X
173436927
1050812166
118502581
133178188
171959418
114680296X
129465046
1053054289
119385368
116309695
100729932
143841378
1057559288
118649507
138403937
118649647
102379998
1147236925
136771378
118649698
118503499
100013805
1089135351
118503626
137385293
119160366
118503685
120040247
17317535X
141405600
100015662
118622110
1053054270
100971695
120208423
1055098399
1145914497
119143380
131907344
118503863
116320222
105551404X
119049392
118645749
119523299
118645757
118645765
119516594
132481014
134050436
130059927
120963434
118504347
1102968692
171954165
1055501770
115871233
116353104
118831941
102411875
10238200X
102382026
117766348
102111121X
1053386796
1147240299
132710463
134052307
1068781637
142664146
116360534
1012512207
141845457
118646052
118646079
124703267
119130556
124478271
116361190
117666823
116361352
1053046995
129654450
1032750111
129744212
1081319763
105338632X
1089702140
1055404759
11766684X
117666866
130101370
117666912
171955013
119074680
102182094
119376377
143862502
1089383541
116372354
122284682
118504843
130555665
116376201
116376236
118995022
116377267
124958850
11865103X
116212624
105338436X;
13160029X
1053384378
11773389X
116859709
1053384343
1091084726
136550614
118505114
118505122
118505084
118505092
11766944X
119061686
116388951
101929943
123489261
118505238
129008389
118505254
1055165258
136823122
1055438505
131705679
1022870343
132424096
103580468
136788254
119235587
11932072X
14386498X
130633747
135772621
1089694008
136843948
1082252948
173368786
1053047231
116026057
11776647X
102212821
123352142
139706542
130103101
118651595
11603291X
11864629X
117534935
1012639371
117734888
131840231
132228890
117534986
116036990
116882182
117535060
173170471
118646214
118656880
118506056
102660646
116047127
1147105146
134106229
118656961
135707080
130556882
116047933
116048441
143462350
1055233792
117766429
115606432
119313618
116051604
142391751
117563331
116057378
124717624
118657275
118652575
116058994
116059028;104311614
101482582
119490463
116063718
11606899X
1019727705
105558336X
134126033
116408948X
1163298018
116075899
119219093
116076054
119325330
116076135
119194791
119221004
116076356
120538253
11607986X
1089711409
142467871
135862779
100423833
118507249
118653709
116085274
1055407529
11757807X
118654268
116099666
117579521
120364778
143573896
118657836
102129029
1124278028
102501319
12425313X
1068846836
116107413
1028426135
117582018
11809503X
117582034
116108037
118657887
117582085
119474735
118174622
116108886
11758228X
117582298
142125547
120951681
11611052X
11758312X
133954366
116110562
117583391
132953137
171971477
173160638
116114673
12033075X
1056129549
1072257173
1013600835
119141302
118658298
124404170
124224504
116116072
116116102
116117818
10223244X
117584991
118810669
116118423
118508903
118508881
118655434
1012176398
116119985
116120096
118137948
119034565
116120134
140906134
140905952
119059347
1060401932
136558585
123876060
128278056
118838059
118850598
116121017
142426393
118972472
1053385161
117586641
118658344
141825006
116130865
135943736
1055202404
116132000
116134062
12421326X
116136049
123811961
119354128
130568627
119108127
136442099
11613612X
116136146
1057704768
118960881
116136405
116136545
117285064
137158181
116176024
118509810
132970384
119315157
116137207
118656317
116137258
139920404
117589055
118509896
116146516
11614663X
126790795
119083787
1031298738
118509993
1060236745
117055247
124683835
11865652X
117589179
119257408
116147695
120082047
1116364778
100037720
100037232
116148454
11851007X
11902439X
129054763
11865862X
116154632
11615795X
1111583943
141013958
136037615
116161167
116161175
1018224661
1078278970
116161965
116161795
136918840
123797519
100445047
130051039
13281398X
117604941
137539037
116195282
136585272
11851136X
1035264927
140917063
139631208
1033291706
121508285
142146927
116201134
11851167X
124419291
120153297
133463435
11756169X
132834014
173675417
117607207
117607223
1153750481
141301414
116202394
119136724
121161560
118663968
143345397
143989758;1057564567
120455994
116204397
116204400
1021110310
1052516459
116207310
124316425
1020369094
121792889
136838529
1131882091
118659111
11760870X
124373208
13831358X
118660349
131838415
136605745
136605796
11621595X
116216107
123046114
123911664
1023995336
1011705060
1055305998
142970816
119138158
118661299
119121069
137346182
100756115
1060270919
1053411529
11914509X
1020798416
102564531
104278374
118661469
118513257
116245824
116245891
117620688
116246170
118512749
1033477834
116255773
1089683804
105540385X
116395001
118514245
143555669
118856960
118514326
122445775
117627283
106006376X
11640874X
1053385013
140709649
118928392
131355627
10142471X
135583756
116470194
1055320490
128895225
1162282428
136634486
116486988
138477426
141602171
1013160606
116487380
118515225
117631191
118674102
1057556807
136634761
1011856026
129292230
123876400
118857282
128773804
120343959
125002203
134001753
118515780
116725648
1031194630
1079730141
1047549425
116750901
118660284;116776145
135648084
116751215
119404192
1022409913
118667734
132770547
120421887
104000856
116818166
116818476
103465702X
171994426
1053051255
11705495X
13397460X
118667920
130831085
117160504
119202409
117253561
117642541
119354780
11718991X
12068943X
124949886
1031459316
1059829754
1061106624
118518208
118675265
117668400
116401141
1012180921
118824066
118518410
1075080959
118518453
104160055
116432195
118666665
1051900840
12421195X
116443235
14211488X
118518887
116443618
118865498
100070841
118712632
118518968
12916609X
143412914
120654369
123931029
101528258X
140847995
116456884
120209039
116456906
118990179
1053047584
116458593
116458704
124699146
1156310016
118560425
102431434
118640135
116468459
116468521
131429221
119428288
118560565
11866753X
118519883
116480262
116480319
140727531
132141191
118675508
116496584
116504455
138974578
100441505
139343725
128525800
1017299196
118520652
116510781
118557831
118049240
118520814
116524685
1044977159
119215152
118676504
119183803
11887148X
137523874
116833103X
124213383
116628219
101388152
13352020X
118521411
116628626
1055379126
116628693
133537560
14240330X
136750044
116629150
141380969
116629207
116629304
116629355
11662941X
117645117
128190043
116629703
1035169444
116636165
134192559
138612501
1055419861
116636300
116636335
1055449140
1055462821
117692298
122765486
116656069
1037583949
1089687079
140692509
122629272
118871811
105305856X
10020807X
118918699
1159227799
133305236
113058039
116706066
141629932
11775160X
116718838
124897614
119545438
118902873
11852271X
132470004
118567969
118670689
116758058
118588095
103517502
121063763
124282652
102383499
118526014
118672061
118720961
116017694
118593331
116020768
1052705022
1052827292
118523708
116025883
141602090
138636680
131592459
117622567
1055403221
1053047347
1055410317
173762239
136604382
1041810237
124043860
101840284
102199191
118671103
116037784
127819177
116038136
116038179
141242876
128877251
1078256225
1053046510
120952017
118524097
1015264611
141826460
1062590503
118524550
119456710
12242901X
130812560
116073934
11867787X
118677896
116085126
101057903
118671650
139692479
116085053
116086246
1033276251
1066281610
1011619490
121770095
11608751X
1050460162
1053062125
13678478X
118525239
118525263
104254912
11612783X
118843400
117645567
137802498
119412055
143954326
118680145
118672231
117650641
1055183973
1036841340
118672401
1137290463
1050567536
116222522
129616451
172500192
123849349
137714920
118672517
133874206
118942859
1033880833
116243678
1057550434
124853188
130399582
118528165
118672827
118528297
142886033
130144320
140270671
116259256
116332522
116334231
11852870X
110781376X
136793746
137786395
138413363
115471510
121384292
173828698
1053420129
141728299
105691999X
1051900611
107320177
116408936
118529358
1068842040
116409770
105305128X
116409789
117736821
1160324441
118688294
116418222
105313620X
119333503
105833363
129585599
116434600
143461419
13860066X
124362214
116446706
100725899
12324921X
143607006
133139093
11885447X
137712294
116447710
1023888688
1053138180
1089480032
143669036
1050618432
1072324989
105828228X
1078704554
1140542818
119183706
137947666
116452331
13068208X
118989316
118530135
118907883
1047604760
116536993
139545034
10084751X
100612253
1089712030
138801940
118959379
118530550
12971075X
135910331
126465215
116539909
100804500
117512281
11751229X
116567848
136828817
116539216
173734804
100458068
122891961
118638955
116586443
129944769
118682857
119196190
123480876
102975912X
116355220
132768283
118685767
1053136129
118998102
129729051
124727492
116394501
17207116X;116396687
104277998
132707896
1012126870
102564841
1053130619
143697994
1103034383
133963586
117503401
1065848021
127975993
138460892
172085179
118995790
116440627
118950886
136828884
119496739
118532510
119146193
118627082
1028909462
144027186
1127345303
1037141733
123631033
12980990X
137836171
103148582
1055304282
117508276
119085682
13180751X
1017099847
133223485
11750971X
119059460
116584645
127766472
117512508
1089613636
118683861
136491766
124525075
119493489
172554071
117518263
118534211
118988433
1011872315
116677228
138715033
142682802
118534637
105569739X
116690372
132510200
117528692
1069604836
116691352
131420186
100979041
132512246
1055523987
118855050
129688789
11671686X
11671736X
104159952
116717505
132565188
116718234
117536199
130145246
139733922
11671834X
118702599
116722142
118535749
173102506
116750057
155115685
118535315
116774088
101568355
116774452
132521075
141844019
116781777
117728187
17208122X
1023938928
116791683
116791705
116795468
136024246
119480700
1056133929
1075664179
119463288
116797061
116797266
118693433
116797487
116797630
116797673
131946773
116802014
1050986830
116803142
11853601X
13867860X
118833707
134267885
1044797193
14320968X
116852623
118840452
131805207
116846283
116846275
116846348
127685634
1016264615
130319406
116327642
1145894836
128859946
12885068X
118689479
116411414
12324837X
129655155
137073070
117671053
119226723
11933304X
116495502
11903719X
129979872
116795646
116589930
129462691
102479267
138115753
1053420501
14205707X
1042791546
102475946
116591749
116594489
119096552
1053421265
118537938
102470227
118804383
134069161
173085407
118717510;159472504
12366750X
102295296X
116649852
116653167
118695223
119360667
116682256
117545902
116695692
118964046
116747722
11674832X
13692185X
102532818
119119013
117548847
119527995
118717995
11675642X
116756454
116757299
117548928
116756683
119409356
118718002
116757086
116757213
116757388
1026362954
137668384
116760370
117548995
118718029
143487388
117549029
1028652682
118718088
117549371
1053592868
136094058
118540661
1016988249
119080923
128775114
1153226006
1158333757
136945120
116793937
118947850
118718274
117550442
11679822X
1084609193
116798343
119135051
118697218
118541293
116813717
117736562
119123266
118718657
118652508
118697390
143575120
1055101195
116868775
116868937
131427830
1081163712
117564516
118542702
116887265
116887435
11688794X
100145426
116888652
116888733
134060628
105540323X
116888814
139814787
116901373
13940290X
116893281
124234496
116909234
117576166
116917229
119173972
116920645
119092379
118632981
118719475
102208903X
13916913X
139266569
122325125
173493629
117576409
117576417
130072613
117591513
116935944
119555980
136964346
1111789789
116349298
1145752187
142041750
1062517288
10407972X
103448098
133956873
133089215
119005476
116385944
143167359
143229036
142698229
118544969
116208848
1053135246
129572357
1015979459
118832433
116405309
100833330
118919660
120163683
10410239X
1031273735
118813331
138638780
1055226354
141966785
102864837
118539876
131785710
108105557X
1095573691
116454520
141485884
116463600
118545892
118701568
124896464
138747989
173940218
117498610
117498688
116491418
118773348
173070620
11650336X
116539062
116539224
1055359826
1063214793
117508721
124042708
118895311
188419624
1020690968
1015081401
11656282X
1053424795
118547739
131937847
122702964
104201738
1038083508
117510246
132168677
1057640271
1069142212
141542713
118548018
11665936X
116659718
11666004X
116660147
1041767323
141785446
11668657X
1053420382
116686944
118773852
118773917
135933323
11671011X
129841676
118549154
116717300
135471354
116719656
142976741
116719710
124361315
116730277
118549553
118896512
1106410572
118841920
119361116
120975823
118825186
123675030
1021110914
116759194
118550152
116759283
116759267
118933876
11676001X
116760036
116760524
116760575
116760931
124400329
116761040
116761628
118550241
117523720
1012272605
141374365
136577741
118550373
11678508X
116786825
117739081
116792477
116792728
1053391471
118704796
116812397
118704931
119256355
1023501813
116903864
137580290
1146813872
137580355
1102965952
116907029
142957968
124651356
116904755
141374853
1047686937
116905549
118774522
117747955
116905921
116905999
116906480
144000784
101160097
172761573
116914149
119060620
122990714
1011872420
121758443
131521594
116917482
1146432879
143482041
119356422
137067135
121825116
124434541
116961244
1167826914
136924867
137627831
116973943
134020626
136481612
119267306
11700958X
118707132
123549310
137067593
1053298005
142447595
122854187
104286547
129352802
119440229
138856621
119034891
119045141
121429636
132716666
117073563
118555049
121970736
118646613
143810987
12966281X
118688987
1053048076
1053405634
105315111X
173134467
104083212
142127310
129777803
172907365
1172052360
119178575
118555677
142057142
1089711638
1146491913
1053424779
1138222879
173249353
1053420781
138182108
124069207
1053420773
142555762
133925196
1036143694
142044695
124810314
137034601
1055492119
100966721
117210641
1053384440
129034363
118710982
117659193
134125967
118775677
104406465X
118775685
1171355637
129816051
120508419
115468277
130891487
1146097522
136586635
103619857X
1053420609
138870845
103649492
1089815255
173225225
1021430749
130675881
119554151
136253377
136250815
119411172
104261714
118775766
100501133
138974594
11937479X
136252508
117047724
117047767
11704783X
117047899
117610518
118556436
117610550
117610674
118898108
1089703333
116653981
11708560X
1055123873
102745013
117085626
1084241684
142652172
1067836519
113667213
1053446616
117615749
118776223
117653519
117140546;17217547X
131560808
117148199
101495196
118592114
117162485
101238606
117175323
11717534X
1089712049
139156895
1146680384
118555243
132563673
143684973;173351999
143606948
1012738434
124072135;173247776
1089706669
137453280
128469730;118555243
118558404
117198579
1053051506
118640003
140935312
124843808
1059151227
118913565
1053446748
122607414
120056712
1089701624
1041801769
119012154
118824767
1064864465
1089708076
119237865
118955314
118907441
1053080565
142237531
116015675
10259466X
126504059
140443541
116024097
133958809
131790021
172702305
116031883
1042668965
116031921
11603193X
133168131
128687592
1171011954
116032103
102415056
124505392
105304741X
116195215
116039051
137712642
117568538
116053755
118558374
101915022X
14159649X
116060433
116119675
116067217
1055390502
117495727
127706682
119249197
119333422
1089687842
116090219
116141115
1089699956
118776983
116126264
116127473
116127643
139982809
1079220623
1066339686
130828750
136116825
116196130
116197536
124132820
116210419
1050554485
11856286X
116228040;138475008
116212330
11918690X
116212721
116222298
11622732X
1016440316
1050481380
136826172
119372800
117527742
121468380
118963775
103856428X
143660462
132706644
131829297
137101554
116285966
1070222798
116309105
137101597
13413009X
118713868
116291869
118994069
116293802
117529192
132339498;17387973X;
117537586;173243061
116340266
117537748
1146679556
117530271
104178469
116343281
11634329X
1126616036
132942240
101454643
1055233393
118927663
116401656
129728462
136522157
1089705654
117549320
129519030
136935540
119229528
116554487
118567020
137108583
11884704X
119076357
137415532
118943774
120951711
116601469
103835501X
1017811350
101205570
142381918
116615923
127882197
139187731
116627549
116000309
116635541
124586732
118725971
116652411
136233627
138313881
1017566348
117575089
136543189
137136226
116671920
131775952
11872911X
1034940341
116669888
1022222457
103333835
100300359
130884359
117595101
1022461818
1023965410
118569848
118569872
118569910
116002166
118975773
11600455X
116010223;117605700
116865407
172236126
120813874
118779052
118570439
116847956
142381209
116849908
116849959
116850159
1019164670
116851945
118779192
1163626775
116856335
116867159
116867094
1030604010
128979178
116876573
117626546
116882468
116890444
143894056
133558525
118500198
118640437
118876511
13221279X
101362923X
173319254
11766992X
116949430
117669938
116949627
118572121
116956267
11696104X
119222760
121169804
118538802
120687542
120890887
124783457
1068374322
116962518
1053151446
118865900
116968257
117670324
116963042
119027283
1055317643
119374293
118626175
102787123
128700203
138612668
105519617X
116964790
124943764
126618526
132968959
11868194X
118640518
142734268
12410407X
117670413
116968613
116966130
11767043X
121907082
137187238
1056148632
1013706439
117670472
116968516
119014416
117670480
116968648
124505937
135806453
116968982
118572393
128690615
116971207
1019070080
11857244X
139552960
119113937
12192016X
142372005
143022563
10398609X
143696726
1048018830
116986263
142664634
116987537
142371777
136684521
133970604
116996129
1038283264
116997532
116997567
117671819
120508524
118572938
11936588X
117006157
118572970
134066782
11906815X
12484880X
117044873
120208717
11881656X
1089710917
117059811
132296306
1051462843
13991272X
119133628
117676683
1055435425
117166839
117187860
117190446
11719056X
1019587113
118728970
131791354
105539849X
129065501
119123274
117217174
1055150277
140351027
120823985
136556442
137219504
1020008121
117165859
117166456
117677310
101984759X
133287270
117168815
123416248
1071931288
1140548433
120710226
10410340X
117186368
1041565240
122192052
119141329
127910905
142007072
129733229
117315907
123894514
118575449
141110813
11935649X
117667994
1141203952
132398575
118730185
118576178
1057554693
1034064193
100817580
116678895
116678941
1110216106
116679638
118576291
104104139
119537958
136771556
11857647X
133561755
117741280
139297146
119046598
139707700
118985140
10651797X
138562741
133535568
117541184
118730630
126905142
141099399
142380547
119752476
116736550
123119235
104048182
118951122
116767855
119060825
132478765
116771011
137929889
11678251X
1055165975
116783710
137363389
119365561
129410748
118597906
116810653
119065290
116814918
132630184
118578537
124324770
116106166
1013003535
104152311
114722708X
100305318
132083795
116856270
118579304
1020912219
102661960
116858311
116859326
1022868926
1012574997
128540109
122548981
117554677
138259828
119136392
119119021
123798760
121059286
1052591973
12105909X
1053045921
119269112
116876786
117561150
138406855
1055192557
118783203
128314427
119080877
118783270
123589959
119233509
12222311X
102613157X
1043833129
116958839
1152949381
104368780
104168870
1055109633
122994957
140852654
117565059
140391045
119551667
138371148
101141769
13726139X
116878428
119034646
118581945
1146051875
1055423788
1103535013
137299273
117013420
117013455
118783726
117016683
118783750
138382468
135990041
1053383568
11757791X
1055349499
1020439955
11757824X
117578673
118582682
1020439858
13728330X
12434397X
132978172
1052831648
1089710879
117120367
118813935
118583425
118784536
1072327724
118583786
117135909
116834641X
102501300
1053244177
1121512488
1146198663
118584057
119452480
1131289757
138602816
1032884193
130508098
1055642684
13800840X
119233665
118785028
118584375
101363184
116939060
1147240531
1077263015
119014556
118884824
118576488
118586157
1103851314
142808660
104129166
117604089
1055642714
102909156
118785109
116941391
1089689276
1106581741
138541426
13790195X
13402995X
137682972
173833446
11757547X
139570039
138105324
100533876
117185930
117610240
117185957
118585517
117178942
117179027
104268921
11718912X
136770649
118586408
1025762967
1077204477
105540953X
102414815
124072135
102450013
134838378
138474273
101452654X
136921388
13014133X
103928146
1089712170
118738240
118738380
116910364
118586998
133927083
1055191135
117551058
137306849
11695468X
131423592
116956739
116962259
117551430
142468045
118738658
130124141
116985283
109548706X
133588254
142803723
117022861
11894813X
119453223
118588583
100534570
130053007
1089712782
123664667
11707263X
1045034207
137155328
11707988X
118589598
118786970
142447129
117123323
1089679815
117134899
1035111284
141732156
138991979
118951009
117137235
129521736
119484129
1053485425
118641417
118757733
119272229
115373916X
172920019
117605727
117139068
117139092
1053150350
1111793565
117606731
119471833
104265523
138004528
129708151
117109398
130140783
1143552598
1089699824
1024837432
116015454
116015462
119347040
12860946X
1053420471
17369005X
118789279
107864800X
120886383
173045421
1025013700
10692981X
1076548091
122839676
1045410020
116031573
104278153
121948277
102690316
126769567
11873945X
119105144
100242375;1037647246
119782499
119446383
13406285X
114722692
143606042;1053421729
173010830
117693677
119010046
123654459
17324937X
124884687
119163357
116079495
142043354
116082127
1089702558
102414939
1147240507
176991948
118593870
116174137
104103167
173048757
103358472X
1055485244
118594001
1053485409
117709484
142129356
116178213
11617823X
117685984
118742418
134080092
118594435
137354150
118792253
173262228
116188723
104113316
119256304
137354320
116189649
1075871573
118984373
116203412
143570102
130137030
10225902X
104161957
1034108581
129056693
117688495
137375786
119180790
1055395202
116261706
102403678
117688940
139220038
142104345
135732808
1050970268
118838172
13921951X
104007923
1012825728
118678841
1168771943
1168775450
116268409
118595822
1026472105
1055387234
116268522
132169223
13766365X
119403706
138275033
128988215
139485465
117715883
14237024X
118792997
116269863
102821038
117697109
117697117
130066265
124436579
116290684
1075831210
1124814906
118597086
1069124745
130185531
1048690946
138721270
124016510
101498985X;17376519X;
118795392
11768418X
136531369
119354195
118173343X
116324082
1012824314
10312084X
139789006
1027429939
1055377409
1125637641
132262150
121669270
118598325
118598430
118598473
119326671
139659277
136537170
1077446241
123658144
123682576
142502502
115484566
1012295656
1027623743
116394714
116399007
116398949
1011976870
137392214
123922607
1021255084
132522500
10031760X
119199084
116435569
118744461
11859964X
116436085
118744496
118744658
118921436
1027879403
10419863X
119515601
141936630
118600214
1053420013
136901018
136715125
139714847
1012297152
118745263
139196579
100800890
129084263
104291524
1046823205
14242658X
118601709
116580666
120161494
137948468
113744269
118749471
132429039
116605804
1028338562
1106359755
122252411
116608676
116608943
117594733
1046901508
11759475X
116621893
119277948
121034909;172348846
116624000
116624043
11774297X
116624981
117595322
11662549X
11662552X
172812348
127866418
116626062
124671888
116626364
135627397
11662650X
116626577
1055390537
116627565
116627638
117595616
119160870
119120844
118791257
1067977287
117723231
11759802X
116669373
118926802
116669314
120131730
116669616
116669756
104359714
136599958
116712716
118604414
116713054
116713062
121541649
116739363
119044595
14363142X
104097817
10334456X
116762705
127456244
134127633
139064516
12789148X
134069137
116766794
116766808
11676712X
118943049
11761808X
11761811X
100269605
1069605727
131741306
137475942
137492383
142707066
100961630
1089682255
138300194
10096169X
129775606
1100558527
118794329
1052848605
117618667
1031682716
124264638
119242044
119275112
118985345
118794558
139483918
129560553
117619426
117023779
117620165
119183730;173098398;
118907603
142242977
1161484434
117621110;1029748209
1053047762
129503339
117642967
1029908451
1154701409
117643580
117326259
117660256
1030035830
104287179
130352462
1031221158
117644706
1031331018
116848669
105540015X
118610163
1055431748
130601675
1024500667
1032432144
136787843
1069882445
117015148
1032617101
120148552
140290834
1032787732
1032813857
117123927
123049849
1146698127
117169781
143113062
1055111387
100401791
117316717
136862985
1055141731
1017910561
117342238
1014633354
117366803
1011578166
138369313
100958079
118795813
117443379
1018619720
118796127
11765633X
1018791418
1018819681
117469858
117470066
118613200
139538402
117657085
132262649
13332771X
132710447
1055405054
119258854
119053306
138487286
136520952
1047943557
138262322
117465704
117364258
123290708
139961585
1027647871
1166886794
118797239
1057419206
124813631
1089707290
1053162421
119116529
117392499
103515031X
117629863
118805185
119131447
117398411
118614584
117401625
117402273
151309280
117402516
117630373
118797417
172782317
131525301
103092714
100338178
13373627X
120232219
124433758
115842934
120767473
1137282622
133803139
13145188X
1128626802
137293429
118819127
129307211
118751484
119343207
1053291213
1020412569
128992077
119256363
117493171
13476885X
117649600
118798286
118616242
1067993282
1037586301
140525483
138483345
117649902
117194743
140509488
118616641
117203661
117652660
137371438
117243027
117243426
118942905
117244082
129263958
1055155546
173618049
117246891
119438631
117258059
118617532
118753355
118617583
137841906
1112270728
110700805
117274003
117658316
133672727
1103139800
118798758
127650881
117276936
1172549435
1019651016
101222548
117243779
119396289
1055139257
117248290
127792716
117259438
117259500
117260614
118618393
117674095
117265977
119402734
117306207
117306282
12843452X
142125725
1047378477
117318477
118619411
119515865
124860206
118809571
142512621
102688850
119067110
1055258485
119290944
102406960
1049701720
117391492
1050113845
1055391401
101948747X
173969577
136219144
118877208
118620843
119317826
117248207
123100291
119152215
136502156
1048451216
141655542
117250538
128734280
140077286
11725455X
1055382550
1074263693
117616133
117296023
139551344
118621688
117348244
13274757X
117381659
10343917X
118622951
120253291
1076883311
106825307X
115630791
128384603
118973304
12248567X
123650836
128680547
1071332538
1157050298
121216071
117418323
133120929
11763641X
137738056
1099736056
1015180019
119120577
143965824
1013481070
117680532
138076200
118763725
117293369
118625500
119855208;120439387
107248806X
124029922
117325589
10404103X
1089704399
136749895
119017385
1156576067
118767380
1015957021
137406258
117360430
117368229
118804111
12954759X
119269678
1065662742
1074856198
143956841
127806385
1055411275
123382521
118768778
139792589
118627813
173228305
119090198
118594117
113168195
1045983306
1033123269
1050323475
108983036X
102721378
11712012X
119314622
130892858
117142638
1023025299
117566470
117235245
117249076
117250694
117251208
117251232
132165783
117251305
117251496
1011348578
137844263
1012796779
115867449
1055402519
117261645
1109776071
124721222
117291382;1012560953
1138328979
117298670
1014521327
119368609
139685510
137836120
118630849
1032342390
1159244936
1037568702
117306215
130548677
132171090
124176240
119178583
117317748
118631977
138497079
101906447
117579661
139619852
1041659415;174349459
117362697
1044269030
124730558
119351641
117363855
1076419259
117369608
117371092
117580376
117379689
131875426
118986627
117582387
117411175
119103206
1074848845
133082466
117582980
137818580
1056143428
117444294
104179910
117444790
118942883
141075457
1165021056
1153081741
104155760
119559919
117441295
1037386302
117442003
116920041;127862439;
117436623
102630945X
118847104
1075659736
117433640
141172479
14031749X
1043349561
117424242
117424277
104179465
117374458
142447722
118712152
124834124
120839849
11759203X
100967280
130677973
132103613
118643495
141825944
118808281
127956875
116966122
131562673
10096172X
129725838
137101252
1146607148
12496527X
117595489
129996343
105514627X
1053424345
132156326
123847311
174077084
1078961549
117001481
117006300
118637223
1146455100
115972721X
117021032
117021261
117021652
137921616
1031738347
130429481
120928116
118896202
118773275
11600083X
118647113
118845373
