#FORMAT: BEACON
#TARGET: http://www.historische-kommission-muenchen-editionen.de/beacond/khm.php?pnd={ID}
#FEED: http://www.historische-kommission-muenchen-editionen.de/beacond/khm.php?beacon
#MESSAGE: automatischer Abgleich, nicht autorisierte Liste (Kontakt: matthias.reinert@hk.badw.de)
#INSTITUTION: Kunsthistorisches Museum, Wien
#DESCRIPTION: Personen (Künstler) auf khm.at (PND Zuordnung: 655)
#TIMESTAMP: 2012-04-10
#REVISIT: 2012-12-01
1011439999
1012287262
1014956676
1015325521;188443290
1015858961
1019359919
1019668903
1019726938
1020091762
1020126493
1022611607
1023896532
102425728
102458979
102571929
1027091180
1027277209
1027581633
1029227217
1029585792
1029908850
1030376131
103085432
103117660
1036695212
1036988090
1037052560
1037596714
1037695119
1038282314
1045592625
116060425
116436956
116823593
118167375
118502220
118503871
118506188
118508318
118508679
11851380X
118518771
118519034
118519255
118522582
118522590
118522728
118523945
11852786X
118527983
118528386
118531557
118534564
118539469
118541072
118541471
118543091
118544268
118545221
118547658; 174102356
118552945
118552953
118554115
118558331
118559273
118567993
118572873
118577336
118580647
118582143
11858233X
11858586X
118586807
118590421
11859043X
118591975
118592602
118594613
118596047
118597787
11859964X
118599712
11860354X
118604082
118604090
118604813
118604821
118610430
118612921
118622625
118622854
118622994
118626213
118626426
118626590
118626647
118628674
118631659
118632787
118634208
118636677
118637819
118638203
118638319
118638599
118639242
118641220
118641425
118641484
118642197
118642820
118643525
118643924
118644807
118644815
118645374
118646125
118649620
11865330X
118654772
118654942
118655183
118657100
11865750X
118658336
118658689
118659278
118661728
118665200
118668536
11867109X
118674005
118674013
118674935
118676547
11867692X
118683500
118689185
118689940
118694383
11869507X
118695908
118696602
118696831;174346670
118702173
118709917
118714937
118716697
118716832
11872553X
118728571
118729152
118730169
118730347
118731610
118735268
118736876
118744771
118746324
118748394
118748602
118749625
11875596X
118758896
118761412
118765361
118767135
118773674
118774468
118774859
118778811
118778994
118780077
118780115
118780530
118780549
118780808
118781529
118783270
118783548
118783815
118783823
118784749
11878496X
118786687
118788604
118788655
11878885X
11878935X
118791141
118792407
118793314
118793977
118794280
118794396
118794604
118794973
118795937
11879745X
118797859
118797921
118798545
11880295X
118803697
118805568
118805762
118805797;174092954
118808559
118808672
118810995
118812092
118812785
118818880
118822713
118826085
118829874
118830643
118830651
11883083X
118834568
118834770
118834797
118835696
118838709
118847694
118852507
118858955
118860143
118872508
118882503
118882929
118899988
11890406X
118907832
118907948
118910906
11891197X
118913174
118918079
118918877
118919466
118925113
118935585
118935593; 174283075
118936301
11893810X
118949381
118960903
11896206X
118966928
118967282
118968580
118969137
118973436
118976435
118977156
118978128
118984489
118986120
118996444
119001489
119002205
119006472
119011190
11901257X
119013622
119015471
119020157
11902229X
119024098
119024268
119044021
119053985
119055252
119060558
119072424
119074958
119080958
119080966
119091771
119095939
119106930
119107996
119119560
119137739
119148668
119168774
119172089
119172798;174303319
119176610
119177579
119179466
119183471
11919404X
119195909
119195976
119217600
119233096
11923632X
119241161
119244942
119248980
119254948
119256908
119261197
119264919
119265931
119295369
11930242X
119317869
119322218
119322870
119325438
119332531
119334690
119344483
119349485
119355396
11935540X
119369303
119372819
119374862
119382989
119383330
119406330
119409976
119414651
119437090
119441020
119445492
119479788
119482231
11948952X
119493330
119506262
119524368
119524759
119540266
119550989
119553848
11955996X
11968800X
120008793
120076721
120115530
120294109
12031472X
120340399
120345927
120360047
120494809
120541564
120564823
120640945
120841193
12091008X
120960095
121067483
121083128
121083373
121091031
121091201
121095401
121125815
121158160
121159175
121320936
121320987
121336921
121337243
121364984
121365298
121401448
121463354
121463389
121473880
12160201X
121652998
121794407
121813738
121817881
121822818
121858472
121865452
121865665
121922235
121924548
121932508
12195546X
121966771
121973263
121978877
121987000
122025091
122045742
122071085
122087267
122119363
122123336
122125312
122131924
122154770
122198603
122207408
122259998
122303660
122308549
122312902
122312910
122313046
122323211
122340566
122344774
122360389
122414217
122466705
122507436
122530888
122539435
122541340
122682343
122718143
122723856
122748255
122748379
122755383
122775279
122786637
122810775
12281875X
122834526
12283710X
122837916
122871308
122899393
12289944X
122948564
122955986
122962532
122968824
123018587
123032296
123033101
123076439
123082420
123097843
12309898X
123153484
123160847
123211492
123214610
123258685
123299446
123380103
123386004
123405238
123434262
123436990
123466288
123500729
123536952
123561388
123581478
123589797
123681197
123723957
123828341
12398565X
123992338
123994470
124013759
124085385
124118895
124171729
124174760
124269931
124280145
124295568
124315356
124336086
124363261
12437199X
124403867
124404111
124409547
124424643
124473695
124508901
124520073
124631460
124643809
124692133
124707777
124717284
12474060X
124755712
124831311
124842364
124856195
124909043
12491571X
128389222
128432063
128486732
128514051
12859330X
128638656
128807938
128868929
128939311
128957255
129005681
129028584
129036293
129042242
129102768
129108693
129113549
129154431
129181390
129214833
129222909
129235954
129241741
129287083
129308838
129359513
129386782
129437727
129462438
129500135
129521396
129565067
129607959
129613401
129704083
129721905
129725102
129744735
129835528
129841188
129977462
12999457X
130011657
130137200
130184357
130294527
130368725
130368741
130368792
130417653
130450987
130472379
130668885
130839124
130842907
130849715
131428950
131504479
131504541
131589350
131590634
131617745
131968963
131982370
13209696X
132201143
132417987
132435837
132472643
132559900
132584557
132664542
132684799
132727110
132862573
132925451
133067092
133067475
133067521
133202615
133205711
133257363
133372219
133443833
133764478
133972682
13397281X
134034813
134104919
134211987
135656338
135767911
136134076
136351719
136979904
137011059;1033441910; 174304129
137350872
137358482
137360010
137413009
137743742
138173591
138469989
138490732
138491690
138541442
138573581
13861752X
138633576
13872833X
138755701
138806152
138806918
13881824X
138819440
138834008
138850089
138874174
138882398
138887993
13890670X
138937273
138939446
13905863X
139084339
13908438X
13908522X
139148213
139194630
139197737
139239510
139264973
13949751X
139731172
140055770
141309903
141325402
141554428
141747412
142028533
142286036
142551163
143340735
143415670
143615734
143953494
172838878
174044445
174184522
174310625
174356587;118716859
188433724
18844405X
188485570;103747915
