#FORMAT: BEACON
#PREFIX: http://d-nb.info/gnd/
#TARGET: http://www.historische-kommission-muenchen-editionen.de/beacond/adbk.php?pnd={ID}
#FEED: http://www.historische-kommission-muenchen-editionen.de/beacond/adbk.php?beacon
#CONTACT: matthias.reinert@hk.badw.de
#MESSAGE: Matrikel der Akademie der Bildenden Künste München
#INSTITUTION: nicht autorisiert, temporaer fuer http://matrikel.adbk.de
#DESCRIPTION: ausgelesene PND Zuordnung der Matrikelbuecher,   1504 Eintraege
#TIMESTAMP: 2011-08-24
#REVISIT: 2012-08-24
100505503
103748229
117359165
119547791
118597256
124421407
115758240
117330582
116768754
118697781
116995149
118903063
117683817
11650210X
128650044
116006374
119547813
128651261
128653574
128653965
117557536
124320171
119499223
118537083
102463271
102910855
101095112
116118458
116842806
116907258
102511853
118824260
118968378
117331406
116764937
124613322
117471542
128575514
118688731
116940352
129247014
123097932
116187042
117577413
117417157
116267968
117134341
116010991
117292842
102207240
11676841X
118598058
12271556X
118570641
118692097
116702419
124318746
116854294
119509369
132326493
11941662X
116466014
117401692
130275832
118760653
117183016
118881868
116133112
120653621
118750321
109289072
119484129
118703277
122008049
117039632
117322415
116533390
107209101
117296503
104831219
116419016
104830107
105124338
121086097
118701363
117326100
130580821
118762877
119496356
117445320
117344567
116586761
119332108
116943343
116953357
121757501
108312356
116216301
117075728
117428442
116987723
116268077
128649968
129869066
119351412
124464637
117096873
116138327
119044374
118583654
123495741
117490547
124403727
100786502
118871145
12390465X
11689279X
117186880
118603345
124017231
117592552
119243547
118693395
131383817
121582086
117513075
117259047
116887516
117147133
115390650
131712535
118517147
117012645
116664665
116953373
124464467
117575585
118701711
116334371
123016916
119179547
116086688
119377403
118920588
12424047X
11618793X
118566253
116124164
116740124
118183001
119068141
117308056
117321834
116096926
118525786
116534346
118894242
12859988X
116265345
118951815
116956879
128597798
118627570
118609238
118613154
102452938
118528793
120412306
118733915
120136368
117158984
117115207
117482358
116646888
116326859
116912634
116642718
116975865
117255807
116756454
116312351
117217816
118560751
116077441
116742089
117207586
116404868
11863397X
129695181
129745758
116001259
116784504
116418133
116603321
116809833
116669071
118759299
135688434
http://
117543160
11753076X
116183403
116448660
117086339
118852108
12353495X
116349190
118806726
132179857
117449350
117339679
11677570x
118612271
129730548
116364769
118910965
109333268
11737119X
116521449
13225655X
118910221
120915537
129870676
130252476
117305715
131600249
116254432
117108146
117149942
118517155
119276054
123372186
116505036
118700103
117253456
11867157X
121312089
116973307
117052973
117586579
115389385
130678163
116327618
117423742
116957670
117033472
117222054
11911786X
116893400
117680141
116083514
116392509
118783343
118610236
117460737
120551764
116662689
12333859X
124670865
117219053
117430242
13053384X
116106433
118783998
116895799
116620846
116890630
116528478
131801449
117584282
119482258
116302860
110205049
119522489
123084814
116825138
116631813
118592343
116703350
117204692
12988202X
117226033
123494370
116501898
116421908
122210344
130435082
116676396
118816020
116079517
132297124
116854510
129942006
118660861
124101771
116138319
116949430
130562696
116604662
129981869
117466034
116808500
122009452
113943709
12178763X
124288537
129945382
116650494
11757872X
116498501
116077085
117252328
100767176
127914609
129475297
116518723
11708414X
129623571
13061436X
11644343X
116449675
116176822
119040913
116626038
124655114
118516795
131382721
12375576X
119490609
129806307
117548855
120347156
116639873
118581139
116821841
116549866
131553984
123178967
124818218
116549912
116920076
13083436X
117460419
100698964
116083603
120600005
116511117
104195215
117257621
120674939
131566318
117703362
118585037
123516463
120443104
118801953
100237789
118641662
116935472
116724994
103747532
116449276
117129097
117489352
116703156
122213726
116807245
116793848
117219142
116502118
116185910
116979542
116073489
129114480
11668125X
118724371
118871137
116999306
116560576
117543136
11731286X
116078308
118968513
117010286
116846658
116272309
116697768
119534452
117436747
11773215X
119017601
116985283
129603813
119550962
116940573
118670166
132483661
100557007
116712031
12679636X
116192526
116259485
107930390
11681800X
117029785
119035472
117490830
11907365X
117108758
118602403
121723623
116847654
124894585
117561231
119453800
116536985
116803398
129795720
117166197
118571672
116245921
11876022X
117644951
116068671
10426554X
116498897
116093625
117186139
116655534
117624926
116659904
102345503
117030325
118926179
11699083X
116056622
11902165X
116914475
11610015X
116007044
118571516
123872189
118935887
118829726
116427329
116160438
11709370X
118517880
116684151
130408867
117434035
131924680
117151505
117004375
133397122
117152579
117093874
117473138
116326905
117490539
116631902
109011740
117033464
131587196
117318205
118691511
116035307
116688424
117221678
118578804
116404841
117042846
117042900
119475960
119496364
119535920
116159138
116326115
11881639X
116053216
116092947
117581526
119129507
129941956
118730347
117637726
118665138
11637618X
116099992
116779330
123117283
119479044
119455803
118524283
118719904
119060612
11611763X
116898712
116959649
116215941
131086693
130159786
128401656
116082445
116666609
116350369
116930454
117503045
116326565
118900765
118796119
11648747X
117683825
116521147
123209595
119553619
116660775
132890348
116330449
118571222
116595752
116829052
117056391
121420817
118732528
118887262
119060728
118852671
116243333
118824686
130552976
118502212
111463904
116063319
116773057
117679615
118719661
127633766
116883693
11662650X
118751883
118561057
117286052
117090638
117530557
116463597
116034386
116327650
116590408
117227633
118735268
123215889
119532654
116965525
130052264
132777932
128255951
117278211
111245036
11701091X
116626283
11941127X
118802828
116974974
116995459
117681687
116026251
11712480X
117551538
132333066
12369051X
116007036
11952239X
116736615
130114340
132441632
116776293
116504072
116644583
119186993
123960231
116581980
116243511
121225402
121582531
116707364
116400463
117184462
11897789X
116831294
116861223
118934783
116468629
11671901X
117149071
121799093
119254719
117687367
117094919
117483796
116158875
100807291
122703820
130052299
116069740
120778750
116350873
116998385
119550164
118525700
131990675
118881094
130162965
117062278
116907843
117241679
12377666X
118823396
119187558
119423464
116334363
116067179
123004071
116578459
102166188
116208392
116011769
116351667
116801352
118956078
116726539
116359560
117322571
118660020
120175592
122215095
11933835
115067434
117401285
116365889
116036524
116484322
119022206
116923903
117722987
116398507
117315125
117322253
117300616
116030984
122852044
123094518
118558870
119165120
117329177
116014393
103951997
117181382
116519657
127763546
116105534
132110091
116335297
118907751
119104784
109175212
116531517
117604089
116330236
116625481
11875288X
118552058
119429071
116934778
123451132
116352868
116693703
11756267X
100500277
116526858
118086162
118569503
11658274X
117054062
126762902
101491433
117241598
117479802
129597554
116503459
116433914
128331844
116864877
11679013X
117317845
129533289
129941913
119150301
11733569X
116663154
123794412
117504963
117687561
102119643
117731730
116898747
125003730
118687662
127476113
100446957
124232965
116135735
120828863
128681314
116181672
119286300
119437937
131711830
117115304
120911574
130061107
116532327
117307947
117224383
116292547
117098949
117475785
116130121
118714864
119300583
116730021
116914602
119269376
119508192
116292393
119040506
116469498
118522140
119277581
116821493
119148544
117319759
124784607
119133571
13287847X
117436801
118605240
118934392
126942226
103636706
116105917
118917307
119223457
116796561
11739615X
12769532X
118766759
118531646
124595332
130344494
118746618
117190314
116651407
117287202
118619543
116130865
119142880
122096533
116756365
127722416
116572825
11702533X
121619281
117159271
116279141
117161764
117350656
116857129
118585266
118860844
117180262
119419726
121474704
10216780X
116816961
116600845
116376465
116679220
122980808
119401355
117336696
116630779
122063848
123426359
132352109
117171905
118569082
130227390
116441135
118689002
118528831
101199082
119162539
123180708
118741098
118597418
116573511
122298276
118709526
11609057X
121561712
100523803
117462942
118757172
132715031
119026694
116204486
116308257
117039403
130237159
118849409
125987471
117165581
119380641
118529072
13034463X
118614940
117470899
120417510
117093947
11602819X
116701544
116856246
117473995
119486695
11659361X
130148059
133150267
118625624
116883847
117731749
116544287
118624946
118827162
128782420
11630913X
123197902
118796674
118919520
126775419
118957449
126539421
116626607
12683282X
122329899
126405182
11773554X
11678718X
117296724
12692550X
116251557
116514167
116300906
102177112
117550426
118737260
116354631
11681313X
118532413
118502557
118715887
11631446X
134108515
128075295
119489333
119089424
118517686
116785861
117077445
116545461
127424555
111491460
117421804
118970992
11726802X
128505087
116664304
119542110
118548034
122247701
122247736
118687077
122414993
125945493
118838261
126356114
119343312
117182184
127861394
116913738
123888735
130123641
116467371
118718762
118600915
117375330
119025329
117023175
121945898
11883245X
118597205
128334231
119154544
12767229X
129825425
116074469
118575910
116382309
119064707
116028181
118813900
117207578
117352330
124950027
118830597
118744801
118677136
118936786
119488086
118620894
116944943
116085320
117510211
12618559X
117078778
129284386
12622434X
116235985
118903764
100475248
116501510
119175835
118555464
126067376
127080902
130497967
123987059
127888284
117324183
119400863
11734446X
116670509
115585052
117158690
119255235
11945579X
119178346
127525777
115767045
117427055
118590243
116194901
119283352
118932748
11897470X
116097337
116751541
11655343X
11692215X
10639889X
127688811
127241787
127961887
12681838X
117304778
119370034
119473569
129923893
119492172
116160136
126309493
116189592
117572314
128496908
12597941X
130175323
119043602
118868993
118843079
118623214
116661933
119233576
116417749
131343173
130826081
119126079
128761555
126984948
116792671
118959964
119328399
121025365
122746449
119276070
127579338
123345707
102669503
127357688
131740296
118619306
118613650
116499044
118739557
117563439
119495082
130006270
121992667
118935364
118616250
118878301
117314242
119340860
117060941
126182760
128681616
118724053
121571718
116155051
130172448
117011932
118575244
12806868X
116054271
132477238
119391554
127084088
116715650
116449152
118619527
109780620
116611545
11723849X
119515407
117033316
130291633
118777734
117155802
117760218
128493062
116516666
11743339X
116310634
119315122
118621203
116107278
118724800
127832513
117367850
116442042
124192351
118849875
126555419
117195022
116858478
128242019
116445637
127671145
119018322
119393719
128629703
118607537
131527037
122736400
121673332
11251927X
121384918
126867712
11857969X
116416092
101141092
106511475
119214148
12138487X
116970472
130825042
120424290
119245078
118630407
127602127
113731965
116468076
118597175
128670932
118925377
119527480
119328240
118529943
118989669
127525416
116109823
116951885
118855212
128686391
126384444
117765058
124398286
118573861
126976716
129334642
12808099X
117155241
119455870
132449765
116777109
131654179
116518200
123174600
127637176
105800872
132950073
118727958
118567365
113150423
115689281
119290677
103789987
126286701
116768355
116637366
122204050
133463508
118986562
13006758X
11859253X
11945906X
118744542
127786899
111089093
11776731X
119037416
116333669
120401487
117396818
107414279
127221298
11705528X
118632493
118559737
118562827
128845295
119334216
123796873
118842099
118816691
118519441
117269174
118828762
117165662
118687530
122048156
116420391
101767331
133223566
117459453
120618761
127967559
101823150
105802816
120266652
118545167
11857745X
117383384
116793554
11613545X
11949311X
121721930
130079634
119300419
127535837
118753231
118866141
118504266
118753576
117489611
129691755
116978627
124644031
118515837
118934376
116408464
128852402
119262851
118538195
119298023
121917460
128955597
123730406
117155195
122389301
113970064
12764573X
127348077
118573462
127779248
119322900
118803301
120858673
11692795X
118564587
102746389
126500894
123619556
128945125
128860820
114649529
128850434
119447622
116924705
129866423
118507672
127446060
101115652
118769588
118509373
130879266
127402365
119036088
102257523
118606522
118504967
122219759
119272083
124861970
118771795
118665464
118701878
117769029
12193490X
11713600X
116733233
117163740
118665901
127813330
128384700
118530712
118768719
110650042
124678270
11902649X
118812963
127857451
127929843
129730831
127939687
117223425
126333394
119447630
127673954
120693399
116639733
121497518
117502006
119498499
125848439
117768200
119531526
118559214
116567759
11615053X
115828370
118664557
118687808
117582026
116074809
123036844
120012103
120689456
126873038
127703128
118733508
111461464
131841602
129126594
118723723
118756605
116903015
118652826
130943746
118524208
11753580X
133223787
118812238
116617314
119127083
121384683
121363538
105271551
122203844
126807760
116005343
128559411
120861097
122649923
128249331
11899168X
120022346
119275880
116375361
116134763
118739611
118973770
132483025
130182869
118692089
118689738
101348487
121397351
106602306
118546538
11940513X
118803484
117586625
116182644
11869474X
118546279
116155116
116424796
124902014
126349134
126412669
118623915
118630490
11862248X
117654388
118757180
119061864
119515229
118653865
123533724
101609124
132451840
106481894
119151707
118756664
118758454
128592109
126488401
118710672
127412050
118840886
12351052X
119155885
121063291
117768901
116235411
131941550
102274134
124209904
12751466X
118664301
127950060
119122510
126120471
12959587X
123634679
132131951
109620429
131189883
118709453
118592106
119508621
130867551
118652141
131400673
132437228
11883195X
116271116
118722131
118689991
132868660
126525609
116554924
126653771
131904272
119471221
109149319
119341999
127851216
118804820
119013355
118706357
119237555
121173356
109073819
118713671
124438849
130332135
116778636
118647415
117243248
120520540
11909228X
132652706
101327218
121130878
118817280
118647164
118816284
116105283
127687572
118827588
129418234
118877984
130451312
11856045X
118606077
127655905
126706786
127743227
127603344
126698260
130295051
116844892
117425982
119186217
12274893X
11852688X
117731870
128282150
130278335
118762273
119322315
118984306
117377015
118551116
119270013
119454416
121628620
118991000
118543121
127914293
116494131
116883413
129514829
121324966
126722765
121105741
118646524
119133814
119215322
117751448
12746395X
11883097X
119342529
124437532
12988670X
118693913
127737758
118601342
120266679
118679457
118992317
131766139
116845279
116287411
118587358
11703553X
118969005
119430827
118987445
116787589
118549200
128710535
120700972
133278611
119447649
119262789
118606530
118811290
116519363
119426005
126865183
116378980
130303305
121905098
118752448
102180539
118501429
118714848
118592254
126705429
119143658
106146068
116022507
115599894
109493737
119467224
119387972
113821115
127468196
118562703
121158217
117739138
127627618
