#FORMAT: BEACON
#TARGET: http://www.historische-kommission-muenchen-editionen.de/beacond/adam.php?pnd={ID}
#FEED: http://www.historische-kommission-muenchen-editionen.de/beacond/adam.php?beacon
#MESSAGE: Melchior Adam: Vitae
#INSTITUTION: Mateo Mannheim
#DESCRIPTION: http://www.uni-mannheim.de/mateo/camenaref/adam.html#alfa (PND Zuordnung: 504)
#TIMESTAMP: 2011-12-01
#REVISIT: 2012-12-01
10004770X
100068065
100069983
100070043
100182747
100188826
100193277
100195466
100215785
100216447
100218660
100223354
100258352
10026008X
100268536
100286208
100290132
100290469
100295886
100303218
100308279
100310281
100332285
100347320
100348181
100349129
100375235
100378447
100387608
100568661
100630405
100633218
100687741
100688292
100690300
100702988
100705367
100706460
100709230
100741932
100791816
10080831X
100839894
100868673
100894615
100950477
100972365
100981380
101041322
101072899
1012180298
1012274535
1012290360
1012366111
1012372642
102157774
102424918
102438013
102482543
102514755
102559120
102959927
103129537
10408345X
104111801
10411228X
104124172
10413030X
104144971
104159960
104160756
104161884
104180536
104199814
104218770
104270314
104286458
104288639
104303751
10430832X
104318422
104318864
104328916
111548993
115456392
115639233
11564167X
115650873
115732519
116002735
116031670
116067128
116118547
116158751
116170638
116204915
116218363
116248424
116255498
116276967
116296283
11629891X
11632144X
116392428
116455810
116489286
116517735
116550473
116565101
116568674
116587512
116651156
116689781
116713550
116747382
116778474
116865431
116901675
11690237X
11690240X
116911670
11692960X
116959711
116991712
117041777
117071366
117078573
117079510
11709711X
117106178
117125660
117125679
117139440
117154121
117212733
117221406
117238996
117247243
117322229
11735001X
117383317
117391042
117421359
117436259
117499854
11753689X
117543640
11757211X
11757287X
117598690
117599085
117616354
117628212
117646083
117664480
117688584
117689599
11769875X
117704954
117705756
117737437
117752118
118052640
118193988
118501062
118501070
118501089
118502522
118503618
11850522X
118507230
118510487
118513729
118514474
118515128
118516345
118516507
118517287
118517384
118518569
118518968
118519891
118523848
11852786X
118528718
118530666
118531735
118531948
118532243
118533649
118537369
118538209
11854392X
118547615
118555049
118555146
118558528
11856000X
118560239
118565273
118569945
11857342X
118575449
118580485
118580558
118580973
118585517
118590375
11859169X
118594605
118594915
118600796
118606875
118613073
118625780
118632043
118637533
118639595
11864095X
118641913
118645056
118645455
118645633
118647377
118654233
118660314
118660381
118662864
118663763
118666959
118668196
118670085
118670468
118670646
118670972
118671928
118674579
118677446
11867756X
118681524
118685066
118685767
118689673
118693077
118693719
118694413
118698648
118704249
118709666
118710656
118712594
118712926
118716891
118721852
118723871
118726633
118726870
118729195
118731696
118735411
118735454
118735462
118736213
118736396
118736590
118739867
118740652
118744658
118747622
118748440
118749358
118751867
118751875
118752898
11875758X
118757598
118761005
118765116
118768077
118768123
118768204
118769189
118772295
118773313
118776517
118777939
118783297
118790676
118790684
118795139
118795341
118795767
11879728X
118798170
118798367
118798979
118799428
118801430
118803573
118806653
118808397
118829157
118834509
118838881
11884296X
118859730
118873954
118890646
118910035
118928171
118930095
118941232
118955179
11895623X
118960563
118960636
118963228
118983741
118985949
118989987
118994808
11899669X
119003333
119006464
119009137
119011832
119025280
119026376
119048957
11905339X
11905342X
119059487
119064227
119067323
119101459
119108445
119215918
119237997
119296411
119298414
119326817
11936977X
119369958
119384817
119386313
119393697
119433400
119440067
11948370X
119486822
119490528
119499215
119506858
119511096
119620294
119632187
119704609
119708930
119713292
119730979
119762889
119764644
119767058
119778505
119782138
119824469
119849747
119861720
120097192
120239744
120264781
120341913
120437678
120478102
120680300
120691450
120719800
120936259
121134245
121278875
121386899
121542068
121650723
121778339
121999769
122057635
122200489
122246918
122265505
122310160
122433351
122588495
122760441
122887166
122949846
12304863X
123213568
123403855
123414253
123489520
123502721
123566371
123624878
123666589
123880742
123964709
124180043
124209807
124263488
124331025
124362729
124362990
124397093
124408494
124429564
124439047
124447112
124500099
12451779X
124523099
124543251
124555322
124557066
124580297
12459364X
124596592
124616291
124626203
124630650
124644023
124662080
12466833X
124738710
124739121
124744885
124754376
124777031
124799825
124852726
124859801
124882455
124886760
124887619
124899617
124906761
124960812
128370890
128380500
128473460
128501030
128518650
128521546
128556641
128604778
128619147
128621761
128633662
128649127
128678232
128680547
128700106
128798114
128823917
128978678
128994371
12900748X
129043230
129424765
129744638
129891738
130475513
130524794
130816124
131435248
13146387X
131465120
131507915
131553429
131632396
131706330
131879227
132234238
132744023
133796582
135708915
136150314
136241948
136535402
137373074
137500661
137563094
137641524
137999100
138527660
138682399
139097872
139240969
139270043
141353295
141922052
142051101
142752282
143341847
143773550
