#FORMAT: BEACON
#PREFIX: http://d-nb.info/gnd/
#VERSION: 0.1
#FEED: http://mmlo.de/beacon/
#TARGET: http://mmlo.de/Q/GND={ID}
#CONTACT: Dr. Gerhard Schön <schoen@uni-muenchen.de>
#INSTITUTION: Ludwig-Maximilians-Universität München
#NAME: Biographisches Lexikon der Münzmeister, Wardeine, Stempelschneider und Medailleure (MMLO)
#TIMESTAMP: 2021-02-01T11:28:45+01:00
#REVISIT: 2021-02-02T01:00:00+01:00
100058345
100063527
100107346
100254144
10027031X
100284531
100350925
100359094
100364705
100390986
100802060
100803997
100816428
101073550
101309198
101639724
102067813
102237425
102323429
10409978X
115336761
116017023
116263954
116318090
116539313
116539585
116739541
116742410
117156809
117257435
117350559
117472514
117534285
117597716
117700193
118520512
118547623
118563890
118587544
118606220
118606271
118614088
118664999
118710168
118745808
118754297
118755285
118768255
118768263
118817884
119064758
119084678
119098245
119299747
11973205X
119862204
120417545
120526484
120709600
120802368
120974533
121114244
121166546
121312070
121351769
121499049
121623130
122009681
122009703
122161033
122239709
122255763
122329856
12255051X
122691091
122760107
122834585
122835654
123113377
123354234
12368501X
123685184
123871174
124064515
124317316
124382770
124716199
124785050
128321105
12866259X
129100781
129112445
129113204
129153001
12917887X
12918070X
129180777
129232858
129254843
129270172
129271349
129330310
129332798
12946435X
129617237
129766801
129766917
129921696
129941913
130357189
130658987
13066040X
131345311
131471252
132044471
132204495
132461706
13250930X
132704056
133042448
133096939
133238393
133278735
133278808
133482545
133504999
133505146
133505251
133665135
133868176
133966984
135596807
135687535
135704464
135719801
135725070
135725135
135728150
135899443
135920159
136177409
136188699
13618877X
13623920X
136489958
136560717
13656075X
136725651
136992609
137372965
137476698
137572506
137583222
137595298
137764332
138003939
138003998
138126852
138377596
138540780
138540837
138540888
138828075
139255206
139255443
13925546X
139850708
139850988
139990143
140804102
141346965
141929472
142337919
142551066
142787035
142962198
142974382
143465457
143634798
143634992
144007002
171029933
174136080
174219539
174340206
178129968
179132164
189736143
101169283X
1012178609
1012182878
101218322X
1012184145
1012266435
1012289753
1012723941
101272395X
1015910629
1015910823
101612841X
1016191154
1016191332
101627033X
1017637717
101886007X
1019439580
1019439718
1019439726
1019439874
1019623667
1019625015
1019724382
1019724676
1019725257
1019731192
1019743085
1019746378
1019746866
1019747072
1019752157
1020339608
102092571X
1023530899
1023531275
1025144015
102568530X
1030596751
1031221018
1031227695
1032065087
1032068345
1033875740
1034146599
1034660608
103466610X
1034702726
103470317X
1034708910
1034900978
1034910698
1034933949
103493886X
1035075083
1035114607
1035124335
1035135566
1035155109
1035155370
1035393190
1035513358
1036293688
1036459969
1036630439
1037620127
1037691245
1038037824
1038153832
1041697880
104190147X
104226015X
1042260354
104234986X
1043080317
1043180990
1043309306
1043563245
1044276479
1045323365
1046595482
1047129590
1047151448
1047246406
1050542541
1052711618
1052837034
1053409788
105517947X
1055254315
1055465162
1055604790
1060133261
1066233462
1067331905
1068176687
1068348674
106859201X
106980388X
1070047724
1072585677
1089846878
1091071748
1098138074
1102174564
1104275015
1111059004
111180768X
1112042342
1113203897
1120440769
112133671X
112329156X
1124411089
1126525561
1126983365
1136329234
1136915311
1136915508
1136921168
1138814237
1152334115
1154346188
115434679X
1157697933
1157745008
1157872484
1157907180
1160911533
1162343060
1165010933
1165012103
1165012227
1165014785
1167840623
1169825095
1169825109
1169825117
1169825125
1169825133
1169825192
1169825230
1169825249
1169825273
1169825346
1169825354
1169825362
1169825370
1169825389
1169825397
1169825400
1169825664
1169825672
1169825680
1169825699
116982577X
1169825788
1169825796
116982580X
1169825818
1169825826
1169825834
1169826229
1169826423
116982725X
1169829732
116991196X
1169912273
1169912370
1169912389
1169912621
1169913105
1169913156
1169913164
1169913172
1169913180
1169913725
1169914276
1169917291
116992056X
1169920756
1169921299
1169923801
1169924921
1169989896
116998990X
1169989918
1169989926
1169989977
1169989985
1169989993
1169990002
1169990096
1169990592
1169990835
1169990878
1169991009
116999119X
1169991238
1169991262
1169991327
1169991351
1169991408
1172241724
1172242569
1173383611
117338362X
1173383638
1173383735
1173383743
1173384057
1173384065
1173384073
1173702067
117462731X
1174628669
1180229169
1180230728
1180385616
1180385799
1180386140
1180386329
1180388763
118038878X
1180388798
1180388801
1180388860
1180388968
1180388992
1180389050
1180389115
1180389204
1180389573
118056829X
1180894448
1180895819
1180895843
1180895851
118089586X
1180895878
1180895886
1180895894
1180895908
1180895916
1180895967
1180896068
1180981367
1180981685
1180981693
118119086X
1181678684
1182379494
1182642853
1182682065
1182742661
1182765548
1182765637
1182791247
118280070X
1182800939
118280103X
1182890032
1182890199
1182902804
1182990045
1182990142
1182990207
1182990266
1182990401
1182990614
1182990681
1182990762
1182990894
1182990940
1182991084
118299119X
1182991262
1182991351
1183089767
1183265689
1183364636
1183463677
1183463901
1183660189
1183677464
1183796285
1184079838
1184080097
1184080267
1184084084
1184086885
118408694X
1184089728
1184107270
1184152268
1184536538
118474470X
1185301275
1185323244
1185323252
1185323570
1185324062
1185324216
118532433X
1185324445
1185324577
1185324666
1185324771
1185324860
1185325190
1185325395
1185325573
1185325697
1185325743
1185325859
1185325913
1185326006
118532612X
1185326197
1185326278
1185326340
1185326421
1185326480
1185326545
1185326642
1185326715
1185326804
1185326936
1185327002
1185327665
1185327800
1185327940
1185328033
1185328157
1185328203
1185328297
1185328408
1185328661
1185329056
1185329153
1185329390
1185329706
1185330100
1185330348
1185330445
1185330690
1185331158
1185331468
1185331522
1185331573
1185331824
1185331867
1185331921
1185332057
118533212X
1185332235
1185332294
1185332391
1185332464
1185332529
118533257X
1185332642
1185332707
1185332855
1185332944
1185333088
1185333169
1185333630
1185333762
1185333886
1185333959
1185360719
118536093X
118536109X
1185361243
1185361308
1185386319
1185386688
1185386793
1185386890
1185387013
1185392521
1185392564
1185392602
1185506896
1188991302
1188991655
1188991817
1188992252
1188992473
1188992538
1188992570
1188992821
1188992880
1188993402
1188993461
1190001225
1190001233
1190998270
1191096521
119116912X
1191365042
1191558975
1191561755
1192305752
1192367499
1192977955
1193628105
1194297498
119442841X
1194826059
1195301197
1195301367
1195593791
1195593899
1195596189
1195596278
1195596952
119559741X
1195859848
1195859961
1195860196
1195861907
1195862105
1195864868
1195935609
1196288488
1196289921
1196290881
1196291233
1196623937
1196624348
1196624917
1196625301
1196969949
1198856718
1198856742
1198856785
1198856815
119885684X
1198856874
1198856890
1198856920
1198856947
1198856971
1198857005
119885703X
1199099929
1199100080
1199100129
1199100161
1199100196
1199238945
1199966665
119997983X
1199991066
1199991597
1199991716
1199992283
1200199952
1200199995
1200201078
1200201094
1202000509
1202000762
1202002986
1202060951
1202120008
1202120059
1202126359
1202609120
1205149392
1205154868
1205154973
1206241829
120624237X
1206591536
1206591552
1206591587
1206591595
1206591609
1206591617
1206591625
1206591633
1206591641
120659165X
1206591668
1206591676
1206591692
1207251968
1207252085
1207252166
1207252530
1207257028
1207257125
1207258229
1207258369
1207258792
1207258822
120725889X
1208000128
1208000578
1208000667
1208000780
1208000918
1208001027
1208002589
1208002732
1208002848
1208002910
1208003011
1208003097
1208003135
1208003216
120800333X
1208004271
1209864460
1210280027
1210298570
1213658004
1213800730
1213894700
1215234899
1217607978
1219802735
1219802824
1219802905
1219802956
1219802999
1219830607
1219830615
1219830623
1219830631
122189126X
1222830450
1222870770
1222870908
1223373835
1224868870
1224868986
1225180929
1225180953
1225181399
1225236630
1225236665
122523672X
1225236851
1225236886
1225236908
1225236916
1225236932
1225236940
1225555140
1225555264
1225555361
1225555469
1225555531
1225555558
1225555566
1225555582
1225555590
1225555604
1225555612
1225555620
1225555655
1225555663
1225555728
1225555957
1225558026
1226013503
1226014712
1226016235
1226017355
1226050115
1226050123
122608950X
1226089518
1226089526
1226089534
1226089542
1226089550
1226089569
1226089577
1226089585
1226089593
1226089607
1226089615
1226089623
1226089631
122608964X
1226089658
1226089666
1226089674
1226089682
1226089690
1226089704
1226089712
1226089720
1226089739
1226089747
1226089755
1226089763
1226089771
122608978X
1226089798
1226089801
122608981X
1226089828
1226089836
1226089844
1226089852
1226089909
