#FORMAT: BEACON
#PREFIX: https://d-nb.info/gnd/
#TARGET: https://www.uni-marburg.de/uniarchiv/pkat/gnd?id={ID}
#VERSION: 0.1
#FEED: https://www.lagis-hessen.de/pkat_mr.txt
#CONTACT: Stefan Aumann <stefan.aumann@uni-marburg.de>
#INSTITUTION: Hessisches Landesamt fuer geschichtliche Landeskunde (HLGL)
#NAME: Marburger Professorenkatalog online
#TIMESTAMP: 2020-09-18T02:53:03+02:00

118500155
115749101
116726202
11943881X
118692712
121587983
118690604
141750936
101248571
116885963
116207965
118598511
124367828
117284874
101355513
116133171
1022832743
12872529X
129626740
11709644X
118605909
118732080
102285977
116553723
1055323783
118779508
118867733
117376280
118516272
12136965X
117399671
116351942
117330361
118636383
11628322X
117284092
116352043
118558358
117199974
116844043
117494968
116229292
116709332
118558862
1055414924
118857444
118714325
117243310
12098167X
116449837
118549995
129187496
117025488
117095850
117102997
116004991
116097523
118654918
116120274
116539585
117664316
116101660
118677330
119210576
118550551
116590912
116610972
118569333
11725939X
116734728
116759739
116872926
118619837
117637475
117350699
118804499
118770195
117380652
117673994
11747357X
11649378X
116966831
142373893
116999101
121449130
118820141
117365106
100329446
104047038
11752302X
118517058
117259446
118546058
117251992
118579126
124094678
118545248
118835246
100823149
100868258
117434574
116824271
117047384
116700173
10010701X
121351483
104279907
124533183
116470089
104338776
116509228
122545575
119396181
118717812
116885955
116483547
11856594X
104366869
118627074
116606428
116161965
117336947
1089505043
116809132
118704176
115445870
118798669
130249424
120796783
118748971
116669454
118571087
11621886X
118703129
124906761
100692478
118704249
118566393
117227986
116065028
116580976
100130186
121696839
118711415
117189855
116724269
118759868
118690817
117108057
118667904
117108456
12466833X
118550942
172056489
118597612
100153003
11736701X
123359937
124150950
133644618
100065252
117642398
117181072
115842322
117565032
118629913
12995926X
118739220
116179325
100160883
189472227
117585971
117026158
119628694
118736213
117647829
119807629
118645633
132234238
118726080
11977562X
118989987
116083980
117276529
116575891
11536448X
131609548
121786412
116975237
116568658
122201965
1025831055
116093404
100279317
117102385
104317191
100338070
102549885
118510894
118573519
100303145
124596592
128747900
1012842924
100675735
103078967
104357541
1106113535
118555146
115509216
118621599
119778505
1106150325
1106390954
128461624
119858878
128521546
119807572
100295886
116907363
1047022028
122417283
116371838
115389229
117664650
124768164
124615023
116774487
122487192
123434912
104144661
116341017
100303218
115885439
12956091X
136659314
1043591184
120445492
116309431
103116745
104272406
116734051
117027219
142123080
102505918
104286563
100750389
116544511
104066393
116423706
121224333
121653595
142233056
104099518
1011572850
137636717
124615503
123713986
100868088
128781327
124680763
128622717
124728030
121798062
122108450
11610614X
115693068
118586548
119034891
116228695
119380269
11718585X
116623853
118757040
101251327
116730986
116400609
11726878X
115602445
116508116
118653644
118776495
117050601
116592915
118891642
116255552
116678631
117697400
123659582
100828922
124620019
121196674
104276932
100093671
10019561X
104063769
117661260
100274315
100358918
100347681
141150068
117024090
116644494
117401951
116476850
115531602
116947233
118596969
117346039
115536752
117050202
117574414
116595914
121748812
11886906X
117248878
116563540
116505680
1037091914
121278875
116899611
11679870X
116552204
118834193
117421693
116319623
121422658
103145281
116919140
131632396
11769875X
110634006X
1089274475
119298414
119298414
1106121619
1106116577
117441163
119639106
141814314
11613450X
1106336771
119774569
117602256
133141861
143413090
11626442X
119092603
118613278
116308419
117022071
118762117
118721461
118527193
117493627
118521411
116589817
104276894
102158185
122808193
115416471
1106270088
104347643
128660813
124150934
117591122
1104521997
118862960
100069924
116792221
104333286
117115460
104267879
119497662
1100382453
116886439
104317531
122494121
121108406
119394006
122263006
117261637
100869734
124760732
1100383441
104295147
117503398
1055727337
117183857
116004924
117212733
104318260
100091105
119647273
117416088
117159840
124917801
117618500
121717771
1106341139
100383610
118983741
122523806
137872445
138682399
119774550
11979019X
116251778
104340770
118673424
104980893
116208147
117558680
115784748
116901985
12498066X
110611597X
104040068
104060506
116248688
117079235
117016446
119542595
140638989
104273836
117281352
116970103
116627190
137417977
117553859
11680713X
102519781
117639443
116063122
118684604
110634314X
116007494
1026260914
11759556X
117284580
136713742
118605798
13093917X
116867205
1106119886
116489774
116531673
116995920
116449217
116709510
119499231
117306010
117645532
117602965
116042958
138537461
123944678
116655372
119656760
124442072
11606238X
116706384
123951305
118715860
1120978955
116605677
116415312
121801845
110039804X
143616277
120649233
118750267
11984947X
102535310
117549290
116434597
117419117
11680517X
1106259122
105536336X
124442862
1055426671
118762672
1106153855
121653676
102904987
1100399704
121044939
117169803
116218940
116092858
123998735
1072393026
139049142
137593074
116813482
117205508
128895160
116795344
116495065
1016868014
116718579
116841451
118616692
1052495605
117449172
141762020
105523702X
116419873
116392991
124202683
118658360
119182092
116972920
118599313
116884967
116809396
116212292
122592085
117102784
116139587
116225114
116739517
116132663
116400471
117166383
117538833
118637843
117413755
116208317
116463724
11728310X
116111585
116619643
117293938
116029110
110578598X
117104043
100165346
140702520
116814683
117335673
117077070
117022829
117016632
116253215
101717318
101339542
11722023X
128646535
116392851
118620223
124361080
11606501X
117054453
117076465
138170266
102179026
132760835
118779257
110611499X
119003333
1106361415
118569015
11867367X
128676353
116608358
116898364
118658085
116649844
116793074
119762889
1043835385
119120682
116951303
1106357566
117206024
1047507471
118634771
104337451
143234552
116523824
1106262190
117181641
117229121
1012808513
117008265
118800337
116764600
116959223
129207756
101235798
117215384
11587030X
116210966
138710511
1106279468
1106148045
1106154835
1089819994
116219033
117597716
1106350839
120218062
137587899
116253711
117354937
116017686
117234621
118536753
118990284
129424765
1106112385
1104290685
1104522519
124885357
119763192
122550218
116186232
115832246
137621116
118742906
122571533
1106356950
116226250
117160970
1055540598
128569328
1120979188
120101599
128727527
116818034
1100543120
1055345698
1106270479
116042516
102012687
116987251
126944067
116192402
102628998
118683535
132401800
1124369392
1124369406
1119828260
116121203
116002107
100446051
132229633
101430396
117567442
117207500
116273143
117304719
117198609
11646125X
116301015
104311398
131824112
129483486
116257946
116508868
118864580
1055123768
116484705
11743244X
117647551
174153937
1069192279
117107786
1098519884
116850051
1069193186
1069193771
1069357707
139229574
14196085X
1071108727
141305681
118554107
122181530
116331992
118807943
116896116
117409170
117255599
101402023
116342366
116193743
118806475
116910402
120687968
104092122
1055444181
117365459
116807873
116507896
1106273184
1106120795
1106338162
112436952X
1106286863
1106152883
110626133X
1106286480
1106281934
1106338944
1106120280
1106261127
1106281586
1106112091
1106355849
132722429
1055444130
1106335945
1106264142
1106154363
137644337
118761838
1106336011
1106122038
1106154940
1106352440
1100567429
1106273540
1105785262
1106335562
1106285824
110628531X
1106351789
120639718
110578617X
1106272153
121915557
1106356381
1106269292
1106359712
1103849654
1055463925
1106352130
1061156656
1106285085
117071552
117078816
122683099
116498439
116112700
118630849
102413711
117370398
116904496
142911623
120190176
117657638
119746514
117241016
116522550
118888455
117360120
1100576738
117356638
100608957
12039572X
10437652X
116171278
118644084
118618385
117592277
117573795
117135054
1055444033
1042416680
117532657
1100579516
136279538
116884282
116343338
117620955
118729470
117555401
117618861
1106263774
110627301X
11744572X
117682594
116454520
116005696
11749819X
117609153
117559067
117675075
117509825
143630423
1053524838
104189924
117498181
117635847
118728881
11904952X
118650629
116120312
117007978
116256168
117646458
117531804
115655557
173861008
117511196
117280321
102308330
137240562
1055446133
116659335
1100726578
1106285751
1055424768
143546740
124412270
116669713
116691247
116253517
117304336
143038265
117538442
117675806
116063025
117607126
117430331
1105785815
119304074
116375337
117512303
116514086
116036400
1106259262
1106260260
1106147634
104121599
123866138
117129461
116117095
117545511
116011300
116337427
117116246
1051653487
14276485X
11640616X
117451207
119065053
13956392X
118643657
1106271602
118563696
118861778
117090972
100683983
11677147X
116635460
116252049
116288396
116231114
116085614
116089849
1124370226
116429372
117184071
117351490
1095686100
115558772
104070331
104147873
100533787
117359335
118664999
119151375
11645251X
117002062
118781995
104063270
116585404
117595586
117112380
116677422
116542519
117467642
117386693
116341386
116562544
116828412
118549871
117243167
116809426
116013559
116337559
123998565
117538205
117211222
1128107945
115505660
119820838
138949530
115850945
115562869
101052677
101102887
1114089591
104259825
116001275
11750274X
117686794
118901044
1055105875
117599123
116119551
117522171
116808985
111431319X
117683574
11641507X
116863722
139880534
11621452X
13976321X
116214228
118740733
116303409
118717863
116620501
117555711
118678280
118673173
118701053
118659715
116294671
119761009
117662690
116939176
118716875
11717131X
1050552172
116051124
118505025
140376453
118502964
104556145
11604411X
119513366
118653970
104728582
116121505
118518682
118655655
131963279
116221380
116255617
118517406
1031330151
11867871X
118525808
11646187X
116357142
118532006
118990160
118536575
119065339
1026053471
136153402
11871953X
118544829
118547836
116744200
118774263
1073902196
116927461
1035403129
124751814
1051525896
104588861
119142236
105620742
118567640
121091384
106465279
11914655X
1018558306
1026819075
119501473
118968505
122255186
118590871
118593889
118593927
118608231
128761830
117440833
117364363
117629952
118748645
117272736
117264296
1135000778
118622692
117249661
11908757X
1035177048
105540418X
1055487921
118635441
118635506
118636405
117015067
118647806
118649167
118504126
123605423
118939831
1055206906
11866591X
123080142
106093916
104835931
118660721
143580191
118514431
118664573
119167964
118521845
1154950603
105143464
118686518
172081114
118719076
127673903
143094947
1055158529
120220393
172124085
116502959
118710419
172134285
124361005
118825704
11870513X
134071123
119185539
1072520087
11723415X
122776690
119128365
116170220
135762634
1031763406
137747187
118715844
116754788
120521784
1011644126
1055329765
125761546
120682508
118729934
116731648
1033425583
11928877X
118733575
102015511
11881396X
1055339280
1104964953
117755222
1078040427
118744283
118601989
118794884
69314096
129950378
121510239
118760203
117086134
117132624
117261165
138092559
117412945
118806971
117441805
172474108
1145921426
124149014
027391281
104494207X
1055363084
117768146
1034694200
1042214832
117586358
127744371
118656120
119225476
140487093
172001633
101158297
133097641
118660373
143365916
121079686
133286231
104888318
118825496
139765719
1146118600
104576146
121630765
142455350
107833816
105001589
1034674781
11601072X
1046667238
13621438X
117732567
117715808
112607022X
123490561
130074276
125166443
1050470710
124216234
105434590
127554262
105246069
125087683
128457716
13621472X
116720158
105144290
118542540
11586055X
118715909
13593320X
137600771
1109832265
105748315
116924667
107257211
128120169
118701290
137436297
1192234618
115681892
104731664
122130715
122478681
1015554318
118719696
104825316
105697710
105292583
105473502
105002194
128391103
123072514
137480326
126848181
138958009
172159911
1050554310
105496310X
138703736
11704721X
104707909
116068027
143615122
128504749
127499601
106013041
118842838
10844757X
1012403912
118721186
138968748
1050553659
157776484
105199168
118648721
10552512X
116197579
118869213
104860936
116227222
136033229
105550175
1042518076
142825352
140661883
1203322372
106274376
128237856
1145802044
133703770
105839868
1050549090
117676888
118165615
139269355
120532255
116661577
117557439
12012274X
120884217X
119463253
105453358
122797736
102724180
138366055
1196047464
1055372318
1035091828
112661565X
105939684
131914936
116898216
141269936
106272233
127746374
104757337
1050550064
1123093873
1114517992
106459031
10548508X
104576200
1112968237
116142898
132362279
105372714
1050551915
106920162
1013253884
106094203
132291991
1165370336
11775711X
116131772
18510088
11851041X
136322301
106727619X
1023504030
118663976
118684663
118986864
171982509
118809857
118514164
104933208
118515683
116482419
10553952X
106094211
118516787
119027178
118817086
118833154
105152218
118523058
119138115
116013028
118671278
118679252
118878905
116087978
125177895
116319437
101964226
119057239
118691422
118533681
116703334
118692623
120439239
116800984
119426757
118537032
132712369
116740256
118540459
118696866
118700235
11636341X
119318415
118546317
118773429
118547798
118547852
11854800X
118548123
117513792
138119023
118773860
189418729
118702815
117525820
118552422
116944005
118552635
119083388
130597619
117010782
119162229
114195320X
17344203X
12571548X
125761910
1139794922
117600350
128270969
104530243
125813651
1198127120
117620998
120935821
104707933
119103575
1055425209
105523240
143429302
1075169100
117326941
13010034X
13202134X
11764434X
1065279264
10452040X
1052971512
128273364
1060706679
118762354
1012573451
13337212X
11914090X
1066614709
124680186
1146761414
117473413
1159107718
117216216
105345458
105536787X
132574349
128386002
118619764
125774192
1055370595
11726881X
117368385
101571127
173094597
107995712X
117093017
135733138
1124695273
117328715
117355771
117428205
1055442146
1060161435
108477592
117433241
141252251
1050532104
118636472
137261373
117048178
1055285202
119127199
136058299
118945130
118561669
116194073
118777254
11856501X
118724703
119173549
