#FORMAT: BEACON
#PREFIX: https://d-nb.info/gnd/
#TARGET: https://ikmk.smb.museum/extended_search?search_type=extended_search&search_values%5Bfilter%5D%5B0%5D%5Bfield%5D=gnd&search_values%5Bfilter%5D%5B0%5D%5Bvalue%5D={ID}
#VERSION: 0.1
#FEED: https://ikmk.smb.museum/beacon_gnd.php
#LINK: http://www.w3.org/2000/01/rdf-schema#seeAlso
#CONTACT: Karsten Dahmen <k.dahmen@smb.spk-berlin.de>
#INSTITUTION: Münzkabinett, Staatliche Museen zu Berlin - Stiftung Preußischer Kulturbesitz
#NAME: Interaktiver Katalog des Münzkabinetts Berlin
#TIMESTAMP: 2025-14-01T16:35:55Z
119251221|1
114148902|9
129068772|37
119315262|20
12330492X|3
122721888|14
121066762|113
121418294|19
1175597090|1
1194021484|1
11869474X|56
119129566|13
128437421|21
1067102701|98
121095282|8
118999346|5
121012751|1
189544449|5
105132646X|5
128746718|7
110840844|1
1035605252|13
137531311|4
133595935|1
1063067812|3
118762168|6
138786267|19
1031657576|15
122495497|30
117239356|5
118742558|3
1064961622|15
1017002509|5
118750720|1
118589040|1
1189755157|12
1012563952|5
1012563960|1
141151862|1
118552104|9
121129373|1
1147387443|4
119133458|5
118915932|104
119343029|6
1012758257|1
1065484798|1
1025486099|3
1236245121|2
143862715|1
117715050|2
1099915724|1
122703863|2
141439297|1
129587125|1
1207720836|5
1122055560|20
107353152X|20
129021482|2
129637610|2
118760327|1
143241125|6
189478802|1
11736424X|28
118660020|1
118959743|2
126520356|5
125011628|3
1081905727|2
118512064|1
119282380|14
1026025885|1
1202532012|2
118529943|2
1012378527|1
116846216|13
118547860|1
116074469|6
118563335|1
118777734|2
116386924|2
1132170176|1
115551307X|1
135629845|2
1050550145|1
1027093841|22
1057766887|1
1195091346|1
119116421|4
1136440976|1
1224594452|2
1333989229|1
1041648057|3
1066418594|57
117427055|1
1176770462|10
174269528|2
119532352|1
122793064|1
119261219|1
14083740X|1
1206591668|37
120624237X|1
108105557X|1
119198932|17
121026019|6
12481400X|1
11883889X|313
11850049X|1
118653032|3
104275405|2
118646974|4
1020450738|8
135785553|8
1049395069|1
116008652|1
117762601|1
189406437|2
131528270|31
138529388|2
136911323|1
120251973|1
143210777|1
143210726|2
13578588X|2
118637606|1
100014704|36
12932521X|2
118647245|5
136719651|1
119084147|1
118835319|1
102419353|1
119379279|3
11864436X|6
123437849|2
118647717|3
118647733|40
118637665|2
121052893|16
118647768|58
138733422|1
136912168|1
118848399|2
118647776|4
118644343|1
117921207X|1
118647571|1
102478929|1
120438879|1
118501607|2
118637673|7
118647725|2
118628755|42
136818986|1
1082778060|3
118647954|4
118701932|2
118653520|1
118501844|4
118647989|3
11930466X|1
120527839|1
118501909|7
118501925|5
129523291|2
137553366|1
12222518X|5
124015905|1
118648101|2
11864811X|3
119212323|1
118637681|3
118648233|22
139711953|1
139851720|3
102419396|1
1037042379|1
118645099|137
100939716|1
119443481|1
100729932|2
119020688|1
118649507|2
118649450|12
121014940|1
118503235|2
118971344|1
115502572|1
102379726|14
118503367|7
11864534X|31
128838442|7
118503405|10
118503413|13
118649647|4
102379998|6
117764310|3
118736183|1
101100655|2
118503499|395
118848445|64
122110366|1
118504363|2
102422249|1
118650440|1
10242232X|79
12089260X|92
119458446|16
118505084|19
118505092|98
117764787|1
11865117X|45
211185360|4
139154205|91
119163608|7
141122285|1
142659800|2
130535184|5
100026656|2
102383006|12
118507028|3
120911450|2
118654179|8
118654160|5
1031292802|11
118851225|1
119121468|4
138734763|1
136816703|1
119549999|2
137529511|2
118669524|1
137161417|1
118510029|2
118656724|1
123324432|2
1166687465|1
104279044|2
121396754|26
119399679|4
123779952|28
118854356|2
12252943X|38
1038690595|1
118674730|1
102425817|108
137840624|1
118505122|1729
118518410|188
118667041|644
118870300|50
118702297|17
10204337X|2
118818252|2
105105687X|11
10237418X|1
119016478|6
118586416|10
119029243|1
10242716X|2
137338902|1
131536362|1
118520458|2
102427194|1
134185307|1
102427216|1
102427224|6
123576733|9
104194693|5
128744405|58
130018163|1
1052855741|1
100123910|1
123160081|1
118720937|5
12939159X|2
118676075|2
119195380|3
100265901|3
118676059|13
102117977|11
117347655|1
119382091|2
10212809X|2
100081746|35
118520652|10
118147587|1
1153616378|2
122868218|1
13633329X|1
105443381X|1
115378626|1
118871099|1
101659318X|1
136912990|21
118521063|221
118521071|22
118634224|2
119070758|1
118563114|1
118723502|1
118723510|5
119022524|1
119237512|2
119139162|3
129063800|9
11856384X|3
118521713|288
1047495465|55
124745938|32
118565184|1149
118565192|102
102043302|6
118886746|4
119178265|4
118565176|3
119022397|5
1240549903|4
108256656X|2
119159589|80
118521969|265
118638521|4
124843778|2
118882945|1
101193731X|3
118523287|3
11564976X|1
102412243|1
124665349|1
119272830|7
119272849|1
132308231|5
137807252|1
118996452|8
136844758|1
137317794|2
136192564|1
118525530|109
118679651|120
118679732|1
118672231|727
119098164|6
119306735|1
121930718|37
104175257|1
1014632609|1
1018553002|1
135734665|2
129636525|1
136871135|2
124388140|1
11907978X|3
118687867|6
118687883|14
118528939|4
118528971|6
118687891|5
118528955|8
118687921|1
102433801|3
135902711|1
135904986|1
123899168|3
118638890|278
118505483|1
118688642|83
118529870|23
118529889|66
118684450|1
14044162X|2
14379258X|1
1068884452|1
11853033X|1
132654660|1
119190230|3
100940625|4
119446359|2
118682296|1
102530963|1
101052677|4
118530925|6
124983847|5
119004615|1
10211790X|2
118530887|3
130226238|1
119244292|104
100455840|3
102308888|1
118530933|4
1015779565|1
102441758|2
118682474|4
118822330|3
118531328|1
11892396X|8
1203148453|40
12456870X|42
119358093|4
12136903X|84
121823946|1
130235172|1
119167182|1
122377680|5
118532502|17
11895363X|1
118686747|5
118532537|55
118686712|7
118532510|51
118532529|5
119560291|3
119307421|10
118686763|1
100941362|3
1059952734|5
119360675|2
132333112|1
132409496|4
141121033|4
118534955|9
11869247X|4
118534947|6
11882080X|2
118692925|6
133171884|1
119077647|1
118535013|15
102109079|1
118692984|2
142252336|1
118535803|3
10211787X|7
118535633|2
1173382313|1
12099819X|1
119228130|1
118693484|33
136724361|1
139408479|1
116884061|1
119165198|10
118693611|4
104183055|1
117753416|1
101509766|1
102665591|1
118590200|1
143695614|1
11870317X|15
119187620|2
118535862|23
10210915X|1
118535757|49
136025919|7
118535765|46
134213173|3
100127509|3
11853565X|6
118535692|28
118703188|2
118535749|3654
130249424|5
118703218|1
118535714|3
136009727|2
102109117|7
130534994|4
142009865|2
118535773|9
11853579X|48
133584887|1
118535641|1
118535668|13
118897667|2
118535730|140
119536420|1
102017433|836
129880019|24
118693522|6
11954931X|5
118535684|81
11853596X|75
102111898|1
133100723|1
118535978|63
11869362X|74
118535986|148
118535994|64
118703242|1
119108542|1
118716166|241
14397159X|2
118812920|9
102393834|87
118537334|192
118628615|2
118690337|13
119137356|1
118958410|6
118907255|1
142676152|1
118538535|9
102300186|1
118538543|9
104311886|1
118716913|25
118690450|13
118958089|1
120065703|13
118690485|10
118690469|4
102116156|185
119200767|2
118538608|31
118717057|19
118717154|220
102394156|2
102470286|1
119166291|2
119166305|2
118540793|395
11869720X|44
100943616|1
11871869X|1
118541897|1
119427303|1
1195469217|8
117360708|1
102478619|3
118699431|14
118543733|16
118543725|1
122651634|1
118544373|380
1013332903|2
1019738472|1
137525710|2
118863096|653
133506258|1
138843317|2
118773720|1
118548174|2
133500780|3
118548336|29
124912974|18
135950120|4
123951100|1
11854831X|6
133801772|1
124986536|1
118548255|38
118709755|16
1158947046|2
118548166|2
118548468|25
118548263|9
118709763|2
119377055|1
1114311537|5
137944918|4
118548271|17
118901435|4
118709887|5
1017768889|1
104254173|1
11854828X|11
138744009|1
118548182|1
102111871|1
121774694|1
118548298|13
118548190|8
118548301|3
118773712|2
118548204|3
1196298696|15
135951429|3
118014145|2
104254254|1
38771316|2
1203387180|2
132308169|5
102421064|26
137946635|1
118549707|3
139148477|3
137946554|5
115460403|1
118549847|4
118704672|6
1217508813|3
119265737|3
118557432|7
118704788|12
118962558|136
101547988X|1
118706934|65
10238794X|2
118555677|18
118920758|2
118555669|1
102396337|12
133982424|8
124017177|4
1157161669|2
118710842|1
119560119|4
118558684|46
136223753|2
136254144|10
118639889|9
118711539|3
118775847|1
118711520|1
119127997|1
119197391|1
1179282124|3
115471979|2
117677256|11
119214644|24
118557556|27
134207149|1
1179282450|5
118712322|4
12433072X|3
100948170|1
118974173|1
119362341|1
122479955|4
121047156|13
128964421|3
102239452|3
102305617|1
122685806|1
118002805|2
102307229|4
118712381|16
119218968|9
118712373|11
100031900|2
104194871|1
129069930|8
102111588|14
101093713|13
100029752|54
119100320|3
118042114|1
102117470|1
11871239X|2
118708171|1
102574472|1
119203111|3
121977056|1
10095099X|1
10094759X|1
120193795|9
11940429X|1
119135574|4
135868157|1
142573000|1
118052632|7
118904213|3
140832165|1
122841999|42
103120815|5
137949839|1
13887073X|3
119389118|22
118639927|2
118712284|1
118610066|1
137530285|6
118712497|1
117677337|11
100947778|1
122914899|3
132590220|2
118557742|2
11944755X|5
120108801|2
102111553|6
12112262X|1
129674850|1
104201517|1
118712411|2
136720854|3
118557793|1
118712454|4
1011949849|2
118712446|2
119554135|1
118557912|1
11909990X|1
118713175|1
118558390|8
118558404|5
133692558|1
118842536|5
118957988|1
118558714|10
118528696|1
118714090|9
11855896X|196
120174952|7
120174960|31
102518157|16
122841123|4
118560069|33
122880579|5
118560050|1
128444428|2
120210053|3
119278219|4
172671949|2
11856014X|4
118560034|222
118640119|10
118560026|5
135687217|1
118988328|2
118560158|5
12289278X|2
118560166|1
137845944|9
1023019787|1
10427817X|2
118720856|41
10044220X|5
118560093|41
118640100|9
115561897|9
118560042|13
118175017|3
118898434|1
118925059|14
118720953|2
118630938|1
118776746|2
137844662|2
118560085|11
118776800|12
100442234|3
118560182|3
11898831X|3
118560190|8
118776754|6
118720864|4
118560107|2
100736416|4
118560115|5
118776762|3
119270048|1
11913988X|1
118776770|3
119160978|4
118560123|7
118560174|1
118958445|1
118560212|5
118990217|4
102374090|2
133288463|2
11872116X|1
118560565|25
118910914|2
136505988|8
131877895|103
118640208|1
102385173|2
1267535792|3
11856322X|19
121506533|7
118713949|3
119308339|1
137951493|11
118565079|11
138775516|4
1034923609|2
143324667|10
118713892|3
137346204|2
118565087|2
118713930|10
1030492891|2
118565141|1
1076045359|6
118725424|233
133536025|2
1191130525|6
102397112|38
118779540|3
118901486|5
118640437|6
129038393|4
118571869|9
118571842|3
118571877|1
118727648|3
118571850|3
120453398|1
118827839|5
118575341|1
118727664|1
138834997|5
102397287|62
138834938|1
118780514|9
118826816|1
118574515|1
118896156|1
118643150|110
13795462X|31
120011271|2
120810212|1
100655378|32
1042166781|1
124485979|1
118729462|1
118640658|65
10418356X|5
1021753750|1
124234550|1
119015757|5
11803698X|1
118574884|5
1036841170|1
100952518|4
137093594|1
132716186|1
119392895|13
102223262|2
118574892|2
118574906|3
118863746|3
137956770|6
119431386|1
100952526|1
118574965|5
118729373|5
123011884|1
118574957|6
118729411|5
118820745|7
118780719|1
101052871|2
137957408|1
137957068|4
117267899|2
118574930|4
118780735|6
11872942X|6
118816829|75
118729438|7
118574949|21
118780743|3
143624598|55
123257956|4
119072645|51
118730177|150
120063840|1
102398631|16
118990543|12
118577018|1
118640879|2
102398291|18
118503529|279
118577468|285
137326653|1
120723875|1
118975919|1
132134454|2
11857776X|6
118577808|3
118577778|2
118640917|3
136730795|2
118865838|35
118577891|2
118577867|10
116836121|2
11883794X|2
118971298|1
102120242|1
119442620|10
118795031|1
119400839|7
118579029|7
100953441|17
118641018|1
115524991|3
118732145|31
118641026|145
118579371|28
118579355|56
118579428|2
11880099X|2
11857938X|5
11857941X|1
118579347|2
118579436|5
120532611|1
118579444|47
118579452|142
118782908|2
119489015|3
118783246|2
118783866|1
100645682|1
1159601429|1
142604089|4
131410806|3
11878370X|1
128774398|44
138419280|1
118734210|22
124832946|5
118584138|2
102305889|1
119217481|8
118996584|3
118586408|19
140595449|2
118785850|1
118586998|404
118785931|59
119465728|1
118587595|2
118588079|43
11873492X|5
104334029|1
129310964|2
129073660|2
118868896|11
123490294|2
119545411|2
118735942|6
119009250|3
118522841|3
118589938|55
123836662|1
115399755|1
118787357|44
13754037X|2
138457700|7
118787411|1
118590758|26
138457735|4
138330301|1
118738747|7
118590766|17
118590774|9
118590898|2
1278388745|3
11873931X|15
1016856415|1
136724442|7
10222112X|1
136724485|2
11923212X|4
118739530|14
1133517145|1
118790463|4
11879048X|12
118790498|31
118592955|11
118790528|2
118592939|2
118740180|2
11879051X|2
119060450|1
1080510966|1
119046482|56
118797891|1
118742167|10
118742159|2
118791842|1
11864162X|8
118593862|13
102120137|23
118593943|2
118791850|1
118593846|4
118742175|18
118593870|8
119050870|7
118742183|2
119186640|3
118593811|10
101744627X|1
118593854|4
1050420950|2
118593838|13
118791885|3
11874223X|210
1033848468|91
118742272|7
119505363|1
135958814|2
1060566044|1
136419593|1
118594540|57
118792288|1
118594702|3
118594710|2
118595989|112
1059225727|2
1081392835|7
118793446|19
118596926|63
11879356X|15
119132893|17
118641794|11
1163407305|2
118793691|6
12325826X|4
119117037|3
138081964|14
141631031|1
135958911|1
137788355|1
118597922|1
115357254|1
102017549|4
102517576|3
118743813|3
118641972|6
118600257|4
118600273|1
129125903|1
118789058|1
118789066|16
123579414|4
1084587270|1
124521940|2
118852329|1
11860371X|3
118603701|23
136456529|2
116678909|9
119515016|8
118791613|3
118750410|2
138076804|1
12388957X|44
101053495|1
1011398133|2
131443291|1
1033668133|1
115667636|2
118966669|120
1156051193|5
118764659|500
11861357X|399
1185227644|2
1011505428|4
118797085|1
118614053|1
103078886|11
118614185|11
129822752|2
100407781|2
118614215|8
117654108|1
118797158|1
118614193|8
119383845|47
119185148|1
136724515|1
102040095|1
117397636|4
119092344|3
103080929|3
118797476|11
118765671|3
119095777|7
123208114|1
131846450|6
118753495|3
138582858|1
12877505X|17
118801309|2
118801694|13
138600716|6
100635318|2
103146296|83
11862167X|83
101079877|4
144006669|2
118621742|42
118756885|86
118867741|2
11912517X|8
13842134X|2
120736268|3
118757369|16
118622501|291
102816921|2
118622676|13
118622951|417
118623567|346
119144948|102
129344966|44
139111794|1
1019561475|2
138018383|2
103472410X|1
139112251|3
118625357|35
124612474|48
118625284|2
102120390|2
135664470|1
123038162|2
118803131|4
118763857|4
118803514|1
118625586|2
115795634|3
118913158|84
118803743|66
119145111|35
118931962|54
118625942|64
11862671X|781
118626876|122
118804405|41
129072060|3
102309841|9
118768522|1
118768530|1
118805495|114
118505963|1
118505971|2
189554061|22
137421192|2
103146385|2
135670780|1
100700233|3
118631349|24
137326998|1
104238445|167
118807188|104
13914370X|3
122697987|1
102104387|2
120746921|1
118643347|1
117388300|4
136902332|1
119312700|3
118633058|3
118632884|42
118632949|1
136871267|3
131615882|2
104329394|7
133272605|3
118632892|91
11910539X|3
118632965|1
132387336|1
119319217|1
118632906|11
119357585|1
102285977|2
118807358|1
118807331|1
102035229|1
137324529|17
137840039|5
1023316463|1
118633791|5
103146407|41
1017494576|2
139148590|2
118634453|4
117033405|1
138342385|2
118597973|1
122479963|2
11874108X|1
102473374|1
101420153|1
119229048|1
119094304|2
100445349|41
11896030X|6
1195859252|3
1268002909|1
1185796177|2
1188992538|1
1262005922|1
1165012103|1
1268003026|11
1296989992|1
104226015X|5
101169283X|6
1034702726|2
119442841X|2
1228629668|1
1183429851|1
1187002895|1
1180230728|72
1185196781|3
1200200306|2
1034708910|11
1173384073|5
1185332944|1
1169990851|2
105280599X|1
1065827326|2
1185102264|4
1195864868|1
136009336|1
1206591536|3
102393893|11
1183433158|2
1187001511|5
1185095837|5
1185097392|3
118511291X|2
1185123261|1
1186999616|3
1185208348|3
1185209050|2
1185216952|3
1185218823|3
1185219293|2
1185226311|4
1186417668|2
1187532096|3
1186420553|1
1186421630|6
1196289255|8
1019623667|2
1055122974|1
1195595581|18
1041239351|20
1239980914|6
1019625015|2
1034910698|1
1185326278|1
1185326480|1
1185332642|2
1042284296|4
1229223312|15
1229223088|2
1229282505|13
1226089895|24
106375562X|2
1225555531|1
1225555604|3
1250680581|2
137372965|2
1186416149|1
103507608X|2
1183419872|20
1169990878|9
1185323244|1
1102174564|1
118408694X|1
1183432100|1
1183434529|2
1186998636|2
1183434960|4
1183965478|1
118700233X|5
1185190015|5
1185192190|2
1185194525|4
1185196331|2
1185206256|7
1185209433|9
1185215646|4
1185218904|2
1185218424|2
1185222847|13
1185227180|2
1185227547|2
118577680X|3
1185799044|2
1186416882|4
1186418680|2
1186420774|3
1183432208|1
1183432321|1
1183418922|3
1183429371|3
1185190708|3
118653040|2
1183433824|2
1185192689|2
118516361|47
1185206361|1
118700071X|2
1186421789|2
1185124683|1
13066040X|11
1195935609|131
138058482|5
1173384057|5
1239992106|2
126900008X|1
1185227245|1
1229288856|1
1185328661|4
1183417926|2
1185089314|6
1185099972|3
1185104232|5
1185190384|3
1183422547|2
1185205985|2
1186416602|2
1186417552|22
1183966059|2
1185123822|1
118519181X|2
1186422173|2
1185776532|5
1185776990|2
118642172X|6
1229282556|1
1184080097|2
1250085950|1
1169989942|1
1226089860|2
1239982909|10
1173384065|3
1035135566|22
1074149394|28
101073550|3
1188991302|6
1262000939|7
1173383638|11
1195595719|1
1185330445|1
1225236851|8
1229505555|16
132204495|8
1186421541|2
1239983034|2
1183430132|2
1183964781|6
117338362X|13
139104232|2
1250086175|2
128789697|2
142787035|2
1185219196|9
1183420382|10
1185102809|8
1112042342|3
1239996551|1
1225236932|8
131345311|9
122950558X|3
102383561|2
102385831|1
1186422343|2
1185222618|2
1185327940|2
1182902804|1
13925546X|1
1199263435|4
118649639|11
118503685|1
124371817|1
119469081|7
118508466|1
123258049|2
118509926|1
143661981|1
118661957|1
1119334071|8
100068944|1
102393923|11
143871455|233
118523708|2
1025200306|17
119241811|23
119162679|34
118528610|1
118531379|1
118534688|1
118917218|3
102109168|1
118607057|1
118518275|177
118538748|64
137589182|1
123500818|1
118543415|1
118546058|3
118547739|4
11870978X|2
1196386501|11
118702793|40
118552589|1
11855333X|28
1224273338|6
142234486|1
118711547|1
118990314|1
118883151|3
104173327|2
118558064|6
118585975|1
137844859|1
118635298|1
118775812|1
122061861|1
118779141|1
118571249|7
1030244189|1
1229722351|12
1032033371|15
118729225|1
118579703|1
118583166|5
116876085|101
116914009|1
118583425|5
118735454|1
130571466|1
118792423|4
11901954X|2
118600354|1
170279251|1
118602586|1
115526641|83
118605097|1
120633728|1
117392634|116
117348295|1
118683837|1
117350591|1
118627198|6
128770201|1
104045396|1
118771841|1
118834657|6
118637304|2
118799193|1
12161431X|1
136946291|1
102383146|13
119044080|10
128610697|1
119149389|1
102544646|4
118617273|3
118729500|1
1055350071|2359
121035840|5
1053026846|1
118640445|1
1023580918|1
104234644|3
118508210|1
11861214X|5
118686488|2
118619063|1
116273763|1
118599968|3
118506617|2
119371863|1
118543768|6
139722726|1
118618725|1
118636421|1
118642545|1
122266994|2
1025805380|1
118769375|1
106102621|1
118509489|4
118781707|1
118575449|20
118597787|1
118592068|4
118574469|1
112075231|1
118590391|1
11617823X|3
172311438|3
118605933|2
118574418|6
118595512|1
117123560|5
118554700|11
118608045|2
119034921|25
116874406|640
118601717|1
117372528|4
118586300|1
118527223|1
118507893|1
118577131|1
118540238|19
117072532|1
118575422|1
118546937|1
118594753|1
118739557|2
118550578|5
118585533|1
118926802|1
118549855|2
118547615|1
118580485|4
119272334|1
118740652|2
118580744|3
118600885|1
118514768|1
118513052|12
118508288|4
118548018|2
118542850|1
118517880|1
118589024|1
118538659|2
11851136X|12
118598546|25
118524844|2
122685490|1
118563076|5
11850553X|2
118562827|1
118577166|2
118512366|1
118601121|2
118596721|1
118551906|1
11862444X|1
118578537|7
11851444X|2
118613723|3
118534963|1
118522418|1
118552341|1
118575775|1
118515055|1
118611615|1
118587978|1
104175354|1
119337711|1
118594818|3
118582143|2
119264900|1
118563386|1
1026128161|1
118806645|2
118511882|1
117691674|1
1033875368|7
118554948|3
118530666|1
118557513|159
118738712|1
118607626|3
118749218|3
118718444|1
1224635191|8
118613154|1
11869877X|1
118594117|1
118559796|5
118781391|6
118805479|2
121838951|2
118643169|1
123293243|1
118828622|3
118648098|7
118606557|1
18572741|1
118545906|4
118555049|1
118544489|1
118529579|3
128420634|1
118554727|3
118607782|12
118584596|7
118797026|1
118665200|1
11852786X|6
124541496|1
123556562|1
11879129X|1
106015384X|1
118595636|43
119080362|1
118967444|3
1060239965|1
121523225|2
118549553|3
122239709|16
123227658|1
11855042X|1
136798683|1
123165350|1
118534262|2
174369107|1
118771728|2
118522280|2
118661469|1
118803522|1
118684078|2
133299767|2
1183420668|11
116653124|5
133435288|2
133571637|2
131373757|7
1055242902|1
1051151368|1
133514609|2
174375700|6
1243453893|1
13375541X|2
117452998|3
116043016|4
116986077|1
118501852|36
118501828|731
118808850|1
118520180|2
118869965|67
118501097|74
118580914|2
118869833|49
118572695|2
11859964X|1
11850066X|7
118637649|1
119236559|25
118594613|27
11978534X|1
11864260X|6
1186417927|1
118574825|1
117395218|2
1250680271|2
102820651|3
118655183|1
128352493|1
118779567|7
1053069308|112
11851993X|3
1262069068|3
122760107|1
132814412|1
1016682549|1
119352796|1
118787713|1
128752882|4
1233506927|18
132522136|1
118686240|34
118532111|133
118528572|2
118550934|4
11860645X|1
102931852|35
121421287|32
1187004278|5
1034148354|50
118793934|61
135943094|5
119226014|47
120417545|1
1169825761|1
1071214853|1
1044269030|3
118817884|41
1239893256|4
143302108|5
10418440X|9
1033720003|12
130141364|3
1023470055|1
122189126X|4
138795908|1
125844611|48
117166642|2
129420840|7
1066260281|1
104335574X|4
118565222|3
133482545|3
1239893086|4
120526484|1
100951783|3
118791079|5
102426740|17
120182955|2
116991196X|1
103470317X|12
1187544027|6
122515870|1
118089586X|2
144029251|2
1160266417|3
118817906|37
118890409|33
118768263|4
115689281|1
120828863|3
1077455984|4
118571516|1
118574248|57
118551264|12
115841938|4
122865200|4
1027233031|1
118649485|2
128377267|14
1182765548|2
102384894|1
118520814|4
119311925|1
119098245|200
1070292303|1
137512015|2
140086145|1
143301810|7
122203194|8
1042652996|1
1198856920|3
1107621356|15
137868936|12
121114244|31
102017077|2
123498570|1
1185119523|3
11882208X|1
100192742|11
1035424207|1
118501860|2
119172011|1
118626868|8
142605514|2
118564943|2
100503225|44
118716921|42
11859382X|3
129114227|4
1186998504|2
118727486|1
12368501X|15
1140122568|6
119485680|6
116583126|3
118572121|3
133878724|15
138457794|1
118633112|1
1143702786|2
118775731|1
118803824|1
118523813|1
118565273|2
118558420|1
118651102|4
118661981|2
118575155|8
119120658|2
118694022|4
122673093|9
118747940|2
118703560|1
119230194|2
11929964X|2
10030673X|2
101463111|1
1240247044|1
1057674974|1
124789293|1
124062334|2
12270911X|13
11897470X|11
1013171349|1
140806121|1
119393719|2
1050829336|24
11602819X|7
141867612|2
144055759|1
124204392|1
117413232|2
118650513|12
118767321|8
103126368|8
121523373|8
1186393270|1
118595652|30
1186998067|9
123545501|5
133754820|13
12904220X|6
121620468|27
1199642983|2
1136875263|1
132859173|4
138463395|9
101103573|1
123014476|21
136773222|2
1251846912|1
13012009X|1
118503480|20
11864405X|31
142538655|21
124281745|1
133505456|1
1025203488|6
129149683|3
1068878894|1
122835654|2
1043080317|50
129149705|5
138455074|16
129182834|1
1180386329|1
1035462664|1
128354402|13
118555928|7
1187000221|1
136828469|2
1090107390|1
102602948|33
116159081|10
118768255|4
1038547938|2
118751530|8
129254843|5
137594860|1
11610466X|138
119084678|32
1173439013|1
141762861|2
104086491|1
123157641|10
118676040}|162
104404828X|6
1043400206|10
136671357|10
118716905|3
104234986X|2
118705237|3
118519700|2
1187004073|12
121166546|11
119103427|5
137338805|1
119765772|1
1158888082|45
118501100|23
118558668|186
119494108|7
118655833|12
137885172|2
119140829|3
132973464|4
141780088|17
118595172|9
123371628X|3
128791187|3
118519875|4
132374773|1
1050783298|1
122786939|5
1075172799|2
1075172616|2
129164178|2
12466900X|5
11863982X|7
104177624|1
129113204|3
117700193|3
140459995|4
1093852887|12
123946301|20
123946298|105
1033883727|21
119328306X|100
1224273443|20
124012701|2
119334216|15
1186077700|1
120063832|1
117472514|14
124321852|13
1038497663|4
1145314643|1
136250734|12
122551893|1
117731218|1
116014202|1
116558547|25
128938552|1
118649469|1
121938697|2
122881265|1
104238410|4
1090147554|1
118643355|76
118778099|21
116269553|24
11856935X|3
187738866|2
174177828|1
12050202X|3
119262681|1
139287485|1
123545773|2
1023472384|1
131762575|1
1035423456|1
11765129X|3
130836583|1
1018228233|3
117108901|5
116492163|2
101612841X|4
1025615026|3
118572652|1
143301632|9
118878794|3
118606115|5
121117081|32
100374522|2
129270172|6
1041339089|8
129149403|1
1239992084|3
117215546|2
139226079|2
117505161|1
105055521X|62
1068176687|1
1180385616|2
1045326046|2
1180386140|5
141673745|2
120270145|1
189563702|1
1169991408|2
1180895967|1
104338393X|2
118731610|1
102382905|2
1198857005|3
1187003964|7
118547623|4
1017637717|5
1183364636|2
1202120008|1
1034205838|1
136421490|1
123685184|28
102091176X|2
1034660608|1
122255763|12
131349953|5
119120674|2
1042260257|1
116011661|1
129250821|1
136872611|1
118785354|6
104194650|4
121087123|1
139287396|1
1034942093|1
122023153|10
10421242X|10
174175493|1
1187000973|11
118681303|1
123861713|20
1034210440|1
118746200|16
118796844|4
128571470|2
118850199|1
117764434|1
1044409819|5
116411430|8
119080419|22
1050537521|7
1185093982|3
1186999837|3
133096939|1
118732463|4
119066777|9
124411592|3
119092085|2
118642731|2
1016849559|1
118620126|1
118729667|1
129398187|1
127443940|1
118626981|6
104376600|1
121600092|1
118523023|1
118969080|6
121976549X|6
118710117|23
173750281|1
133445755|3
119129256|2
12974316X|1
118537245|3
11725438X|9
1285770811|4
1033935425|1
12302000X|1
115390960|1
119403706|7
115363688|1
121733394|2
107608737X|2
1185506896|6
1180388992|2
135761093|1
119628251X|1
121540243|1
119440679|1
117728098|2
118852396|23
136892639|2
1011377306|2
1185098267|3
1185097864|5
136648185|1
137976194|2
121472124|8
118794124|10
1185329706|1
1035075083|3
133821889|1
118700345X|5
120182815|2
112616569|2
139874240|6
116004037|31
119501449|1
1033802654|51
1033921343|5
117567485|1
119450194|1
1206241829|2
116739541|23
11763252X|2
1041250312|3
100706347|1
1023182939|2
1185225986|1
119121344|2
117433853|1
119442086|1
1019741562|1
139234314|1
118508326|1
135554764|1
139752161|1
1015025196|1
135707986|3
12918070X|4
1239983956|5
142337919|26
1033446890|1
123551056|7
1041697880|1
1224635086|10
116563346|3
1169989993|1
118676903|7
133274942|2
1068660066|2
119016184|1
124324770|1
1037383885|1
119221225|2
118671499|8
131755307|1
117258792|1
122243668|2
1037456629|3
1222870770|2
117257435|6
118754297|1
104277122|1
1036103145|2
1043462813|1
117508500|2
1187003867|7
138490589|2
118754390X|5
133680525|2
1187543942|2
128356162|1
118615718|1
102383987|3
129271349|2
124409261|2
129272477|1
119151197|4
124868134|4
118798022|5
118744526|2
122385799|1
143778765|96
134111540|2
118638904|1
1206591552|3
120952459|2
1035214199|8
118919423|1
103423305X|2
1180895819|1
119305356|1
118513753|4
119391856|6
118630091|1
1205154868|8
1169991327|3
1262343828|1
1118739337|1
1149300345|1
1225555213|7
16076602-3|28
1180894448|1
121328430|1
16018484-8|33
1206591587|6
123258219|5
118680889|1
118714058|9
117505471|1
1018466282|1
1185333959|4
112085423|1
117622443|668
118838105|8
116792825|29
100941028|5
102397279|4
1181999618|4
1199042374|3
1182991351|1
118618474|2
118543059|1
118522698|2
118534173|1
118577573|2
118506145|1
1021251070|8
118524623|103
118503375|2
118743058|7
118503391|1
11902716X|63
12105876X|36
115710264|28
118574868|36
119118416|36
100254268|1
125237089X|6
118637789|2
118754327|2
116312246|1
104183284|3
11926353X|1
120063859|5
118518534|2
102404100|3
1011949660|1
118872389|1
11876439X|10
122254260|1
11857308X|1
118730029|1
118500597|1
118711962|1
118784595|2
118643789|1
118792733|1
11880152X|1
118803034|1
118982788|1
118792091|1
11866784X|1
11895458X|1
119498774|2
119498766|5
118645994|2
1221829440|2
101851418X|1
1130078574|7
117212822|1
136025188|1
102382913|5
119545373|1
118596934|19
1064756883|2
102396493|41
119367475|2
100858457|35
1226089615|2
102141126|1
136723934|2
1129383997|1
104209119|46
118716891|1
130468827|1
120849461|1
104173734|1
122755413|2
118620045|1
1058604759|2
115395792|1
1262222222|2
115388508|24
10414193X|24
124878997|4
115823239|5
120812959|28
118017985|27
121280047|26
1250680255|19
118589326|4
118643401|7
116999119X|7
6032922-1|13
121782735|2
118676407|3
1078976708|5
128518928|1
1239992041|2
118626574|2
124004873|1
143870947|16
118703781|1
118574914|2
118946811|5
118730983|1
118511114|5
129150169|1
117529966|1
1186999993|4
1185096787|8
118847422|6
1185122710|1
1178754383|3
118703595|1
119545209|2
115612106|1
118719777|1
118712551|1
101997728|1
141775521|1
141775807|1
100952674|1
137326955|1
1020595817|1
124766870|1
119197804|12
11916955X|11
119212471|1
11861777X|1
121141594|1
118632930|1
1038031451|1
137949928|2
117011932|7
13779150X|1
137260687|1
143813986|1
1034745816|1
138459517|2
133573532|1
13593169X|1
129432466|1
132122669|2
118885405|2
123676959|3
138341184|1
134143906|1
11852853X|1
138769397|1
118535781|1
118052640|1
117560125X|28
1078005249|2
1035164086|10
133966984|2
1127355791|2
118856456|1
118807382|1
11860211X|3
1153125927|1
100951007|1
118712314|1
1013431995|1
119462818|1
119462834|1
118578286|1
124476090|1
118885294|1
116235489|4
119167158|9
118636545|4
133571262|7
116481633|1
1062800168|10
118676768|3
1037004639|1
104305491X|41
118791605|6
119243334|8
1072255146|1
1050484134|2
118773828|3
119430800|2
1237546478|2
118620703|2
119334364|1
1031393927|3
116788771|11
1066272441|1
1033815322|2
1042246009|5
1052431712|4
1129698947|1
1038668387|1
1079417907|1
117396818|6
126925321|3
118573861|12
118540874|5
1070771422|5
1141255774|7
11883245X|1
121570223|8
101863309X|2
139577556|1
123685958|1
116574534|2
116862858|4
119116944|1
1043111336|2
18847224X|4
144011980|1
1051533392|3
116842253|2
117510211|2
118775820|1
11877574X|1
118775839|1
104237392|21
117184888|2
118961640|4
118637126|1
118501615|1
119195798|1
118725866|2
116902183|5
118516884|1
136910203|1
107088829X|2
136154271|3
11675642X|2
116364718|6
118651129|5
118622870|3
10738373X|1
119233339|1
118535005|1
118675990|1
117245798|4
118519840|4
118667963|7
119286327|4
1037054571|1
118767801|56
118574841|3
119256843|4
142257982|13
1263493947|1
117066540|9
119283891|4
118628208|3
129254800|1
118764942|1
118689274|11
188431926|1
118980289|2
118890123|1
118998781|1
119138018|1
132308274|4
132308304|24
132308479|29
119226510|2
132310104|1
118627481|1
139399240|1
1017426619|1
124003087|1
118560425|3
119009927|1
119559714|1
131949942|6
121190188|4
137409265|1
137409346|1
120007533|1
1225791707|1
119001527|1
1055652663|1
1062997034|1
119277301|2
10243347X|1
1232248-9|16
119477505|1
118510320|3
11877185X|9
118696319|2
118689797|3
116447265|1
116550295|3
118556177|1
119853558|2
118520695|2
132210843|1
1185323570|1
119546256|4
5010491-3|210
6117885-8|93
117296597|1
137133650|1
118793675|8
117570885|1
12408446X|1
117630527|5
1033144347|2
118908383|2
118908391|1
3044248-5|81
118523422|1
118509225|1
120882523|1
116292806|1
101074514|4
1036633993|2
118745743|1
11878000X|1
119540789|4
101921128|2
118686720|3
118531875|1
136490212|1
104196645|1
118651870|1
127793216|1
117064114|1
1159105839|1
1051170591|6
1136939938|6
1019755148|1
11643340X|2
141238836|1
118528718|1
136222765|1
118754815|1
118928651|1
123510481|1
130473774|1
124349102|4
1182990614|1
118606220|3
122970470|1
134071050|1
1178358283|5
117604062|1
118685546|1
116267542|1
118861913|2
4316796-2|26
1029883343|37
5508195-2|4
117070076|1
6127383-1|2
1043790675|4
122271122|2
1042852707|3
14060684X|2
1059733706|1
1038590515|1
1050522885|1
118940813|2
118554190|2
102040109|2
137847831|1
1024184749|1
117603074|3
117665096|2
116048239|2
116433728|1
116471158|2
137034946|1
16151527-7|15
1018170294|4
118854801|1
1012390624|2
1060153319|4
1122755244|7
1068290137|1
1037803736|1
121808203|3
11923923X|1
135925312|2
135862825|3
118525239|1
1289200912|1
118845896|1
118597248|3
117639176|2
116859288|2
117624624|2
119456605|1
118551655|1
118771892|4
1146043783|2
118979965|1
174181256|1
118706462|1
121119521|1
119247216|1
11861911X|1
1239980655|16
2071989-9|15
118733974|2
119072831|2
117761052|1
118628976|1
118622722|1
1036338363|1
1048249786|5
1020853964|1
104183772|1
118503472|2
118792652|3
118573675|3
118644270|1
118804545|1
119527359|1
117762512|1
133454916|1
118707191|1
118542354|2
188445005|4
1073346730|2
1029512671|4
118526103|1
12145665X|3
118683756|1
119091364|1
118895885|1
119291592|1
180731289|1
11877610X|4
118849999|5
1058692321|1
118520776|1
1038109671|1
11858099X|1
1148770828|2
1130900118|1
1248024-1|64
1204378134|7
119495279|1
118924710|10
11856806X|4
118644327|1
129459402|1
118856170|1
117251364|1
11863562X|1
118643576|1
118569015|1
118797913|1
116700033|2
116574216|6
120984350|2
120461730|4
118646133|1
118588087|2
118649574|2
116195835|1
121124835|1
136418988|1
104140623|1
12225290X|1
116161736|1
118699164|2
123510511|1
11691954X|2
11910847X|1
11862492X|1
118792970|1
117447013|4
11856109X|2
119523531|4
1308541309|2
103532623X|1
118568272|1
118680056|2
118532847|2
118561448|4
118772430|2
11860841X|1
118542273|1
118587951|1
118517775|1
117638099|1
119162547|1
118530755|1
133159183|3
135719801|1
11859169X|1
118540963|1
118581775|1
119025329|1
119076462|1
102110085|1
116563508|1
1043834362|2
133534138|1
117462731X|1
137868944|1
1019743085|6
116954868|1
117511730|1
117497819|1
127566201|1
135905354|1
102387567|2
130044474|2
118774220|1
126724644|1
1034057685|2
117086657|1
118684353|2
1185324666|13
118518208|2
120388642|1
118612409|1
118629484|1
123551757|1
3015324-4|93
103785814X|1
116145536|1
1123045003|1
5121242-0|373
1089339860|2
1089482493|1
118742345|2
136667236|3
1078087229|2
118592912|1
118528114|1
118551817|2
104967488X|2
119027380|3
118935100|1
119113422|1
118529056|1
118751182|1
121316297|1
11866302X|1
120752530|2
135743362|1
1036111911|1
121544257|1
11922190X|1
116796634|1565
122111400|1
119180642|1
118919717|2
117455598|1
1011359987|1
118590243|1
117509760|1
116411465|505
102008701|1018
12222311X|41
5121309-6|152
1500026-6|43
108484106|613
1074389433|31
5297382-7|23
2040972-2|118
5121245-6|45
5121956-6|6
6025398-8|14
511366-0|327
2078916-6|121
132889730|1
118782339|3
119200570|66
121040321|1
5121311-4|156
5121310-2|12
1248016-2|27
42359-2|55
124663257|1003
102204365|23
116777753|103
128820020|4
6077388-1|98
5010101-8|184
10239704X|13
5121362-X|4
801599-5|2
10154134-X|56
10097679-7|283
6104952-9|52
16325406-0|10
16173937-4|4
5124550-4|73
116904488|28
3006963-4|6
1500092-8|36
1500091-6|14
107439670|411
118502530|1
116302097|9
122277147|18
1011481073|2
106251680X|1
11924313X|1
119241803|1
101119852|10
1019909455|4
102606188|69
143865161|5
102534020|4
116224711|12
1013196252|1
14350164X|75
102072345|66
101881916|1
116115769|2
119360640|1
116133449|11
154498831|1
116104988|1
118656430|466
135960738|4
116195800|10
116200790|82
100047955|323
1183736479|101
116402504|9
116415738|5
1229695869|3
116741740|7
116817879|20
101705913|9
118924781X|1
119016079|7
108495175|15
123289033|87
107053871X|13
12227170X|2
11666827X|11
132842874|1
116766557|17
122703057|56
118672169|1
116057734|3
170379965|11
102761728|1
118892851|1
116217944|8
116218010|330
12300330X|2
1157748716|1
100116671|17
135913837|5
137475683|43
116497742|33
116529601|3
118685562|4
11773702X|2
1163487449|192
144027615|2
119522845|1
116502355|364
117507741|1
118533495|1
119402165|2
116748486|8
116797266|22
136024661|6
1037993748|14
11869376X|1
127890343|16
133594998|2
174210515|168
128673915|38
1078510784|154
133562344|9
116537159|2
118717030|9
136605850|3
118695223|3
102277796|4
1065256515|2
1206012978|16
105535008X|15
102243271|12
100487610|6
123497507|23
118543563|1
137532237|1
118543938|12
116358513|264
121099474|2
118588893|10
119200457|2
103173306X|2
140390936|2
137592094|1
130369551|5
117037486|5
102761787|8
118709798|6
116682949|30
102764936X|14
101595239|1
105268798|7
102608504|42
1012219305|20
118708058|5
1036490483|6
117137332|5117
1303294443|11
103092889|38
117176958|1
11719879X|4
116076879|34
116285524|24
160190053|32
11611861X|40
116126116|3
116168862|10
133755150|4
11310619X|6
139573828|1
117527483|4
1217687963|11
10133663-9|6
111736803|1
117555002|1
10152126X|13
139423087|1
2011815-6|358
1177196522|12
119433680|10
127708103|12
127859578|5356
174116365|1
142055557|126
101508379|29
118998447|8
118727699|2
117003360|1
117319848|1
128233079|13
1221277219|30
133701557|9
117552577|8
1012544834|12
1173062351|2
139653503|24
138649235|2
121489809|59
117578533|1
117048933|1
117578983|9
118734520|2
140956743|13
117135720|18
117142948|31
116929251|3
116898712|21
1055348344|2
138421587|1
128494239|1
1038281695|2
124505716|109
117058327|93
11712110X|2
106631314|70
1055778128|7
116023260|2
117747475|18
104340932|87
116081929|2
121035298|85
1189594625|175
11614338X|46
1035114488|2
1066355657|57
116186402|3
116192666|47
116287489|11
138356130|9
119181606|10
1036932265|48
1159071640|9
11768600X|1
139121005|567
116675799|315
116390948|88
1050421442|1
1051212634|3
101114311|26
115362320|5
116621257|42
116630175|17
11666925X|1
118987224|1
1028854730|1
102391848X|3
116713712|3
103704858X|3
116765488|76
116069554|12
104345462|8
5097094-X|6
105190384X|8
118867091|11
189227796|2
117619426|5
118817329|18
1067683100|2
174378092|38
138605920|1
17295567X|45
121612252|3
117643718|1
117511161|1
137219628|2
1014846994|2
121667456|2
1201456991|1
1207417661|44
1325656305|159
117465224|1
117470147|30
117459879|3
1190916789|4
1051214033|219
1020371080|1
13592619X|7
102620997|497
1031771573|5
188887725|4
117675105|3
1052517269|8
1055348271|2
130164755|1
5122193-7|20
117350974|1
120867907|18
1055179593|1
1018548122|12
117321516|4
1308984936|16
11896724X|3
117390828|7
1048190714|2
101494084|1
117451118|44
118628038|6
117091499|2
129107654|15
119168723|6
123108314|68
189423692|1
123429587|1
142521035|47
117319821|9
1034930702|5
1159929890|1
117370908|9
117390089|24
124456049|44
12929540X|4
17411558X|11
12265515X|36
101769822|4
116949651|5
172477255|689
1034026224|61
104045299|1
141642343|310
118596713|2879
135713730|26
117515663|2
116575816|2
102761779|6
1116110849|66
1051519969|13
116571101|2
116945524|1
120430045|1
101444206|22
116787287|1
1013069242|28
101509677|14
16115562-5|173
1076599508|13
1036605949|8
187054460|2
16317719-3|31
1055350101|8
100791603|2
1053502516|10
116285923|6
116179198|8
118586939|1
118792393|3
1185324860|4
117623091|1
1185324445|2
118615033|1
122297105|1
1185324771|3
101164548|1
119229293|1
118808818|1
1041702620|15
1232961841|1
1019242795|1
116109114|1
118682555|1
1058243896|2
117354732|1
1187000558|5
116409398|1
133950190|1
101640102|8
118810359|6
1035799650|1
100782639|5
1034712071|1
101163703|3
1055299866|4
5151385-7|5
1032541202|3
1032307897|8
116653256|31
119162156|1
118781642|1
1033722359|1
133100391|1
1050471423|1
118661183|27
112427748X|7
105515454X|2
132870002|1
124201229|1
116968265|1
129555215|1
117364541|1
107458055|1
136197639|1
1052797431|7
119749130|4
118883747|4
173242995|2
5121238-9|41
119559013|1
118869590|1
119108062|1
124845789|2
118776088|1
118699288|1
118919083|1
118983083|2
118731440|1
118907417|1
117214574|1
118662074|12
116243163|6
1178625435|1
11714486X|5
121906914|1
116287829|2
119195860|2
1187003654|5
118530852|2
10030004-2|4
103399526|61
119006693|10
118651161|19
133052702|88
10075750-9|12
128549084|1
10116033X|3
1292246847|38
1183965842|14
1185781285|7
174382219|3
102383375|1
1183430574|1
1185226141|1
118781766|4
121308146|1
1185100725|2
1096370-4|1
1185193391|5
1185227369|1
102399476|1
119148420|4
1186999098|3
1186415738|1
215606-4|8
118667947|2
37095-2|156
16038197-6|75
1018725059|2
5174688-8|5
118694146|8
4285704-1|124
105284270|2
1071335669|26
942651839|7
130145300|1
4766952-4|63
174383525|1
133261808|1
1045876-1|10
1147239762|11
116187670|2
130588423|1
116576200|1
5191183-8|10
120424207|2
16149219-8|10
2029819-5|2
3009228-0|35
125943-X|1
35266-4|48
5132119-1|10
1138062200|20
252529-X|34
10099792-2|2
180794787|14
118712039|1
1002465-7|51
6119558-3|21
5121297-3|2
118544225|1
1250256-X|7
101103905|1
118688634|1
128514124|3
14237783X|1
17199700X|1
117306754|1
118814869|2
1157037070|5
1011310-1|32
118504908|31
118504916|31
1113310626|2
119212064|2
117669741|5
1012174581|1
155070274|2
1030329826|1
1159034702|2
5105710-4|1
1017954690|1
119356295|2
1106272285|1
104212543|1
1255893028|1
142974382|3
116939818|1
102309567X|1
118974335|2
119132877|4
107767385X|3
1159389799|11
1133312349|1
62465-2|23
1019724404|1
100085725|2
124428908|1
2024162-8|8
11858278X|1
1800199-3|15
1032832762|6
1085663078|1
1002255740|20
119721-6|40
5121298-5|2
1073069370|2
122956699|1
63980-1|226
137408641|2
100718337|1
2007858-4|97
11864064X|4
120667908|1
119383535|1
118572865|3
116232021|1
119053071|1
123496489|1
1182486665|1
112258417|1
117319813|11
129069825|1
11862783X|3
3008977-3|1
116163186|2
102120153|72
115497595|8
157936384|2
116850965|1
2015517-7|5
5035657-4|265
5032768-9|4
4208361-8|50
10000596-2|21
41389-6|5
4672945-8|1
1109919670|6
35250-0|61
37089-7|11
19006-8|54
38996-1|9
2019330-0|1
5035773-6|28
37321-7|14
5152683-9|2
2123821-2|4
121953068|1
10000578-0|1
2118685-6|4
2015162-7|4
38379-X|3
4809485-7|30
1071830333|1
506241-X|6
2070231-0|6
670715-4|1
1080331-2|4
7631825-4|2
16330436-1|1
4639907-0|32
5051643-7|7
1258059096|1
118792431|1
118504398|1
2051328-8|19
118636863|1
139505733|1
1020864958|8
189532505|3
129781533|1
3038614-7|7
11877171X|1
116439777|11
5186094-6|1
137414064|2
230026-6|37
118936794|1
1024787710|2
116763752|7
119138026|45
1032065087|1
119304309|55
116323698|2
135671795|39
116777273|1
1047246406|5
118714082|1
129703214|1
1151824070|1
118586475|1
11872536X|1
1023827859|2
118691988|2
103143556|1
104327235|78
10099721X|1
104352744|1
136925995|8
101983697|11
123684986|1
1068305479|1
137213131|2
118549618|3
1034991167|1
118774344|1
11876618X|1
117080187|1
135697875|1
133278573|1
138461120|44
13830551X|6
118711555|31
119273187|61
105535333X|2
127828966|1
1012292495|1
118738739|1
2005799-4|1
1069519650|1
124500978|1
137530072|26
12845718X|2
4371877-2|29
5035696-3|4
116936037|2
1017521794|2
11605638X|3
117611093|1
4328250-7|1
1142399478|2
1020554177|2
137950187|3
4066668-2|3
1018908900|5
117179795|6
1166687570|2
104201606|1
119104385|3
118863576|4
118863525|2
1269855832|2
1198000562|3
119297140|1
118941135|2
1061442144|2
118634666|1
118642499|1
1018730850|1
1042179581|1
5121499-4|1
12119468X|3
124198120|1
124198244|9
119209853|1
123685060|4
11899610X|1
119544687|1
117508470|1
109768272|1
11864713X|1
813376-1|14
5114174-7|20
1055349286|1
1034146599|3
102458235|1
119661411|1
137728271|1
118785478|1
1044276479|1
137500246|2
117086630|2
116891270|1
118610961|2
5006134-3|6
1266000488|1
117176567|1
116504579|4
1172671478|2
11878742X|6
118535676|1
118831674|1
118728792|1
135805333|2
118552759|1
2022271-3|2
11918530X|4
117620793|1
1090643950|2
102397309|3
118792172|1
120117223|1
101160097|11
1026152631|5
137082118|3
1172326703|1
142372382|3
5189711-8|1
1138375845|1
1249181771|9
1140863142|1
1085950719|4
118549421|1
11864758X|1
1086333209|20
7844609-0|1
11854568X|1
116013710|2
1105399478|2
102282099|2
136177409|2
119154056|1
10428708X|1
104308753|3
1205149392|1
116246243|249
119285533|1
124759580|3
13895562X|1
121563928|1
118534912|2
118788965|2
118774921|1
1185386890|28
1183265689|9
124730949|1
12307021X|5
103347021X|3
129542474|1
129998875X|1
1207252530|1
117539473|1
1052195504|1
115812067|4
119095033|1
118658530|18
118552848|1
36158-6|1
11853856X|1
173337341|1
142717916|1
117182761|1
118743759|1
104173971|1
118529358|1
102807558|1
1209732971|4
1033998486|14
1037330404|9
1163835595|3
1088579965|6
118646834|1
215568-0|3
1204236151|1
136620590|1
128597402|1
118522582|1
117384224|2
118633600|1
118651595|1
118595741|1
118718290|1
118522175|1
11856868X|1
118564994|1
118593234|2
104238135|1
118784811|1
118568698|1
118542702|3
118570293|1
118715143|1
118518585|1
1036868214|4
100589464|3
118552465|1
117766208|4
5186099-5|1
1289608938|1
116786825|1
118560476|3
118538322|1
118545140|1
118573748|2
118558161|1
120009242|1
1088170420|2
1212131126|1
118668870|1
1051294533|1
173751652|1
118669753|1
11879924X|1
116625481|1
118778277|1
116247479|1
117108308|1
1033994235|1
123113377|2
118980882|1
104183411|1
14322039X|1
116345713|1
140267344|1
116008571|1
118545515|2
1043567763|2
17372-1|3
128461152|2
119217120|1
123869625|1
124764940|1
120516446|1
5121268-7|2
118517813|1
114097828|1
136279007|22
118586718|1
118568426|1
1051376-0|5
10018076-0|6
5121704-1|1
1089115-8|1
5123731-3|1
10012618-2|1
102440174|1
103324399|1
2124053-X|9
130313106|2
10179899-4|2
1044280425|2
121728285|4
122943368|11
118505076|3
102705224|1
118532612X|1
118633384|1
137307411|2
121369234|3
100966314|3
1096240335|2
118826476|108
118771078|59
123991390|68
1153795191|374
128475617|255
118847686|289
115379828X|20
1147213089|1
118776797|2
11855591X|1
118722697|3
137497725|24
142400076|20
5131819-2|1
1049405-4|2
11729604X|79
105270977X|2
119441306|1
2115201-9|8
100952127|1
14253935X|1
131859226|2
116957433|3
101218322X|2
1239980493|1
119098652|1
5118332-8|1
123257808|1
118757490|1
1090039859|3
119512718|2
12924841X|1
5121232-8|30
134152158|2
119021692|3
1086539001|1
10095323-2|3
135882591|1
10146645-6|1
10211112X|1
1178753581|2
122132807|1
1086133900|1
140769439|1
135536324|1
11452324X|2
119241544|1
10182026-4|2
116323477|1
1120321417|1
118901338|1
100100465|1
1182990266|1
118280103X|1
1034933949|1
118712179|98
118582607|1
118587544|2
118503952|1
118658115|1
11851217X|1
118791877|3
119556731|1
143519816|1
1012244539|1
10101389-9|1
1013393198|1
1034849514|7
118883976|1
123011760|3
129352896|1
118885243|1
124824560|1
1161363742|1
118603426|1
118557238|1
104333016X|1
1160911533|1
11872908X|1
117461989|1
119024918|1
117338409X|1
1173384081|1
101301071X|1
118644432|1
118870297|1
121125785|1
119439352|1
124669190|2
132144948|1
118518429|1
1055378065|1
118519573|1
11851427X|1
13225588X|1
1054539022|1
116363029|1
117267015|1
129262366|3
1178844315|2
116371250|4
1259747360|1
12346496X|1
107752580X|1
119106868|1
127758656X|24
118746154|3
129065307|3
136800548|2
119328887|1
118635484|222
1026753392|1
102458979|3
119365804|1
129065900|1
129911739|1
104108851|2
120131080|1
1087424925|1
118690906|1
118649671|1
1138719153|1
129767468|1
5039759-X|1
133655458|3
119203693|1
1044494638|2
119189674|1
136470467|1
101110464|1
1228629366|2
13618832X|1
116257989|1
137808313|1
1185332391|1
139643508|7
1014092264|5
139643451|5
107714566|2
11896416X|2
101814644X|4
117579904|3
119885684X|1
122477391|2
100937047|1
128996315|1
11873699X|2
100355021|1
121136191|1
119456656|11
123771331|6
124716199|1
104397167X|2
1136920951|7
129007943|1
118690477|1
1206591595|1
1037180429|1
1012198006|1
118690590|1
119519364|1
10041544X|1
14218697X|3
3007517-8|3
118666843|1
12121480X|1
120663163|2
118532855|1
119479303|1
118585738|1
1047400545|12
119221357|1
122030915|1
129064564|1
119130025|2
3043593-6|1
119071525|1
12012355X|3
1243264624|2
18740-9|1
2020419-X|13
1095135228|6
118958097|2
1166445380|1
10223244X|2
142452033|2
1042907269|1
1127259466|1
118805967|2
13638112X|2
104182660|1
189059818|1
1182991262|1
128791624|1
118594729|2
118655434|1
119384264|1
1036969452|6
1012814793|4
118660632|1
101423209|2
11889157X|1
118731718|5
997782951|1
1247757536|71
172594464|38
118734911|2
124478271|2
118885391|2
131773062|3
120459930|3
100793509|2
101453124|2
10068209-1|5
115548149|1
13573441X|5
118692895|1
116457228|1
118801937|1
118837362|1
128610212|1
126803722|3
118794469|1
118959468|1
118810987|1
118742418|1
1139850091|1
118605178|1
119006162|1
124341799|1
118650033|1
118626213|1
118669818|1
123676797|12
131818058|3
123676916|2
140383808|1
118971271|4
116678798|3
118861875|1
119476525|2
118980203|3
118893009|2
131770934|7
119063085|6
131771663|5
11937840X|1
102441529|1
118984039|1
131768719|1
136291511|1
159282357|2
1154518809|11
273282-8|1
39169-4|2
137944853|7
139154833|2
1019549440|1
1008219-0|3
130580015|2
120911167|1
123713269|1
1050283260|1
1051627036|1
115495622|1
117049581|30
116337362|1
136666833|1
1036379299|1
136036929|1
121486850|1
121190293|15
1072566184|4
1034723502|10
118573101|1
1068193972|2
104206497|1
102109036|1
122252802|1
118656368|1
1031221018|1
116729317|2
118529897|1
131967541|1
118683969|2
116372443|2
118787977|1
118720945|1
1044250127|1
140243356|5
1182074820|2
1252868324|1
118506099|1
1029514437|1
116735163|1
121715183|9
128562536|32
123717353|3
123159962|1
121484270|2
11916437X|1
12335157X|1
173059627|1
118550993|1
40680-6|2204
1250680247|28
1196290342|16
1154957721|16
118876848|1
1190039206|117
120234963|1
130027189|2
1011512890|1
11705884X|1
5035694-X|1
102403678|18
119022583|1
118737449|1
104224266|28
117375462|1
119909952X|2
116300868|2
5006611-0|38
118957236|2
1035102145|2
122854691|13
122858506|10
122858530|18
11538278X|15
101924526|5
118575260|1
124981704|1
119536609|1
5119186-6|1
1230414487|2151
1202298001|1
1199100560|8
1199100609|4
1202296998|1
1195994354|5
118796070|1
17078-1|1
4024607-3|1
1056289503|1
16060171-X|10
5053801-9|1
4292636-1|1
116243783|3
116129255|7
10142552X|50
511343-X|1
121733955|38
119232022|1
121500373|36
1239983026|1
1243090553|4
121395154|1
138439249|7
103482435X|8
173333362|12
142869562|1
142919179|3
173353908|1
1239983042|13
1250993652|8
1034594079|13
1035108585|1
118569880|1
1195826052|1
1204198799|3
124313280|1
1231551747|2
10073644-0|1
118642707|1
118846582|1
104381809|1
115629715X|2
11870320X|24
128569417|37
119137364|117
1051529662|1
1031227695|1
118718797|2
116711086|2
118834746|2
133278735|4
118693441|1
1185325395|1
119534355|1
11892141X|1
119193132|1
100946992|1
117706744|2
118729632|2
118702157|2
1177301032|1
118500619|1
119245868|1
131875426|4
1222198509|8
1035496453|1
118547631|10
119251779|25
138774005|7
107501588X|5
137529937|2
118651099|56
116568046|1
1059932512|1
121233901|1
118713493|1
5298136-8|2
118827812|1
17437626X|2
11951981X|1
118769685|1
11721292X|1
116234539|1
11766314X|1
1055303014|1
117661643|1
130357189|2
119017059|1
1114853151|1
118625160|1
123890438|39
12105800X|39
123890446|39
1188992740|4
120188619|48
120188546|48
120188570|48
120188597|48
5151387-0|2
1184302774|3
10002390-3|1
1239893280|4
1250680093|11
1033557277|3
5265139-3|1
102103607|1
118577905|4
118583670|1
118603329|1
1255420014|2
123089484|1
117252522|5
11861486X|2
10421919X|2
130472700|52
1258059002|1
115789820|1
1038836573|1
116853271|1
118596780|2
122676424|1
121496430|1
120501775|1
119251019|5
1185327002|1
111407427|1
1228629498|14
1207796018|1
1034266551|1
135977576|1
120064006|3
2011935-5|2
11877655X|1
118557750|1
1038344433|1
126376131|2
2836776|1
124728111|1
1292580879|2
1135744505|1
130808571|2
102530750|1
1226089569|1
139052550|1
117299324|1
1012272370|2
106052001X|1
1159113521|1
118557769|5
119333945|2
1250992702|3
1239893396|1
121123553|47
118775006|1
10007886-2|1
1021290351|3
118798227|3
11857342X|1
117537047|1
10144513-1|1
118729683|1
100444873|1
1253840369|1
143088149|1
36925746|1
11897436X|2
17211448|1
1154959872|1
118727907|1
135956757|1
118738755|2
1198856947|1
1044253274|1
1035516489|1
123149924|2
2096573-4|1
131650335|1
105076333|1
115626921|1
123685338|1
1280000236|1
1258059061|1
1185329056|1
1052505821|2
39316-2|4
119628556X|1
11768581X|1
13705856X|1
13013743X|1
119147920|1
1036987884|1
1124082476|4
117593702|1
118638475|1
11873668X|1
124655661|1
118911759|1
118655108|1
123293871|1
118585827|3
128581344|3
119314002|2
1120440769|1
416455-6|1
118522027|1
104201649|1
122702166|2
1222870908|3
118524402|4
103553116X|1
174349416|1
129389749|1
1213658004|1
120674416|1
143526707|1
118674056|1
117468827|1
118614584|1
10047215X|1
118747355|1
133882918|1
1019741872|1
101975799X|1
1011545292|1
1023858088|1
12480120X|1
116863854|1
119312131|1
128452862|1
118591215|1
116181931|1
100312055|1
119355396|2
119684012|14
139935967|1
128267410|1
100089003|9
116570377|5
117259-1|1
101053800|24
104183586|2
118687441|55
1080678158|15
100636209|9
118134205|3
115772561|1
16048643-9|1
120258552|4
1169829732|16
137363575|2
1182990762|1
118971301|1
13636554X|1
115361871|1
1139122541|1
129209821|1
100433251|1
141080612|1
1235361004|1
118580736|1
118502603|1
117136743|1
118703234|1
11608023X|1
1226016235|1
119138158|1
14150823X|2
118766422|12
142535753|2
11873248X|1
1205928170|1
1035264056|1
119131242|1
130099031|3
1154515303|1
122380088|1
118732501|1
118560557|1
1057789313|1
139611924|1
119462613|1
12935676X|1
129198846|1
1123245959|3
119381842|5
12099707X|1
104181982|8
301776-X|1
133471160|6
118510606|2
135569621|1
10436307X|1
119429411|2
118876368|2
118692941|1
118732498|1
1147223033|1
138974861|1
128728760|1
131667157|1
1317665503|1
136431070|1
1169989918|3
1239990138|1
118544365|2
116351020|1
116721251|3
136571875|3
138966141|1
116001127|1
117766607|2
117752428|1
118634771|2
115843647|1
121002756|1
131500155|2
102758972|1
117764337|1
1096772-2|17
118637223|1
131598635|1
1036116956|1
133171477|1
1020250755|1
119175800|1
12917405X|1
118543520|1
50533-X|5
2044109-5|1
18994-7|1
1017688-3|1
7704077-6|1
119299941|1
1279120452|1
104185756X|1
120010887|1
128601086|1
118605909|1
118517023|1
118677861|1
1055474927|1
122931564|1
118779621|1
137917074|1
117691666|1
116782528|1
1328900983|1
142049328|1
1262068932|1
116790393|1
119459159|1
118745263|1
117151815|1
1033250007|1
128895810|1
117631558|1
1027625150|1
116646608|1
116181869|1
120606313|1
1225236681|1
118732471|3
129847658|1
118846787|1
119426099|1
118642022|1
1003864-4|1
5067998-3|1
2034611-6|1
37841-0|1
5351275-3|1
118760041|1
104213655|2
128853174|2
1163737224|3
124476163|1
115784071|8
137653603|1
109479890|1
1202978797|1
116577797|1
2018552-2|3
119530791|3
118790048|2
119232111|1
39689-8|1
119048981|1
112809276X|1
1019737131|1
135901537|1
