#FORMAT: BEACON

#TARGETPREFIX: https://personenlexika.digitale-sammlungen.de
#TARGET: http://www.historische-kommission-muenchen-editionen.de/beacond/bsb_personen.php?gnd={ID}

#FEED: http://www.historische-kommission-muenchen-editionen.de/beacond/beacon_baader-lipowsky.php?beacon
#CONTACT:  (Beacon: matthias.reinert@hk.badw.de)
#MESSAGE: Personen in bayrischen historischen biographischen Lexika
#INSTITUTION: Digitalisierungszentrum, BSB München
#DESCRIPTION:  Zur Personenrecherche auf http://personen.digitale-sammlungen.de/ stehen zur Zeit folgende biographische Nachschlagewerke zur Verfügung: Künstlerlexikon von Lipowsky Band 1 und 2, Musikerlexikon von Lipowsky, Das gelehrte Baiern, 1804 von Baader, Lexicon verstorbener Bayerischer Schriftsteller A - Z, 1824 von Baader, Lexicon verstorbener Bayerischer Schriftsteller A - Z, 1825 von Baader; insgesamt 2271 mit GND
#TIMESTAMP: 2024-12-12
#REVISIT: 2032-10-01
116002190
129728527
11850021X
129459496
12978253X
102417946
100003729
122709020
116009640
118549286
116007427
10016191X
128654880
129459615
116009373
122971841
122910494
116270349
121116662
129728764
118868306
124578225
118644130
118501224
129728799
115648011
116274271
100981771
129728896
119111349
118647571
119014599
116278986
118637649
11540015X
135672767
100013325
120105756
129459623
12293153X
129459631
10000976X
129729043
129459658
100989942
129729124
116296593
129729167
100008615
129459666
124326501
10313381X
118648861
129729183
123049032
100012892
100416608
135672872
103105662
129729191
10001304X
129729205
101068301
129730270
129459712
129459690
118781871
124557104
120387794
102986649
121283127
116340029
115664823
119522497
129730351
100016855
129459720
131631780
118052837
129730467
129730491
116353805
129730572
118646044
100991467
10002145X
129731072
12973117X
100019153
129372870
122395883
129459739
100019633
10042029X
116395265
129731528
116010592
118505378
119368765
12973165X
118816608
11601055X
129731757
129731978
122883268
118988107
104344458
12093745X
129490881
129732036
104345519
100169171
129459763
12945995X
12199869X
123434955
123806771
122684834
119313618
100026826
124240100
129459747
120062895
120295792
122140478
118849506
135830354
101002262
100025021
10002503X
100840698
104083352
118653601
100424147
11944416X
100026192
12973327X
129733377
129733148
124980694
100021883
129688800
12973361X
117699675
11609169X
132334194
129460060
129373699
100028187
129733857
129460125
116096861
117758868
100029620
100030564
104366346
11610225X
129460141
129460176
100751636
118850415
101521510
118508261
128605332
119167662
129734136
100426050
121236250
116129395
124569943
116133341
118844296
101864876
100436277
100036139
100640362
115732608
129460192
100036236
100036333
12412609X
129460257
129460265
121358321
129460184
116154330
119223473
129460303
129460397
100039235
103869948
122428803
100029647
116161043
118510622
129734608
116161744
100042759
102424810
101041152
129374520
12949092X
120496933
100041604
100042325
129460419
129460427
129460508
100054927
129460524
129735434
118663968
100750036
100729746
119291231
116207760
129460532
118173553
129460559
129460591
103871470
100320422
11621595X
10004557X
116216832
100045642
120634066
129737011
121410005
129460613
116233214
12946063X
116233230
100986897
129460796
12169755X
129737054
100049435
120491761
122548124
10015056X
129460818
100051138
116272058
100054277
129460842
129460834
118673149
100755348
12985896X
118659871
12973747X
129737569
128673109
100054781
100778798
129460850
129737747
130801127
129460877
119369311
100056822
100431887
129460885
102810486
116495235
10005739X
116523972
129461253
129461288
129461261
100749593
118674315
129461296
116723866
116725966
129461539
104066970
12086245X
129461318
12946130X
129461466
138218773
129737836
103126902
10006079X
117657212
100434592
11681778X
116817925
100061419
100818846
129490970
129490946
135839351
123157838
119038293
100061737
100999212
117155640
117161314
104106069
100063276
129461814
123629543
129461830
117173274
129859044
129747610
115808205
103143203
129461997
122762215
117187925
12272481X
11643340X
124381332
104338709
118668099
100735843
129747661
118668218
102851379
100817890
129747831
129462071
129462098
122747143
118560190
100749445
104336560
129748080
129748102
124556485
129859052
129462101
118524844
129462047
100848842
100072542
129462209
129462144
104274263
100077528
100077633
100078125
10008110X
103751327
100077412
120438534
11867594X
100000983
104338695
135681030
100081614
129490997
100081673
115809252
116509066
102495882
123994403
100056318
116517735
129491020
129782173
129603112
118051156
118880632
100988725
100083943
116617624
122897927
129462241
129462217
100087787
129462470
129462497
11901176X
100726097
100597823
100212352
124884598
116707720
129462764
100186556
129462519
119175606
129462543
100095097
102882126
116733527
118939963
100836631
100742610
100097227
11852285X
12946323X
129463175
129463213
129463183
11674099X
129463248
118677446
100098045
129463264
119038935
103841830
119476630
100099343
122316207
100880193
100220371
104198273
118720961
124961991
124614213
100099696
129752088
129463302
129463329
100101127
118678833
10010116X
129463531
118956124
121678326
121158012
124668445
100757685
10426537X
100101364
10010181X
102161062
100101860
129463817
101622333
135686970
102866120
100983464
116063440
122820711
115791566
116071532
129463825
104197579
100467210
116083905
129185434
116085878
100106137
100106145
129752398
100107370
102867305
101065728
102867755
100106293
10010651X
10097760X
12356767X
100914772
129753408
100107044
102869235
10059977X
116112301
103882588
102870233
100982905
104194154
103882642
129463906
129754072
100106935
102867844
129463930
100985068
116152974
121988511
116152990
118841475
104214171
104197722
100110495
100110770
128544481
129479489
100319858
104199288
11617997X
129463957
102870713
100110045
100110231
135848156
135848172
100110304
100112056
103072772
100463320
100462073
103884149
129464074
129755818
116219807
129464236
100113125
128602678
116228210
129756113
100112900
116241446
123054362
129756423
12111807X
120500191
101269757
102433755
100463916
121019411
129756350
12250397X
12946435X
11938700X
122496671
10011640X
116334061
100653405
129464457
129464430
120656914
119552590
129464376
104074493
129464414
118958461
100118577
100118593
100119794
123851939
104247495
115592547
129464880
124651305
104364025
128721367
129464724
100120296
129765724
123080215
11640809X
117731625
118688308
101062656
129464643
118956507
116425504
116425989
118529625
100448852
100120458
100120474
129464651
100007759
129472077
100120687
100742548
100121691
117499862
100122191
123597625
122224876
129765821
118812882
104089245
118530208
129464694
101031424
135689007
100122795
100743668
10245812X
116505362
102873429
100124259
129464740
116516682
102873542
101376057
100124860
129766666
129766771
122504135
100868932
129767395
103887245
118911872
128995882
116574852
116574879
104113731
102873925
119335786
133518256
122902939
121464091
121954757
100739245
128938811
128938919
129464899
100793037
100469353
116381779
129859079
100010148
100346278
128889306
124015875
118531840
100347118
116413360
101081677
103865993
116436948
129274690
120170124
129464910
129768189
116459212
116461179
100345999
118686666
116466472
116507365
100796958
120745933
100132308
104124830
128448253
116564989
100132103
119135094
128421967
118687212
116514035
11853310X
102885486
129768332
12440863X
102966796
129768464
116534303
100135625
129768405
124926096
120488639
129768677
129768790
129455415
129464929
122548604
12946497X
116561874
129455431
121409163
129768820
100133541
129464988
100134971
10084779X
100135870
100137342
118684051
129768928
100278094
129465003
100279252
116665106
100279287
119475863
120054140
124859577
103842926
100785301
129772135
120613301
13014889X
121212963
104105860
100672302
118692429
100344321
100127088
102885338
104123915
11753689X
100126081
129491047
118535390
100126391
129465011
129782254
123733308
129782424
121429776
100127460
129782483
118536095
12946502X
100128343
129782653
129465291
116831588
100129048
104208392
122468368
102886814
129465313
129465321
121702723
116326786
102887357
100479723
100168493
100137016
118814044
129782963
12946533X
100140084
117672882
102887616
12182716X
100365523
116450274
116465921
115367918
122614461
129465364
12978303X
116479396
116495065
119074095
129465380
123902762
100316794
102887802
102376999
121621766
100348319
135848180
117701181
100142036
100142214
102888175
100142575
116566671
100142915
100082289
12946547X
120296233
100729983
121885909
121885925
118717146
10252243X
104249552
100285236
117732230
124523242
116635908
124635644
122664051
129465488
100288081
116658061
10048946X
128553170
129465496
118539841
128833157
118540378
10430748X
129785687
116749547
121609154
102483086
129785482
100151698
128972629
101066899
104105127
100152465
100150853
123393248
118540211
103895736
100154492
10311856X
123413982
129787477
100157009
100157025
101089589
102410631
129788023
122356306
124653200
100108296
118718460
129455490
124096816
115631038
12397237X
129788163
107493225
129465534
100143962
103896767
129788651
116834285
100144322
128660732
118697765
102459215
121241432
123418267
129465704
12010511X
100145361
118542397
11686639X
118698095
129789216
103852743
12946578X
12946581X
129465747
119182238
119438100
102199108
129789305
129465879
116887206
104124946
104047569
129789895
122700015
116894636
100146031
129491918
102915288
100147267
129465909
100348556
129275298
118699075
100348289
129465933
12946595X
119355329
117701467
119507536
100242936
117701475
129790303
11854361X
116926635
129790397
104058668
102915660
124806821
100349781
100349854
103933778
100152848
116347384
104051221
123879698
118911910
129790443
100154204
100493254
116358327
129465992
118719807
100493963
100155472
100152724
104366117
100156398
102929211
11870009X
12113475X
10015669X
100248470
129803367
102499284
116422122
129491934
129473251
124574432
129473294
129473308
101057768
129802913
116476346
100159877
129473316
116476508
12366781X
129803502
10016031X
100163661
116490276
129473340
129473448
116491191
121250652
100160980
129804401
129804932
119538504
100352251
116369019
100352278
118960644
118917447
129473634
102910057
100352901
100782094
122305434
135709148
128940786
11678735X
118639528
124655041
119357798
103129707
101030444
116562382
122171403
129473669
128827203
100862403
120677822
129805459
10254977X
11666634X
118548565
100868304
100291252
129491942
129507423
129473723
129473758
11668271X
100291481
129491950
124681727
116687096
129491969
120150883
100292313
103875336
118549103
118939475
101692196
11815950X
123936993
100163424
116738650
129473820
104295694
12053701X
129473936
100041361
100994016
100163963
10412315X
100164579
100165141
129491985
100165834
100165958
129473960
129473979
100354769
116796715
129808229
123072190
129473987
129474002
100355358
103030077
116813318
100744273
129474045
129808407
121162346
10027031X
100356486
129474274
129474231
100292909
100357040
129492000
129474339
100356672
129808687
100357075
120951436
135719933
129808865
129809438
100358306
129809551
129474436
129809780
118706055
100111548
128779691
124151361
124482716
120566451
116956860
100359582
100886086
129474282
100359841
129810169
119531569
129474460
10420687X
116973803
100293522
129474576
129810193
116974141
118553321
116975210
129474665
116981954
100294448
100294464
12981024X
116932708
129492027
10049689X
129474312
129810258
100361463
121379523
119037750
118982575
100361307
129474797
118554077
117031933
119522268
118707698
10021780X
124018440
117045403
129474800
103026193
12982173X
129822647
100361714
129823422
123139465
129823546
10107316X
129823686
102999244
135720176
129474843
117046469
100295177
117062200
104353228
117070335
100296424
129824879
104248297
119526816
117073695
129474851
117075418
118555308
100351107
117129682
100362214
117129852
117129925
102860386
117138789
100362680
101228651
10029684X
129825263
129825506
117209848
100747779
102539952
104126221
129474878
117058335
135854660
118556738
135720354
117083666
115620664
124518117
129825115
129825166
129825417
100364608
122113640
117148687
11909990X
100365183
100365205
124974546
129474916
117238163
117238260
117238279
129474983
117659835
129475025
12947505X
124053580
129475084
129475343
12073558X
129747769
135720397
100168701
129826588
129475351
102862427
122286693
100504744
100168884
100504787
100168914
100828787
116053550
100167896
129826278
119550016
100973787
121673383
104269774
129827029
101094760
100965105
130288136
122187229
129475394
129475416
129475424
116130393
118721941
129475432
102499381
129420794
129475459
116152656
116153555
100301436
100517153
128596589
100301681
129827576
10030186X
129475483
129827622
129827665
102863555
116172169
129394122
124567002
129784761
116196041
129475491
100303048
100303374
100995578
116210486
116211245
129828297
102568944
118993852
129475521
12947553X
103805486
10021777X
101080484
100303889
100303943
120709783
129475599
129475564
12090683X
122314875
103910913
116231203
116231424
102888442
102494304
116235314
119439883
129475661
129475696
103114610
103034935
120259133
123983150
100179533
102870160
10017969X
102888698
103857567
10018006X
129828858
102889546
124147860
100180256
100836178
100196136
132139693
121550729
129475807
116307234
118868675
100196438
103911995
10019639X
103911987
103912010
10019530X
116314850
100196713
129475831
100196721
121583562
116288744
12209705X
10019561X
100195652
100195679
129475769
121843432
100195717
121978796
122730739
118565362
11633939X
116341033
100197329
129492051
100200893
11635674X
132477378
128584866
128374144
102890056
121120368
129829781
129829870
101084609
104221887
115599770
100202217
129475866
118566520
116522003
116523034
100202624
100203000
102496870
100833136
123540682
129475890
124431348
100301606
100210910
116565756
123902827
12947584X
129475947
129475971
129475998
101061501
129475904
104241721
103124829
12309402X
129476064
129476080
129831069
12977216X
129476013
116639474
103914625
100170684
100538398
103074635
123161568
12947617X
100581803
123845394
135854695
100685714
129476323
103915184
12289961X
129476552
129476382
129476269
116683996
129476226
104161175
13149967X
100299962
129476544
129476587
121662179
116452633
12947634X
129476366
100299814
100300324
118861042
129476609
129476641
121067939
103915702
129018953
129275670
118569945
123737125
129275689
116865733
129477427
103915877
11900108X
100780091
104137150
100820956
10242277X
129477451
100923100
129816221
116852844
100187781
129477443
129477567
129477575
103811834
129477613
129477648
100171214
100369294
129477664
120627736
100367712
122700449
122269608
116960779
104206837
129477672
129477699
10019026X
119104067
130221589
102900175
100869459
10419426X
117008060
117042706
100192106
129477710
117044350
129477729
104225033
128912766
122082826
120832623
101052626
117217158
118729098
135730589
12949089X
100370985
117251763
135863104
129477745
117316032
129477753
12311389X
10037171X
103920552
116661585
117518468
135863309
100203299
100203396
129477788
116759763
122210999
104342358
124759882
116760079
129477834
116762586
129477796
127471529
129477850
116810750
11681084X
100210260
100198740
129477869
100305849
104225297
118579436
118579355
100038689
118732374
118763636
133346978
130065579
134217810
115676929
100374387
104361980
120215403
120872439
119393379
122076575
101383460
100307760
116863633
129477877
118580485
124642861
129478067
129248665
118897993
119434679
129478105
12947813X
103924396
129478180
10392423X
100309038
100729657
129478148
100307671
104270195
118917994
104152729
124410812
129478504
122203364
122395999
119162199
10021374X
100213766
129478598
12947861X
11873430X
115654178
119371189
129478644
103847189
117135968
129478636
117136220
117136638
103130012
117088307
117088323
12927593X
129478601
135871018
118584588
118584596
129478660
118735144
129478687
13142744X
122086171
100217249
119552264
121678563
11906362X
129492108
122325176
119063603
118586009
119257394
104224142
102911274
124498981
103831053
116904933
116906707
116909854
116939877
100220940
104133260
135738423
104089016
122856902
118785990
129478822
135878993
104352361
129478849
11907981X
135942314
100533310
116984384
123658292
10406689X
100223435
10404750X
100225799
121389499
129478865
129478873
100228097
118880497
12947889X
10101368X
101015070
104135611
100313914
135746922
11708137X
102891958
124621627
118861786
13009708X
122002717
117097152
104248238
100768113
120253801
104141476
11710471X
104141085
12354078X
117105813
135879051
10031516X
129478903
117108154
100803997
104103957
122385888
129478911
123883520
117154989
135812186
118021591
100220851
129492132
102202664
129478954
124910726
119456613
129273813
129478962
132056895
129479470
135661722
100782248
116023961
122764978
100240097
129479608
129479535
100444350
129275948
121618544
129479616
104318716
101087160
117693316
10024744X
129479772
129295116
100380778
120602377
100382134
104125500
129479802
120658542
129479829
104040270
11770329X
118740652
124410707
100227139
12063337X
116142715
122898435
116162139
124793185
129479845
123076854
100227651
129479896
100232833
10023481X
129479950
100234798
129479918
116178825
129479977
129479993
124692923
129480037
100555381
129480053
103848584
100258263
124267599
100620361
100320430
13007540X
12005485X
129480126
119469707
129480142
100229840
129480177
116278706
129480215
12948024X
123404975
116282061
129480290
129480312
135893984
100232345
129480347
118939599
129480363
122146980
100316050
131822136
12489948X
100539785
12174518X
129480452
135904420
100543049
121188108
124016510
104143673
119216485
129480525
115532218
129480770
129480797
100387233
104231807
119507633
104231955
13012656X
129480819
116363037
116363509
129358916
130253162
124518362
10024503X
12948086X
116367032
129481068
129481076
121689476
129481106
129481092
129481122
131787713
100730426
123439299
103827315
135905532
100394876
100394892
102916071
10393815X
129481203
129481181
129481157
129481173
129485144
100395236
118599372
104218975
116419784
129485152
129485195
122163877
100316751
100317340
100317383
135805414
13590594X
129485217
102917833
129485225
100318622
101080956
104226447
100319181
12064536X
118861867
116455357
129485233
123496276
116510145
115383395
12948525X
100390544
116535059
122478908
119528568
11860094X
100391583
119305828
124343961
100649440
129485268
118745468
100392822
116573775
129485306
116608382
119316897
135906067
124112528
119118602
102499101
129485284
128400285
132844583
123165172
115534822
107712423
129485349
12435551X
120348381
115754733
102856915
129485357
100260853
100261035
135906083
129485365
116639296
100261310
100975038
116664657
135906105
129485373
116673672
129485403
129485411
11667136X
115526749
115526722
129485438
101006632
100325874
100769411
104079002
129485446
100327311
104323183
118604597
100260152
124334644
104365099
10026381X
118874454
100270042
116777885
116780525
131437542
116802200
100405045
104194162
119815249
129493996
129485462
118604805
119486911
129362069
129275964
129485497
118939971
129485640
103943188
117092711
119100673
117099791
129275999
118748416
100398804
104048557
104048530
102430721
103017364
124806937
117111511
100330819
11952225X
101081669
101091745
123928273
119462761
117215023
135915902
133316572
129485667
123921058
119265427
121080463
129485691
129485675
12948573X
11860757X
100328296
128375213
129485772
129485780
121099431
135917441
117233439
13400616X
117273783
100329632
118931121
135917468
131618555
117456675
122173481
129485829
10062071X
135917484
117499048
135917492
11749917X
115390391
124653537
100620884
104073896
121488578
117501905
104138033
130251100
129485845
129485896
12948590X
119056151
100267513
129485926
135917557
118609521
129485942
129485969
118897985
118836307
104124016
129485993
103945520
11689606X
124038697
104352507
129486000
129486035
123076226
116889462
129690120
116889683
100264913
116923237
100265553
129486078
119531682
12016647X
129232432
103945768
117061166
129486124
129486140
117107557
129486175
10436873X
129486183
100332978
129486469
129486485
129486426
115870326
129486434
135812828
129492140
129486523
129486493
12948654X
115661069
117366722
117367257
11736729X
118763067
100333958
129486590
129486647
129486655
100832679
117459097
120713039
129486663
135812925
100272355
130628018
117445851
115842748
101023499
119473585
117464376
118760688
122709853
129486698
104318422
118897322
118764551
100553281
103947825
129486760
117338915
117356107
119006855
118797166
119121328
119476789
129486787
129486809
129276081
135925762
129859125
12948685X
135926335
124825605
117490911
101055056
123484499
128663715
114168229
121257908
117727555
121537145
100275648
12262162X
115686029
119007576
118616536
11719560X
129487147
100975127
118752596
100242944
12373083X
118752618
119000008
118752839
119369923
117223999
118798561
117237353
117237655
117240958
117317225
133960706
13592684X
12348314X
115446222
10041155X
117235598
117235830
118753665
121660117
100412041
129487171
100412262
117261254
129487201
102499144
129487228
129487244
100412882
129487260
120211602
100110126
129487333
11731711X
100632645
121622800
100632696
129487341
129487368
129487384
122418387
13592720X
100242979
135927218
117382566
117235091
101105258
129487449
119291312
100634826
129487422
100630960
121440842
120038374
122965094
131395882
135927226
120076276
124515568
123260981
130210617
129487457
102410844
103955283
129487678
103840141
117392944
119522152
120890437
129267651
12340312X
129487716
100597637
103955682
128655933
129487775
117413828
117414395
117414476
120250462
117414883
117417092
118802712
100649122
135813042
122151763
117420255
104043822
118158732
117451134
129487783
10064791X
129487791
120294575
120115522
100653308
119537869
121423972
100661165
100673430
11535591X
117287946
118900420
135935105
128603119
119116405
118763903
104043520
118625756
100000789
129489972
129490016
12948993X
129489956
129490024
101066015
117368490
120174448
129487821
128380144
12873664X
104334835
129487848
120404559
118768581
135935628
12875737X
101009739
118768921
124591493
129487880
129487864
129489700
129489719
128826037
100672167
118627546
124653375
129489743
129489727
129489735
135936071
117478997
104054891
102931569
121716422
104366273
12948976X
124289525
119090198
124587046
129859141
124442323
117096644
129489808
117103721
124583660
129489824
132353725
119392976
128988444
131973274
129489883
104206799
129489832
12113864X
129489859
135936705
124701531
118042408
118806580
100679781
129490040
120435500
100697224
129489875
117269239
115785744
129490067
117298611
129490113
104355077
129490083
128583509
129490091
135821363
124266924
129489867
117307556
100659349
117346225
129490121
129490156
129490172
129490199
117285323
129490210
128617276
135936853
13022944X
119486881
11915384X
100702414
122193512
118930621
122900987
129490342
104286520
119332752
120865815
117339717
121891038
129490350
100697585
129490466
100717934
129490369
119473941
100717977
11884170X
118632825
118771841
117580724
122327071
117403725
100703739
100721036
129276111
119055716
118633848
104180080
12423920X
100705030
121885356
129490598
129490636
117430110
13593799X
104255927
129520799
122431804
122782038
129490687
103785825
129490709
117355240
124331025
101382014
10070672X
129490768
100706991
100707068
135938058
12949075X
119079615
130155411
116966785
11916227X
118818708
121830217
10396388X
129490806
102967717
120631121
129490814
129490822
124273130
12979824X
100712754
115540806
100712851
100713211
131784323
135830230
135938139
10071398X
122992962
117005290
100714560
13583032X
117006378
118115235
100712274
129490849
104212640
129457094
135938171
130837830
