#FORMAT: BEACON
#PREFIX: http://d-nb.info/gnd/
#VERSION: 0.1
#FEED: https://kaiserhof.geschichte.lmu.de/beacon/
#TARGET: https://kaiserhof.geschichte.lmu.de/Q/GND={ID}
#CONTACT: Prof. Dr. Mark Hengerer <hengerer@uni-muenchen.de>
#INSTITUTION: Ludwig-Maximilians-Universität München - Historisches Seminar - Frühe Neuzeit
#NAME: Kaiser und Höfe (KH)
#DESCRIPTION: Personendatenbank der Höflinge der österreichischen Habsburger der kaiserlichen Linie sowie der Nebenlinien des 16. und 17. Jahrhunderts
#ISIL: DE-2335
#TIMESTAMP: 2022-12-11T20:04:12+01:00
#REVISIT: 2022-12-12T01:00:00+01:00
100010458
100026656
100029752
100064434
100081746
10009189X
100100465
100123910
100124844
100126626
100127509
100135528
10014263X
10016479X
100242596
100245749
100265901
100297293
10029796X
100349137
100401546
100442234
100503225
100586376
100632440
100709230
100710026
100746306
100830013
100951279
100951759
10095555X
100976905
100984886
101026641
101041535
101053495
101072872
101072880
101076983
101093713
101100655
101102240
101103573
101272294
101864361
101965958
101984952
102017433
102030065
102111588
102116156
102117470
102120137
102120153
10212809X
102141126
102305889
102307229
102316309
102324212
102350132
10235913X
102374090
102427399
102454345
102478961
102479135
102480842
102507597
102532338
102534810
102837422
102856516
102862494
103023585
103032649
103079009
103089365
103094474
103122109
103144579
103154698
104048522
104048948
104056401
104066822
104074833
104082054
104086491
104091487
10410399X
104116277
104130881
104130938
104132280
104138459
104139455
104143495
104149981
104150351
104152281
104173297
104173734
104174552
104176784
104177209
104180072
104183772
104183829
10418387X
104187360
104189614
104194650
104194693
104196858
104196874
104205792
104209356
104211539
104223820
104224266
104228520
104236752
104243244
104251603
104251689
104259302
104259841
104260017
104266112
104270136
104275928
104277599
10427817X
104285745
104299282
104302100
104309946
104313501
10431351X
104318422
10431849X
104321067
104321350
104334770
104339667
104347910
104350695
104352124
104352728
104352736
104352744
104352752
104361468
104374853
104376279
10438008X
108194221
10964851X
115353305
115355502
115361871
115370196
11538278X
115387668
115388435
115446990
115466975
115471979
115498141
115498249
115509151
115524991
115527036
115530312
115539441
115540040
115561897
115614907
115615008
115640045
11564976X
11566758X
115683313
115714634
115732624
115732845
115733523
115772561
115773371
115775617
115775854
115802118
115821872
115841938
115845682
115846433
115849386
115850945
115862625
115864849
115878181
115880798
115880917
11588159X
115883193
115883266
116002034
116002794
116031425
116031492
116113588
116113723
116153687
116160985
116161035
116260939
116294078
116294086
116298642
116302380
116306505
116329963
116330376
116367008
116370858
116446773
116448210
116452374
116464275
11647677X
116484225
11648439X
116493577
116513691
116522607
116562714
116563710
116568542
116590467
116596546
116637005
116639679
116645059
116650850
116652853
116653000
116678909
116713623
116735139
116735163
116739355
116741880
116757833
116766409
11678735X
116790016
11681098X
116810998
116811013
116821523
116848154
116848286
116848359
116848391
116848405
116851198
116879890
116884010
116888571
11690433X
116911840
116941715
116953608
116954078
116955368
116956046
116969172
116969229
11696927X
116972815
116975679
116975695
116975725
116975741
116992425
11699245X
117001597
117005622
117028681
117085820
117085855
117100846
117108308
117108863
117119148
117129445
117132004
117145653
117149926
117150002
11715010X
117186740
117194042
117195499
117214388
117216089
117216402
117220868
117232726
117241547
117267899
117278742
11730638X
117310107
117327492
117327506
117327522
117342580
117360708
117371874
117373788
117379697
117384224
117384372
117391433
117405973
11740599X
117406708
117416487
117416622
117425648
117439568
117440221
11746158X
117462004
117466638
117491594
117517739
117518387
117599719
117615161
117646083
117654108
117654132
117677256
117677337
117740667
117752193
117752207
118002805
118014145
118018051
118033581
118034081
118034464
118042475
118046330
118050095
118050125
11805015X
118050184
118064479
118083163
118193988
118500147
118501607
118501615
118501763
118503472
118507079
118512242
118514237
118515233
118516493
118519573
118520652
118520695
118524801
118529153
118530720
118532502
118532510
118532529
118534947
11853565X
118535692
118535773
118535781
11853579X
118535862
118536524
118537288
118541978
118543733
118549286
118549472
118549480
118554603
118557556
118557769
118557793
118558390
118558714
118560026
118560069
118560085
118560093
118560107
118560115
118560123
118561448
118561855
118564927
118567535
118571249
118571869
118573713
118574876
118574949
118574957
118576151
11857776X
118577778
118577786
118577867
118577905
118579029
118579355
118579371
11857938X
11857941X
118590618
118590898
11859169X
118593951
118594214
118597973
118598910
118603701
11860371X
118604465
118605941
118610058
118610066
118610074
118613871
118613898
118614185
118614215
118616226
118620916
118625306
118628615
118628755
118632868
118632876
118634224
118634240
118634453
118634895
118637029
118637665
118637673
118638521
118639110
118639188
118640143
11864159X
11864162X
118643525
118644173
118644327
118644351
11864436X
118647571
118647717
118647741
118647776
118648098
118648306
118649469
118649477
118651099
118653490
118654187
118659669
118661957
118663143
118666061
118669524
118669818
118675052
118676040
118676059
118676075
118677853
118680161
118682296
118686836
118687921
118688065
118690299
118690442
11869247X
118692925
118692933
118692941
118692968
118694022
118694170
118698788
118699288
118699431
11869944X
11870317X
118703188
118703501
11870351X
118706268
118706276
118706292
118708171
118709488
118710656
118712179
118712381
118712411
118712594
118713299
118716905
118716921
118717979
11871810X
118718444
118718452
118720899
118720902
118720945
118721313
118722697
118725866
118727656
118727664
118729187
11872939X
11872942X
118729438
118729500
118730711
118730983
118730991
118731912
118732463
11873248X
118736183
118738070
11873931X
118742221
118752219
118752715
118753495
118756141
118757156
118760130
118764942
118766686
118767240
118768522
118771841
118772295
118774816
11877641X
118777203
118778552
11878014X
118781863
118790048
118790528
118791796
118792415
118795139
118795740
118795759
118797158
118799193
11880099X
118801473
118805959
118805967
118806092
118806262
118807358
118808427
118808591
118808605
118812513
118815318
118816829
118818449
118820613
11882077X
118823795
118827138
118834347
118834657
118835297
118835785
118836218
11883794X
118838598
11884296X
118848399
118852329
118852892
118857673
118858173
118861409
118867687
118869590
118876368
118876848
118880349
118883542
118883747
118883976
118888536
118890646
118893289
118905406
118905414
118911333
118925741
118928996
118938363
118945432
118955152
118958089
118958410
118958429
118959360
118962396
118967738
118971255
118976788
118979604
118981722
118982508
118983288
118984705
118988328
118990217
119002108
119008572
119009927
119020572
119022524
119024918
119025655
119026724
119031337
119032929
119046415
119053977
119057743
11905986X
119061538
119064324
119066165
119067218
119070960
119071479
119074109
11909990X
119100320
119101122
119105209
119105691
119108062
119108542
119111349
119117304
119118416
119120712
119121468
11912288X
119125552
119130947
119133385
119133660
119140659
119141469
119142511
119149389
119159708
119160978
11916101X
119164051
119166070
119167182
119167573
119170531
119177269
119177315
119181789
119185148
119187620
119195380
119195704
119195798
119198320
119200767
119205009
119214644
119217120
119220318
119228122
119228130
119237512
119240122
119243717
119258447
119262312
119263580
119265648
119268779
119270277
119275155
119290251
11929141X
119296810
11929771X
119299941
119306735
119316900
119324636
119333600
119333945
119338882
119353369
11936168X
119366150
119376962
119377055
119383845
119386283
119386313
119388871
119389118
119392895
119393395
119399679
119400839
119405628
119421542
119429489
119431386
119440067
119442620
119442647
119450658
119458446
119475936
119487403
119487918
119488930
119492237
119500809
119502992
119504707
119504979
119506270
119521296
119523159
119529696
119535165
11954315X
119554631
119555476
119559331
119600234
119604418
119607204
119610507
119610515
119610523
119617072
119620863
119631806
119639939
119640538
119641208
119660369
119661713
11966173X
119662892
119664755
119664852
119666065
11966609X
119666111
11966612X
119666138
119674122
11967534X
119675358
119675366
119679450
119679469
119681986
11968313X
119684055
119697688
119698870
119703165
11970904X
119721422
119721473
119723093
11972314X
119723301
119723484
119728524
119731460
11973236X
119735474
119742276
119742810
119745712
119746999
119748401
119750619
119750643
11976458X
119774259
119775158
119775522
119780305
119784289
119792699
119794888
119795280
119796910
119799561
11980137X
119805979
119809052
119813939
119815591
119820838
119820854
119820870
119825171
119827417
119827433
11982910X
119831805
119834138
11984107X
119845075
119849321
119850397
119852438
119852853
119852861
119862395
119863154
119863375
119863383
119863812
119864835
119864843
119864878
119867427
119874601
119875128
11987685X
120002744
120002787
120010739
120013320
120015951
120030675
120033143
120038315
120065487
120065703
120079666
120079690
120079712
120079747
120082268
120089874
120090058
12009150X
120091526
120091569
120092662
120096749
120096943
120097249
120097389
120099942
120100207
120117169
120125811
120149613
120159112
120165600
120176521
120182874
120182955
120186845
120195836
120207729
120210851
120227029
12025509X
120257122
12026000X
120266318
120278855
120280523
120286246
120291312
120291371
120305224
120321041
120321335
120394529
120404516
120438798
120438844
120439743
12044223X
120451573
120476371
120476797
120530791
120532611
120578395
120580497
120602342
120623781
12064231X
120657198
120684888
120691515
120691612
120701057
120719681
120738597
120740915
120825813
120844907
120862239
120912546
120959216
120963914
121004678
12100497X
121006883
121006905
121008304
121009351
121010619
121045013
12104503X
121047156
121052893
121083756
12108759X
12109426X
121110966
12112360X
121123731
121173194
121196852
121200590
12121480X
121215997
121238660
121238709
121253252
121272923
121278948
121293750
121315932
12132141X
121321657
121329844
121331199
121332276
121351084
121359026
121369471
121390365
121400719
121424340
121446522
121480178
121485641
121491684
121500373
121500705
121550419
121550443
121561232
121587827
121607267
121612333
12161672X
121621030
12168797X
121733548
121739414
121753859
12176883X
12179217X
121794393
121795063
121801462
121803813
121805573
12180559X
121816362
121822036
121823946
121825779
121838951
12185552X
121855740
121878228
12188807X
121890716
121890872
121891135
121933253
121971805
121986462
121994724
121998533
121998568
122011848
12201698X
122035143
122065743
122068734
122103785
122134117
122147685
122160215
122162226
122162269
12217674X
122176790
122181220
122185579
122209443
12222132X
12225791X
122265769
122274822
122299906
12229999X
122342070
122366964
122377680
122417690
122439872
122440617
122441133
122461282
122466764
122477391
122498348
122568044
122586018
122759591
122785983
122786041
12279155X
122811364
122820096
122834232
122841999
122845447
122848136
122851447
122851552
122852354
122852389
122852575
122854209
122854659
122854691
12285490X
122855914
122856325
122856406
122856414
122856430
122856449
122856465
122856791
122857038
122857283
12285747X
122857534
122857690
122858506
122858530
122858573
122858638
122859820
122866150
122880579
12289278X
122911466
122914074
12291631X
122916484
122925351
122956532
122974182
122983009
122987349
123019125
123019761
123019826
12304751X
12304863X
123102561
123107911
123159539
123180449
123227658
123254868
123258588
123293308
123304768
123322766
123362768
123388279
123396980
123398002
123399939
123435919
123487129
123510481
123516749
123516757
123517826
123530822
123558328
123567955
123579783
123613302
123622085
123623790
123635500
123659256
123662427
123667542
123677653
123683785
123710103
123733367
123733464
123773695
123983452
123994470
123995442
124018742
124064493
124065023
124065694
124082963
124126057
124141749
124166296
124222463
124236820
124256260
124269982
12429300X
124293972
124294707
12431497X
124315542
124327109
12433072X
124335756
124343791
124346383
124365639
124368085
124370039
124375367
124388809
124400116
124408346
124422047
124427979
124437680
124448747
124456286
12449224X
124499856
124502938
124521711
124523099
124523129
124528791
124545998
124559492
124569382
124576966
124617859
12462622X
124643221
124650759
12465133X
124658121
12465911X
124664180
124740308
124756387
124764509
124765548
124782531
124825907
124839754
124843778
124865844
124890024
124899242
124908969
124979319
124984606
124986625
124987818
124988334
125828888
126260974
127443959
127605908
128064781
128358181
128405325
128416106
128433779
128456477
128469536
128472081
128486252
128492066
128501278
128508957
128530081
128548738
128561033
128562315
128578726
128579668
12858582X
12858811X
128589167
128606665
128611588
128647590
128647655
128649097
128660929
128663243
12868450X
128687983
128688181
128689226
128704489
128708360
128722266
128744154
128744405
12875625X
128758287
12877701X
128785586
128832355
128843136
12886155X
128874678
128885033
128922656
128940786
128962321
12896359X
128964421
128975415
128978481
12898466X
12902015X
129044342
129050164
129051713
129073466
129074276
129080411
129099805
129104914
129107808
12915721X
129157295
129177636
12918859X
129198846
129199028
129199206
129199575
129212598
129216038
129222763
129232858
129266604
129277185
129283657
129287482
129303836
129321613
12939159X
129399388
129444081
129444898
129458139
129461431
129470805
129476676
129505293
129510009
129517216
129565660
12959203X
129621927
129651060
129674850
129688851
129693774
129700568
129713082
129713457
129722847
129722944
129726095
129730556
129732036
12973568X
129747963
129754129
129756075
129767638
129785075
129805866
129806285
129817821
129823775
129852996
129879908
129880019
129964034
129971219
129981117
129985333
129987360
130008877
130022675
130038296
130072109
130121622
130126780
130150797
130158232
130162116
130164097
130166162
130185248
130250899
130302287
130328855
130347884
130380113
130415715
130434574
130475475
130476889
130476900
130484806
130490040
130490296
130494836
130494852
130494909
130506184
130515469
130518476
130579084
130588423
13058987X
13064465X
130646040
130649961
130659967
130673625
130677906
130682047
13068452X
130852678
130885045
131368966
131426044
131426478
131443445
131459821
131513826
131547070
131551787
131596039
131600346
131600974
131605925
131616757
131620800
13162542X
131744755
131746839
131817965
131846450
131860712
131867903
131966863
131980491
131980548
131984071
132005093
132082233
13208855X
132102315
132134551
132251604
132252473
13225588X
13226742X
132267942
132272008
132272458
132272830
132272970
132273845
13227406X
132274310
132274779
132274884
132274922
132274949
132275686
132276011
132278146
132278790
132280779
132281007
13228152X
132282968
132292181
132303086
132303248
132303582
132303841
132305887
132306182
132316544
132318652
132327686
132332205
132343762
132472597
132590220
13262043X
13262074X
132654660
132807513
132885654
13290036X
132900386
132903873
132917084
13293020X
132963981
132969548
132993694
133065367
133161153
133161951
133163377
133246299
133258947
133271439
133272613
133275965
133276007
133333531
133389502
133441326
13350476X
133536025
133538206
13354477X
133547388
133558754
13355886X
133573532
133574555
133584887
13360165X
133619656
133641775
133641902
133643727
133646734
133664473
133669238
133692558
133732703
13376656X
133767728
133768147
133769860
133773922
133802388
133809668
133822052
133832376
13390055X
133959805
133968006
134000188
134074637
134198158
134226704
134234278
134289560
134291077
134628608
135541077
135554764
135560365
135584000
135596823
13565534X
135656257
135672198
135672287
135678226
135683165
135686490
135687071
135693829
13569809X
135698189
135698200
135708524
135718686
135719143
135720214
135720230
135720257
13572287X
13572290X
135722934
135725828
135725860
13573522X
135738318
135746442
135754550
135754623
135759560
13575996X
135776422
135786126
135793629
135821010
135828074
135828147
135838282
13583919X
135894557
135894697
135895367
135895383
13589543X
135895472
135895502
135895510
135901537
13590160X
135901650
135901707
135904315
135906873
13590689X
13590692X
135906989
135907012
135909317
135915910
135916356
135916771
135916798
135926866
135929210
13593124X
135932971
135933110
135933145
135933161
135934621
135934672
135941059
135950686
135951828
135961963
135962358
135963699
135974461
135979773
135984661
136011357
136018599
136020259
136021026
136021085
136021166
136021271
136021301
136030963
136033016
13603599X
136036031
136036074
136036155
136051138
136067247
136068863
136069800
136092829
136096018
136102123
136109144
136109179
136109187
136109195
136113338
136113354
136113370
136113397
136113508
136113567
136117643
13612836X
136128408
136128475
136128610
136128742
136143571
136143644
136143687
136143717
136143814
136150586
136158765
136161243
136161251
136168485
136169058
136169082
136169937
136170102
136170137
136176070
136176135
136176216
136176852
136176895
136176933
136183247
136183921
136184561
136193412
136197949
136198163
136198368
136199089
136199941
136201288
136202578
136214606
136214665
136214711
136214789
136215114
136216188
136222765
13622380X
136223885
136223974
136224067
136232000
136243487
136244750
136256554
136263496
136264131
136268676
136278442
136292976
136293018
136293034
136293204
136302203
136377971
136408419
136408583
136408729
136408753
13640877X
136408869
136408915
136409199
136409385
136409555
136414907
136419046
136419593
136431070
136448011
136459676
136471277
136514987
136531407
136547591
136547621
136547648
136547699
136574491
136602126
136602169
136606113
136611338
136611354
136611427
136616496
136628389
136628621
136659705
136669808
13667030X
136695973
136696007
13669845X
136708455
136708579
136708676
136710123
13671014X
136721281
136739296
136739474
136740693
136779069
136779220
13677945X
136779735
136779778
136780008
136780164
136780253
13678206X
136788688
136800548
13681204X
136817122
136829813
136829910
136833519
136841430
136846505
136847536
136847609
136860974
136863140
136863159
136863302
136863655
136864406
136864414
136864457
136875432
13687570X
136902928
136913393
136913709
136923410
136923577
136924190
13692462X
136925685
136926339
136926576
136926738
13692753X
136952542
136952666
136952690
13697483X
136994423
136994431
13699444X
13705629X
137059019
137067178
137068956
137071124
137079761
137080948
137081200
137081979
137090234
137090285
137090447
137090498
137098812
137102992
137103093
137124627
137125542
137141807
137180098
137193890
137212305
137212313
137212321
137311559
137312768
137313276
137338988
137351682
137373260
137376375
137376510
137376634
137376707
137376731
137376812
137400667
137410522
137411618
137416563
137419694
13743037X
137430442
137430590
137430825
137430884
137431074
137431309
137431325
137431376
137431740
137431775
13743183X
137431872
137431910
137431945
137432003
137432011
137432070
137435169
137449593
137466781
137511604
137511752
137511973
137512228
137512716
137513666
137544251
137599927
13759996X
137600011
137600518
137600615
137600968
137636253
13764339X
137643608
137646976
13764938X
137661703
137665865
137684460
137698445
137699182
137700342
137700709
137704852
137705689
137727429
13772747X
137729642
13773705X
137737238
137737300
13773770X
137740514
137740530
137740794
137740832
137740867
137743254
13774966X
137799233
137838204
137839006
137839146
137840799
137844859
137844921
137845200
13784526X
137846460
137846975
13784803X
137848129
137848188
137849214
137865597
137866283
137896646
137896719
13790696X
137908431
137908466
137908601
13790861X
137912692
137915969
137916000
137916086
137967233
137975821
137976917
137977247
13797938X
137999100
138002673
138005966
138006962
138043000
138043043
138060770
138068925
138073228
138096856
138106282
138106304
138106584
138117004
138121400
138121427
138186014
138186413
138223165
138244995
138259089
138259143
138259399
138259542
138261008
138261121
13826273X
138263264
138263957
138265232
138295514
138328218
138328277
138342210
138342342
138342598
138353948
138353972
138354227
138360316
138367736
138386161
138397902
138411018
138413525
138418594
138457700
138457735
138464308
13846894X
138521034
138538220
138541493
138541507
138541639
13856471X
138574642
138584494
138592489
138593183
138594317
138594333
138595135
138595186
138595305
138596050
138596468
138596549
138596867
138597286
13859757X
138603553
13860620X
138606250
138612854
138618194
138639299
138664536
138665044
138665060
138679584
138682135
138693498
138693501
138693722
138701784
138701881
138702004
138702047
138702055
138702071
13870208X
138702101
138702489
138702810
138713383
138722633
138729832
138733422
138736669
138742537
138775796
138777098
138777497
138778450
138779562
138779600
138780889
138787484
138794820
138796904
13880348X
138806187
138810346
138827923
138828563
138850259
138857504
138876177
138883157
13893519X
138944156
139000062
139000135
139011536
139064052
139064184
139064230
139078495
139079742
139080562
139080732
139080872
139081380
139091076
139094539
139094873
139102892
139106987
139106995
139107002
139111255
139111336
139111387
139112405
139148566
139150129
13915650X
13916779X
139175962
139176004
139209433
139214232
139219455
139229639
139242791
139254811
139255281
139255311
139255389
139262539
139263055
139286144
139286748
139286772
139287574
139302670
139310169
139319964
139320121
13932013X
139320393
139320423
139498869
139498877
139556141
139556192
139567976
139593748
139617876
139617965
139620885
139621067
139629610
139629866
139630058
139630163
139630309
139630333
139630376
139635785
139641572
139641653
139767479
139789812
139819142
139828303
139836551
139869123
139878548
139893512
139902759
139913343
139914560
139914587
139978623
139996982
140001182
14000162X
140011676
140054960
14015731X
140221131
140258183
140341943
140344144
140344446
140446125
140446257
140446834
140490124
140576967
140588566
140677879
140782125
140783431
140846808
140979077
141024909
141323558
141344539
141375116
141388404
141396571
141466413
141533234
14165791X
141660554
141665610
141714468
141721685
141721723
141725087
141775777
141897740
141900881
141912618
141970987
142036056
142080578
142097896
142166529
142168327
14216870X
14219607X
142335169
142355917
142390976
142394440
142414875
142431095
142494534
142507202
142514934
142529117
142529672
142531200
142537756
142646121
142712426
142720690
142743313
142793507
142860980
14287700X
142942502
142944556
142945749
142990116
142991058
143044206
143228978
143233424
143233483
143276301
143324667
143332597
143345842
143397575
143399535
143471651
143504797
143559737
143559958
143562363
143611321
143614126
143658700
143726625
143813072
143871226
143873539
143942921
172015502
172307333
172342848
172518288
172596068
172671949
172805880
172944791
17299067X
17315350X
173165109
173202136
173238300
173286305
173287956
173318800
173612636
173681433
173862829
174061730
174143958
188426086
188485406
189431989
189439378
189484098
189488905
189498749
18956539X
189572736
101141550X
101142732X
1011451050
1011546868
1011570629
1011573210
1011751003
1011828065
1011847973
1011980800
1011994038
1012011992
1012265854
1012266354
101227456X
101228400X
1012336506
1012371689
1012385752
101239090X
1012393399
1012563642
1012573079
1012573087
1012789659
1012805697
1012807533
1012812383
1012930920
1012932427
1013268040
1013351797
101335320X
1013454316
1013656350
1013657020
101368785X
1013735498
1013756886
1013763432
1013877683
1013882814
1013890701
1014107482
1014136563
101413708X
1014234646
1014358329
1014418364
1014423724
1014477336
1014488680
1014511666
101453089X
1014565383
1014567815
1014808340
1014876664
1014893798
1014893860
1014895731
1014983657
1015018742
101502260X
1015025196
1015093140
1015336760
1015337104
1015337120
1015368492
1015370918
1015476988
1015521185
1015521363
1015984355
1016433999
1016443056
1016481616
1016521774
1016530218
1016530315
101661912X
1016669828
1016695330
1016696892
1016699441
1016700210
101670853X
1016709250
1016713908
1016720793
1016756046
1016756569
1016764073
101676765X
1016768443
1016768664
101677205X
1016772599
1016772688
1016789971
1016790465
1016790597
1016847661
1016848706
1016849303
1016849850
1016853602
101685675X
1016857128
101686521X
1016865635
1016887116
1016888252
1016888848
1016899467
1016904207
1016904827
1016906374
1016907532
1016912870
1016914164
101691427X
1016914318
1016931107
1016932766
1016937598
1016937938
1016940017
101694070X
101694148X
101694182X
1016944780
1016945256
1016973942
1017071241
1017071918
1017075891
1017090432
1017122792
1017123128
1017123268
1017152497
1017152535
1017218722
1017219621
1017438501
1017508135
1017512507
101752128X
1017522308
1017707812
1017716749
1017716978
1017717672
1017793220
101779524X
1017795568
1017795657
1017795738
1017795789
1017795827
1017811008
1017811121
1017827605
1017885621
1017914982
1017917183
1017927448
1017953503
1017956936
1017958041
1017960801
1018056726
1018099247
101809931X
1018113991
1018150080
1018300554
1018327800
1018341951
1018353380
1018354360
1018367241
1018376615
1018396675
1018396713
1018396780
1018415084
1018415440
1018474722
1018503021
1018525505
1018532633
1018533583
101853444X
1018536183
1018561056
1018561358
1018596070
101863634X
1018699074
1018699139
1018699325
1018722157
1018725741
1018729887
1018762426
1018762582
1018856579
1018868437
101886850X
1018868615
1018870393
1018923136
1018924949
1018927603
1018955666
1018955844
1019257547
1019257601
1019259531
1019314184
1019430931
1019631341
1019642084
1019642106
1019684992
1019685042
1019685069
1019685085
1019685093
1019685107
1019685433
1019685441
101968545X
1019685727
1019724307
1019725060
1019725486
1019726695
1019726709
1019726733
1019726784
101972692X
1019727543
1019727551
1019727969
1019728167
1019736763
1019736844
1019737131
1019738308
1019739576
1019739983
1019740388
1019740434
1019741325
1019741406
101974619X
1019747668
101974913X
1019749296
101975169X
1019755873
101975589X
1019756241
1019756381
101975740X
1019757841
1019757876
1019758287
1019759712
1019761180
1019761393
1019761814
1019763906
101976418X
1019764325
1019764341
101976449X
1019764821
1019764996
1019765275
101976600X
1019767537
1019963379
1019982462
1020043601
1020048255
1020116382
1020118687
1020121408
1020167734
1020173246
1020344474
102053298X
1020580151
1020593865
1020675810
1020676612
102075866X
1020814284
102081490X
1020856882
102089802X
1021108928
1021110582
1021113336
1021133884
1021160121
1021212903
1021250228
1021267368
1021281131
102128954X
1021324892
102133197X
1021332070
1021333352
1021335304
1021336769
1021337234
1021337420
1021442364
1021710237
1021735868
1021738751
1021739073
1021970344
1022733796
1022825844
1022827529
1022828975
1022832336
1022834894
1022879766
1022880330
1022880357
1022895508
1022917056
1022925806
1022925822
1022967088
1022967096
102296710X
1022968386
102301856X
1023033585
1023104407
1023119110
1023182939
1023278324
1023299372
1023408716
1023444496
1023471280
1023473585
1023545705
1023554194
1023577690
1023588943
1023645564
1023666766
1023788381
1023822318
102386097X
1024090817
102409118X
1024111040
1024113167
1024208230
1024379248
1024381161
1024385965
102468752X
1024711692
1024713776
102486121X
1025124529
1025246691
1025332741
1025374983
1025473841
1025534786
1025593820
1026150620
1026238676
1026340128
1026430763
1026438454
1027019501
1027175929
1027482783
1027555152
1027564844
1027603858
1027679382
1027787452
102859707X
1028653212
1028666209
1028794789
1028944489
1029051496
1029300666
1029360928
1029494916
1029495165
103049665X
1030504326
1030506531
103053196X
1030539995
1031167064
1031169202
1031170057
1031170693
1031174060
1031181199
1031184112
1031184864
1031199241
1031250174
1031329005
1031748911
1031773932
1031936130
1032022094
1032211172
1032672641
1032872608
1032882476
1032889691
103289685X
1032930802
1032934557
1032938307
1032939095
1032941324
1032973056
1032975253
1033151548
1033153796
1033175250
1033175714
1033202320
1033332313
1033515396
1033659053
1033668133
1033801267
1033832294
1033876534
103396347X
1034053485
1034108204
1034316761
1034409646
1034411004
1034438344
1034438662
1034445685
1034539558
1034694790
1034711814
1034749730
1034767283
1035074281
1035120100
1035144239
1035253755
1035763028
1035793040
1035845539
1036601889
1036944212
1037010884
1037333675
1037851382
1037974050
1038487587
1038487870
1038572118
1041272111
1041288840
1041529147
1041540345
1041724519
1041725590
104185398X
1041885512
1041902239
1042040842
1042166781
1042227748
1042343292
104240593X
1042406448
1042564701
1042575029
1042671443
1043697012
1043793461
1044561564
1044678828
1044915099
1044922818
1045066613
1045948853
1046015621
1046133934
1046134787
1046140396
1046170902
1046480758
1046977709
104706605X
1047602881
104770224X
1047702770
1047910519
1047981661
1048406873
1048576795
1048593010
1048711935
1048744663
1049171640
1049171802
1049518470
1050400569
1050403142
1050420977
1050425251
1050425626
105042770X
1050459628
1050465814
1050468988
1050480341
1050528883
1050531566
1050531663
1050532791
1050533283
1050533313
1050544021
1050544420
1050545419
1050554094
1050560795
1050560817
1050560892
1050566114
1050570634
1050680650
105068477X
1051202469
1051472806
1051487277
1051508347
1051885760
1051948495
1051993172
1052363288
1052491278
1052491340
1052491987
1052516025
1052802257
1052818633
1052836615
1052841236
105284152X
1052847803
1052852963
1052855741
1052865097
1052870775
1052890253
1053074166
1053152426
1053243030
1053426372
1053522878
1053523696
1053627394
1053942648
1055183698
1055244999
1055251677
1055259791
105528608X
1055293019
1055504273
1055507620
1055513000
1055516603
1055527435
105554528X
1055550267
1055557199
1055558934
1055572600
1055581863
1055588078
1055591400
1055602852
1055603042
1055603417
1055606238
1055609091
1055609652
1055609660
1055609687
1055609709
1055610774
105561138X
1055612300
1055612351
1055613447
1055613803
1055614575
1055614745
1055619100
105561933X
1055620931
1055621288
1055651934
1055652884
1055653392
1055656790
1055658459
1055672761
1055680993
105569269X
1055705783
1055713980
1055960503
1056069260
105611312X
1056113138
1056113146
1056114770
1056123613
1056126159
1056136863
105614789X
1056165022
1057025100
1057566705
1057653748
1057653810
1057765147
1057766739
1057789313
1057801674
1058340328
1058720902
1058829041
1058829432
1058848909
1059144123
105914896X
1059226251
1059228270
1059229692
1059375834
1059377756
1060213885
1060238950
1060332132
1060344769
1060507013
1060880679
1061066479
1062528026
1062589580
1062591356
1062634136
1062746902
1063072905
1063390311
1063671183
1063671779
1064666396
1064901344
1064969089
1065246668
1065482655
1065767927
106577205X
106585093X
1066413673
1066598959
1066871310
1066883122
1067065520
1067069070
1067453342
1067679642
1067694072
1067700838
1067959491
1067965106
1068043261
1068295023
106834041X
1068344431
1068405511
1068680954
1068786582
1068800046
1068845805
1068884452
1069346748
106934687X
1069398896
1069408050
106955541X
1069602698
1069850586
1070077593
1070229571
1070473421
1070479691
1070502952
1070633364
1070690074
1070693502
1070798207
107088619X
1070889008
1071081055
1071085867
1071086057
1071236199
1071242806
1071498630
1071750313
107175033X
1071847872
1072089025
107215563X
1072386151
1072492466
1072585677
1072789078
1073726738
1073837661
1073887375
107424673X
1074250613
1074418182
1074486420
1074676513
1074678729
1074779541
1074779835
1074833988
1074844661
1074956427
1075073294
1075076455
1075076471
1075079411
1075288762
1075612144
1076043577
1076096689
1076338674
1076344526
1076366376
1076371787
1076400574
1076400604
107684488X
1076884571
1076884946
1076886140
1076886477
1076888909
1076927432
1077009690
1078045569
1079181458
1080034757
1080151702
1080178104
108018757X
108026731X
1080271139
1080271414
1080310606
1080331638
1080333398
1080334564
1080335269
1080830871
1080912878
1081141743
1081144971
1081145684
1081146176
1081199814
1081200235
1081200324
1081253096
1081270829
1081271728
1081311053
1081314095
1081315873
108131690X
1081319461
1081548509
1081670371
1081771097
1082102210
1082219290
1082400866
1082432024
1082450308
108251165X
1082775878
1082782181
1082782866
1083004239
1083032674
1083033999
1083041045
1083041436
1083053612
1084343487
1084347342
1088806856
1088808824
1088815405
1088824307
1089105800
1089320639
1089411790
1089421648
1089446993
1089449372
1089471041
1089526474
1089590997
1089630859
1089668821
1089669186
1089671148
1089676530
1089703252
1089716990
1089721587
1089748167
108974997X
1089772971
1089774958
1089913192
1089913206
1089913214
1089913265
1089913273
1089917023
1089924623
1090922426
1090930828
1091605386
1093198486
1093623063
1094721611
1095145517
1095669893
1097215490
1099442893
1099442974
1101358890
1103049054
1103349430
1103582658
110370902X
1104544369
110613298X
1106133218
1106134036
1106134206
1107781558
1107781957
1108104916
1108106633
110982338X
1110041136
1111640491
1112556265
1112558306
1112558640
1112558748
1112630546
1114149314
1114150029
1114322199
1114672491
1114929867
1115729098
1116108410
1117140601
1118664361
1120528690
1121526357
1121716121
1122311869
1122841124
1122848978
1122853645
1122856598
1122856660
1123049645
1123102252
1123597049
1125655488
1127082191
112724194X
112725877X
112726544X
1129902781
1131657802
1131673476
1131739140
1131739604
1132546737
1132734606
113336876X
1136374027
1136676562
1136690174
113691398X
1137232625
1137274409
1137274557
1137357835
1138732710
1140038419
1140057839
114061911X
114061925X
1140660403
1140751727
1140753231
1140809091
1140814109
1140876228
1140876708
1140879693
1141092220
1141100541
1141103028
1141104717
1141194244
1141202123
1141208199
1141208601
1141210657
1141213524
1141214164
1142038335
1142151522
1142159930
1143852702
1144311888
1145046983
1145050670
1147102376
1147223033
1147690898
1150247436
1150726172
1151597848
1151727105
1152042343
1153444925
1153559234
1153615940
1153616378
1153617129
1153692457
1153692481
1154310507
115443561X
1154438686
1154536157
1154536181
115453619X
1154578879
1154580628
1154583848
1154659488
115473238X
1154771822
115493795X
1154959783
1154960439
1155051297
1155051823
1155052145
1155053036
1155053532
1155062345
1155073886
1155096193
1155096541
1155097041
1155099915
1155206290
1155261194
1155262158
115531106X
1155407016
1155442822
1155698452
1155698460
1155716442
1155911865
1155919084
1155919939
1155980581
1156129699
1156325110
1156326214
1156326427
1156326443
1156516773
1156516781
1156516803
1156516811
1156835208
1156835224
1156851092
1156851300
1157023967
1157623379
1157662056
1157685013
1157864015
1157899218
1158149964
115836184X
1158497474
1158808453
1158843801
1158910614
1159048312
1159057133
1159097976
115912342X
115912695X
1159138753
1159358869
1159648565
1160027862
1160189323
1160387605
1160440786
1160836817
1160962057
1161572872
1161615520
1161622721
1161967192
1162413085
1162413093
1162413123
1162609958
1162620307
116278587X
1162786566
1162787163
116278895X
1162788968
1162789689
1162789697
1162789700
1162789786
1162952504
116295289X
1162952903
1162953292
1162953489
1163068004
1163081973
1163277665
1163364851
1163365785
1163366463
1163625574
1163634026
1163923648
1163923656
1163926337
1163927511
1163927538
1163947660
1164264621
1164294857
1164337777
1164408666
116450116X
1164728172
116472861X
1165049597
1165463741
1165463903
1165464535
1165618990
1165677717
1165678551
116568165X
116568246X
116568263X
116577268X
1166172163
1166316335
1166465764
1166470741
1166491838
1166491846
1166506932
1166714721
116688015X
1167253876
1167411579
1167824962
1167826922
1167826949
1167883810
1167883950
1168110025
1168110033
116823655X
1168239664
1168239788
1168371678
1168374561
1168379911
1168571103
116857112X
1169166067
1169211399
1169302858
1169302955
1169486339
1169486347
1169486355
1169571875
1169571883
1169602088
1169825036
1169834213
116991070X
1169910963
1169911196
116991120X
1169911218
116991196X
116998956X
1169989632
1170026281
1170027261
117006082X
1170061273
1170061427
1170061435
1170113249
1170163955
1170163998
1170164269
1170170218
1170241387
1170355684
1170477305
1170477313
1170477321
1170541410
1170891640
1171067011
1171067399
1171227698
1171230818
1171230923
1171638523
1171763808
1171817673
1171817738
117181786X
1171817894
1171819331
1172139792
1172141207
1172161011
1172213127
1172242569
1172350787
1172731640
1172731764
1172731934
1172738041
117273853X
1172742103
1172742138
1173008608
1173169237
1174887354
117544653X
1176586459
1177244225
1179282450
1180483030
1180954556
1180955021
1180956621
1180959434
1181163420
1181188660
1181324424
1181356938
1181689856
1181808545
1182800599
1184398771
1184521395
1184521905
1185227539
1185381953
1185520813
1185521887
1185522085
1185524150
1185528598
1185528881
1185856382
1185943412
1186152486
1186234415
1187661341
118898778X
1190001217
1190421054
1190924757
1192911393
1192911660
1192911938
1192912039
119291208X
1193085829
1193087368
1193352622
1193352657
1193352738
1193352819
1193352827
119335286X
1193352886
1193352924
1193391318
1193391326
1193391334
1193391342
1193391350
1193391490
1193392020
1193392039
1193392047
1193392055
1193392063
1193392071
119339208X
1193394422
1193394430
1193394449
1193694817
1193697913
1193725976
1193726190
1193819571
1193908175
1193908280
1194229522
1194232973
1194340261
1194341136
119474186X
1194997120
1195038143
119504092X
1195213344
1195216459
1195216483
1195357311
1195425686
1195426410
1195426984
1195429533
1195429924
1195430892
1195434200
1195435185
1195435495
1195436157
1195523319
1195525699
1195593082
1195744285
1195769113
1195769199
1195769334
1195770367
1195858876
119590200X
1195902662
1195902735
1196015317
1196096708
1196205779
119628055X
1196280746
1196287309
1196355231
1196928185
1196928266
1196928347
1196928398
1196928479
119696968X
1196973253
1196973717
1196973865
119697392X
1196973989
1197056688
1197060200
1197162550
119800052X
119800066X
1198000880
119800097X
1198001275
1198001321
1198291389
1198930403
1199016268
1199016446
1199099198
1199099244
1199099554
1199099570
1199099724
1199099767
1199099813
1199099848
1199099945
119909997X
1199100986
1199101001
1199105228
1199238937
1199238953
1199238961
119923897X
1199238988
1199238996
1199239003
1199239097
1199239151
1199239232
1199239313
1199239445
1199239909
1199240052
1199240621
119924063X
1199240648
1199263400
1199263427
1199263443
1199263451
119926346X
1199263486
1199263494
1199263516
1199263524
1199263540
1199263559
1199263583
1199263605
1199263613
1199263621
1199263648
1199263656
1199263680
1199263699
1199263702
1199264148
1199264490
1199264563
1199264741
119926489X
1199264903
119926492X
1199264938
1199264946
1199264954
1199264962
1199264970
1199264989
1199265071
119926508X
1199265608
1199266647
1199266701
1199402672
1199468576
1199524476
1199559709
1199587915
1199589152
1199606197
1199606227
1199606480
1199606693
1199606804
1199606901
1199606979
1199607347
1199607789
1199607878
1199607894
1199608122
1199608777
1199608912
1199609366
1199609951
1199610003
1199610879
1199611018
1199611212
1199646156
1199931896
119995893X
1199966797
1199967084
119996722X
119996767X
1199967793
1199968048
1199968129
1199968234
1199968757
1199969656
1199970131
1199972290
1199972576
1199972878
1199973173
1199973556
1199978965
1199979287
1199979899
1199979988
1199980889
1199981370
1199988871
119998924X
119998969X
1200018958
1200031954
1200031989
1200032128
1200032446
1200032721
1200034252
120020882X
1200208870
1200286138
1200286278
1200669800
1200839315
1200839439
1200840089
1200840127
120084016X
1200845579
1200940210
1200940628
1201044286
1201341299
1201341388
1201341450
1201542251
1201592216
120197500X
1201975050
1201975271
120197528X
1201975298
120197531X
1201975328
1201975336
1201975395
120199022X
1201991269
1201992192
1201992206
1202000045
1202000134
1202000223
1202000304
1202000401
1202000592
1202000673
1202000932
1202001009
1202070639
1202229824
120223951X
120224145X
1202241581
1202241972
1202293212
1202296645
1202296718
1202296785
1202296874
1202297145
1202297218
1202297358
120229779X
120229801X
120260918X
120260921X
120261020X
120380489X
1203842724
1204020965
1205210598
1205234888
1205236325
1206591498
120684647X
1207198978
1207243477
1207258865
120725892X
1207258962
1207259012
1207297798
1207718653
1207718866
1207985996
1207986054
1207986119
1207986313
1207986607
1207986720
1207986747
120798678X
1207986887
1207986984
1207987301
1207987603
1207988022
1207988154
1207988189
1207988405
1207988537
1207989118
1207989371
1207989738
1207989924
1207990639
1207991457
1207991953
120799216X
1207992402
1207992569
1207992798
1207992984
1207993212
1207996726
1207997331
1207997684
1207998192
1207998451
1207998877
120799975X
1207999865
120803507X
1208035312
120804107X
1209012391
1209012405
1209246937
1209472341
120951575X
1209802910
1209846721
120984902X
1209851261
1209851288
1209926954
1210032708
1210033089
1210852225
1210852632
1210852888
1210853744
1210853884
1210854139
1210854430
1210855593
1210855879
1210856301
1210856832
1210857006
1210946394
121111998X
1211295877
1211296679
121129997X
121131796X
121134357X
1211553124
121162918X
1211670651
1211787354
1211931250
1211931269
1212109570
121210966X
1212109791
121234927X
1212353587
1212353773
1212353935
1212483839
121252280X
1212659651
1213425018
1214178588
1214246508
1214277195
1214798241
1214799361
1214983820
1215005660
1215006020
1215093470
1215094701
1215100647
1215180624
1215180683
1215180748
121555544X
1215555822
1215556276
121555656X
1215556721
1215557019
1215557795
1215558147
1215558317
1215558813
1215558945
1215559410
1215560583
1215561393
1215561520
1215561806
121556211X
1215562454
1215562721
1215569408
1215942915
1216032262
1216032874
1216157529
1216173273
1216173281
1216590451
1216591660
1216591725
1216593639
1216621586
1216621608
1216622973
1216624305
121662514X
1216625166
1216625174
1216625182
1216625190
1216691622
1216692858
1216693196
1216693544
1216693765
1216694257
1216694486
121669480X
1216695253
1216695458
1216695563
1216695709
1216697647
1216697760
121669799X
1216698090
1216698163
1216698880
1216799806
1216800405
121680043X
1216800464
1216800707
1216800790
1216800944
1216801126
1216801851
1216803218
1216803226
1216803234
1216803242
1216803277
1216803285
1216803315
1216803323
1216803374
1216825815
1216826358
1216848130
1216871957
1216876150
1216876657
1216877645
1217250166
1217250182
121735963X
1218005548
1218005602
1218005920
1218006862
1218007540
121800858X
1218008660
121800875X
1218008911
1218009047
1218009128
1218009209
1218009306
1218009381
1218009462
1218009519
1218009594
121800990X
1218223995
1218224800
1218225130
1218225203
1218225769
1218225815
1218225831
1218225858
1218225874
1218225939
1218225955
1218225971
121822598X
1218226005
1218226021
1218226064
1218226072
1218226110
1218226137
1218226161
121822617X
1218226196
1218226218
1218226269
1218226293
1218226315
1218226358
1218226404
1218226420
1218226447
1218226676
1218226730
1218226838
1218226870
1218226935
1218227052
1218227311
121822732X
1218227907
1218228024
1218228083
1218228156
1218228318
1218228571
1218228695
1218228806
121822892X
1218228989
1218229071
1218229101
1218229144
1218229233
1218229284
1218229314
1218229403
1218229454
1218229527
1218229551
1218229616
1218229632
1218229691
1218229756
1218229802
1218229837
1218229977
1218230053
1218230126
1218230193
1218230339
121823038X
1218230541
1218230622
1218268158
1218596856
1219519243
1219567302
1219903876
1220203351
1220572950
1220572985
1220572993
1220573000
1220573019
1220573027
1220573035
1220573051
1220573590
1220573884
1220573892
1220607428
1220987972
122098809X
1220988197
1220988200
1220988227
1220988235
1220988243
1220988251
122098826X
1220988278
1220988286
1220988294
1220988308
1220988316
1220988324
1220988332
1220988340
1220988359
1220988367
1220988375
1220988383
1220988391
1220988405
122098843X
1220988448
1220988456
1220988472
1220988480
1220988499
1220988502
1220988537
1220988545
1220988561
1221957236
1222267772
1222393565
1222393581
1222393654
1222393670
1222393700
1222393883
1222677741
1222682745
1223727963
1224167600
1225180961
1225236762
1225236975
1225483026
1225554659
1225555027
1225556147
1225556155
1225556902
1226012833
1226089917
1226089925
1226089933
1226089941
122608995X
1226089976
1226089984
1226090001
1226090060
122609046X
1226090575
1228629641
1228629714
1228630011
1228630119
1229282491
122961513X
1229615954
1229617000
1229694692
1229695346
1229695435
1229695486
1229695516
1229695567
1229695664
1229695702
1229695710
1229695737
1229695745
1229695796
1229695826
1229695834
1229695915
1229695974
1229837671
122983768X
1229837698
1229838309
1229838325
1229838333
1229838341
1229838368
1229838392
1229838414
1229838422
1229838449
1229838457
1229838481
1229838503
122983852X
1229838538
1229838546
1229838619
1229838635
1229838643
1229838678
1229838694
1229838708
1229838716
1229838724
1229838732
1229838740
122998786X
1229987878
1229987886
1229987894
1229987908
1229987924
1229987959
1229987983
1229988009
1229988017
1229988033
1229988076
1229988092
1229988149
1229988157
1229988181
1229988238
1229988254
1229988262
1229988270
1229988297
1229988300
1229988327
1229988386
1229988408
1229988416
1229988424
1229988432
1229988440
1229988459
1229988475
1229988483
1229988491
1229988505
1229988513
1229988815
1229988823
1229988866
1229988882
1229988939
1229988955
1229988963
1229988971
1229989005
122998903X
1229989048
1229989595
1229989625
1229989641
1229990933
1229991395
1229991913
1229991921
122999193X
1229992111
1229993126
1229993304
122999341X
1229993525
1229993673
1229993681
1229993878
1229993886
1229993894
1229993908
1230832122
1232217166
1233203762
1233203797
1233293133
1233300520
123373766X
1233875906
1233901982
1234070820
1234095106
1236636465
1238187803
1238865313
1239892969
1239892985
1239892993
1239893019
1239893027
1239893035
1239893116
1239893221
1239957033
1239965796
1239969937
1239979584
1239979657
1239981368
1239981376
1239981384
1239981392
1239981406
1239981414
1239981422
1239981430
1239981449
1239981457
1239981465
1239981473
1239981481
123998149X
1239981503
1239981511
123998152X
1239981538
1239981546
1239981554
1239981562
1239981570
1239981589
1239981597
1239981600
1239981619
1239981627
1239981635
1239981643
1239981651
123998166X
1239981678
1239981686
1239981694
1239981708
1239981716
1239981724
1239981732
1239981740
1239981767
1239981775
1239981783
1239981791
1239981805
1239981813
1239981821
123998183X
1239981848
1239981856
1239981864
1239982372
123998264X
1239982763
1239982844
1239982879
1239982887
1239983115
123998314X
1239983158
1239983646
123998474X
1239985134
1239985487
1239987013
1239987420
1239992114
1239997507
1240000006
1240000065
1243039337
1243957301
1243973781
1244000620
1244001716
1244002534
1244005231
1244178020
1244390321
1250359724
1252506112
1252506406
1252506511
1252591381
125259139X
1252592647
1252592760
1252592817
1252592841
1252592884
1252592949
1252592973
1252593007
1252599730
1252600143
1252600194
1252600313
1252600674
1252600739
1252600917
1252600976
1252601018
1252621825
1252866011
1252866127
1252866186
1252866429
1252866801
1252867123
1252889054
1252889186
1252994516
125299477X
1252994788
1252994796
125299480X
1252994818
1252994826
1253005907
1253005915
1253005923
1253005931
125300594X
1253757402
1255550023
1255551208
1255551216
1255551224
1255551232
1255551240
1255551259
1255551267
1255551275
1255551283
1255551291
1255645555
1255889055
125588911X
125588939X
1255889535
1255890096
1255890290
125589251X
1255991259
1255991356
1255991518
1255991526
1255991550
1255991585
1255992182
1255992557
1255992565
1255992670
1256023108
1256922684
1256969893
1256969931
1256990159
1256990167
1256990175
1256990183
1256990191
125805793X
1258057948
1258057956
1258057964
1258057972
1258057980
1258057999
1258058006
1258058014
1258058022
1258058030
1258058049
1258058057
1258058065
1258058111
1258058162
1258059037
1258059045
1258125218
1258639750
1258665700
1258665735
1258665751
1258666405
1258666413
1258666421
125866643X
1258666448
1258666456
1258666464
1258666472
1258666480
1258666499
1258728656
1259039323
1259255859
1259888789
1259888827
1259888878
1259888940
1259888975
1259889076
1259889114
1259889165
1259889270
1259889319
1259889378
1259889424
1259889475
1259889564
1259889610
1259889637
1259889645
1259889653
1259889661
125988967X
125988970X
1259889718
1259889750
1259889769
1259889785
1259889793
1259889807
1259889815
1259889823
1259889831
125988984X
1259889874
1259889904
1259889912
1259889947
1259889971
1259890007
1259890015
1259890023
1259890031
125989004X
1259890074
1259890104
1259890112
1259890120
1260622053
1260749886
1260750140
1262000246
1262000297
1262000378
1262000416
1262000440
1262000491
126200053X
1262000610
1262000645
1262000718
1262000769
126200084X
1262006023
1262006120
1262006201
1262068819
1262068827
1262068835
1262068843
1262068851
126206886X
1262068878
1262068886
1262068894
1262261333
1262319137
1262320453
1262321476
1262323258
126270085X
1262723663
126275058X
1262950015
1263206638
1263206646
1263206654
1263206662
1265325936
1265325952
1265665389
1265890838
1265890846
1265890854
1265890862
1265890870
1265890889
1265890897
1265890900
1265890919
1265890927
1265890935
1265890943
1265890951
126589096X
1265890978
1265890986
1265890994
1265968918
1265968926
1265968934
1265968942
1265968950
1265968969
1265968977
1265968985
1265968993
1265969019
1265969027
1265969035
1265969043
1265969051
126596906X
1265969078
1265969086
1265969094
1265988382
1265995893
1268002127
1268002313
1268002372
1268002429
126800247X
1268002577
1268002739
1268002798
1268002844
126801527X
1268815500
1268980137
1268980242
1268980293
1268993832
1268998230
1268998532
1268998621
1268999970
1269000314
1269000454
1269000543
126900106X
1269553623
1269815350
126981589X
126981611X
1269816284
1269891650
