#FORMAT: Beacon
#DESCRIPTION: Professorinnen- und Professorenkatalog der Otto-Friedrich-Universität Bamberg
#HOMEPAGE: http://professorenkatalog.uni-bamberg.de
#CONTACT: professorenkatalog@uni-bamberg.de
#CREATOR: Professorinnen- und Professorenkatalog der Otto-Friedrich-Universität Bamberg
#UPDATE: MONTHLY
#MESSAGE: Professorinnen- und Professorenkatalog der Otto-Friedrich-Universität Bamberg
#PREFIX: http://d-nb.info/gnd/{ID}
#TARGET: https://professorenkatalog.uni-bamberg.de/gnd/{ID}
#FEED: https://professorenkatalog.uni-bamberg.de/beacon
#TIMESTAMP: 2021-10-22T14:25+0200
116293527
124793509
141036753
106832212
119294400
101109857
116544449
129880434
117163724
118602004
100341713
11624061X
116558008
128886102
128365080
12476634X
124930158
1052490085
135593859
117712116
116762586
11869037X
120007312
1082385409
139479066
132813866
116810653
12447585X
118683225
116684046
1145462235
12113668X
117755001
131813412
118949969
173344399
118710419
143082361
118726382
128724870
1022643665
129865257
136323316
119303175
11628045X
12279544X
139807721
118584405
105494348
118680048
172709636
100923100
143075403
123080231
102984433
137635044
128770139
132829231
122833996
117304506
128474599
124471919
116822589
1022871315
11851847X
141615575
11861679X
118515020
121067262
125275838
118779478
1055366881
1075502667
132775182
1015593208
128886293
132815435
117651486
1048167976
12894837X
129786918
132003120
128973188
116552727
1053504551
132975009
143102923
129689769
10017003X
117717150
1031949828
104256869
123187141
119526247
127761837
116659009
129901245
123283442
104061103
12295758X
122486455
1025705688
11703620X
12926492X
100882927
105674877
117725994
139517391
1026351413
118754742
132164124
129282537
118535390
117070696
102867844
1025830644
1053430450
12111807X
116608382
104289376
129759791
117071447
124556930
104133260
116540729
116097426
128862815
116977647
128753005
124613284
130252239
100222196
137893116
128865261
117501905
1097276643
127521852
121294471
140796789
118909444
116165332
1095696068
121877159
100586546
132901978
118688413
1052834310
174136307
124577253
129578177
118618997
124863752
120695545
118662732
1012278778
174064144
140085319
123342023
142752053
118609572
118636774
124733344
1070111880
1030504199
100154557
116845511
130854638
129381888
123620376
104633506
102907552
1124913130
100319696
129381179
132826941
100673430
117463302
124727530
122719735
100359582
128725419
141541849
117608076
104225335
1055488987
122796926
118770853
116799951
102917035
174137338
129270253
116347546
1049726707
128949139
10012514X
1060143437
143970852
10582870X
100237983
103149309
118909584
131605232
136600220
138534519
104155264
120864193
132311461
102829462
122834011
100150853
117178349
116704128
121476405
119473755
143427164
117182826
131995898
122890442
1049680383
1020252359
104074191
129611050
102924961
101052626
104197722
129871761
104126221
104304111
100424147
1147411069
13788527X
118772643
136009638
100284671
116067888
100180124
119489635
128714255
100229506
116877960
119547546
122616162
118609491
101532954
1145565182
10630139X
124461514
119139928
132604345
124929826
122223039
128312823
14022422X
117074837
122792270
116675462
116533218
109743180
1023914298
11858135X
174148895
115394788
124734707
122793927
119046342
12888617X
12148338X
136634885
116688386
122167317
1075650119
121182630
1096500647
133885445
123622409
1053395248
130488046
1055342974
117367826
116966513
1060812169
124087469
120065851
116681039
105355852
118711849
11735435X
117465011
116417781
118733370
118690124
118541137
118624466
118752081
11853906X
1226721095
1226806864
119393034
118945017
118608495
118538713
11858698X
1186640855
124498876
1237791375
1238057055
1237741505
1238057403
1237792177
1238058639
1238122973
123808785X
1138570230
1202682537
1238105920
1238083730
1238059988
1238196942
1238672787
1238670245
1238199224
1239160372
129759805
1239150164
1157768822
172028140
1193259118
143090429
116258977
1229527230
1230840931
1237291267
1147151032
1236609263
1230835547
1237318556
1238124518
1238185975
1238124224
1238184553
1238195679
1171676220
1238124968
1238125778
1239064586
125002866
1238674364
123914573X
1239066201
1137035455
1127885928
129497029
1130813797
118179861
141125780
133162915
113615020X
1025562666
1102172901
118619705
132813335
1239137265
124668445
117230033X
1015755984
119063409
104218185
1137028092
129787043
122833902
1075504414
1238120318
1034522981
117060607
174131585
118778609
130425060
117218707
117545678
1055404481
11891295X
118567667
118524399
118603094
118715402
107667339
116086610
1116086360
1024226336
1035165775
128587326
118573284
11665726X
1237286522
1237729912
116953292
1027884288
118868837
122700368
116209992
