#FORMAT: BEACON
#VERSION: 0.1
#TARGET: http://beacon.findbuch.de/pnd-resolver/regacad/{ID}
#TIMESTAMP: 2021-06-23T20:29:56Z
#CONTACT: Thomas Berger < ThB [at] Gymel [dot] Com >
#FEED: https://beacon.findbuch.de/downloads/regacad/regacad-pndbeacon.txt
#EXAMPLES: 116170654
#INSTITUTION: Berlin-Brandenburgische Akademie der Wissenschaften < http://www.bbaw.de/ >
#MESSAGE: Plenarprotokolle der Preussischen Akademie 1746-1786
#NAME: Registres Académie Royale de Prusse 1746 à 1786
#REMARK: Extern erstellte PND-BEACON-Datei unter Nutzung eines eigenen Resolvers, Kontakt < ThB [at] Gymel [dot] Com >
#UPDATE: On demand
#PREFIX: http://d-nb.info/gnd/
#DESCRIPTION: Protokolle ("Registres") der wöchentlichen Plenarsitzungen der Académie Royale des Sciences et Belles-Lettres de Prusse aus den Jahren 1746 bis 1786 < http://akademieregistres.bbaw.de/ >
#X-REVISION: 124 [2017-03-05T00:03:37Z]
#X-EXTENT: 497 unique identifiers of type SeeAlso::Identifier::PND
100002188
100003141
100006132
100041248
10006664X
100074758
100102042
100119360
100121934
10012822X
100135870
100140912
100143172
100162703
100176763
100185258
100189180
100230024
100239293
100244653
100245684
100250173
100255841
100268714
100273327
100289665
100290027
100290701
100291716
100294065
100305741
100311172
100321178
100378005
100397905
100407641
100536158
100625517
100648940
100658776
100661165
100696198
100704492
100707092
100739458
100741258
100815081
100829317
100834620
100840140
100847056
100848354
10084930X
10086080X
100975127
10098729X
100993427
101005008
101028407
10103024X
10103802X
1011745755
1011855615
10123998X
101300239
101580665
102017077
102445621
102462488
10246278X
102480311
102496323
102530726
102534136
102596042
102620776
102623473
102642761
102751633
102833117
102833141
102840938
102916268
103081445
103116680
103123296
103130497
103753877
104114150
104125187
104155752
10419006X
104196335
104196645
104197730
104209380
104222824
104224533
104234059
104243244
104264918
104265264
10428496X
104286415
104286466
104291923
104303611
104319216
104336714
104342803
104352388
104366273
108061108
115360166
115445471
115528083
115594639
115596372
115612750
115870326
116029250
116052546
116076356
116080906
11608992X
116128224
116170654
116197870
116215372
116221534
116247592
116248130
116255013
116286148
116345497
116356642
116364890
116371633
116405791
116419709
116465778
11646626X
116478799
116543698
116566000
116572302
116610832
116616083
116618051
116657812
116692782
11670912X
116725966
11674183X
116754974
116764767
116819944
116836458
116863498
116878622
116892021
116948078
116954752
116970308
116974818
116988665
11699908X
117005290
117006246
117028339
117028487
117050164
117052124
117134503
117196959
117260266
117281867
117282405
117315060
117371130
117377791
117401722
117414115
117497878
117498068
117515981
117516449
11751960X
117523216
117528854
117534145
11753658X
117540137
117540943
117544906
117547786
117550698
117557218
117559741
117561665
117584401
117589136
117589535
117592293
117592307
117598992
117599638
117604933
117606898
117612022
117612065
11761310X
117621757
117623172
117623687
117628921
117631779
117632511
117636150
117636169
117636703
117643351
117648388
117656100
117659886
117666386
117673196
117674613
117684457
117687154
117693405
117695270
11769620X
117696641
117701157
117761419
117762938
117767972
118096583
11816919X
118201913
11850178X
118505106
11850522X
118509969
118513303
11851346X
118513923
118517252
11852092X
118521756
118521772
118525263
118531379
118532340
118532561
118534432
118535749
118537636
118538322
118543725
118543733
118545140
118547623
118549553
118553321
118560565
118563734
118568698
118568876
118570293
118571249
118571613
118572121
118573349
118579576
118580051
118580744
118583670
118587544
118587668
118598708
118610260
11861276X
118620878
118627813
118632949
118634771
118636979
118639056
118643622
118646265
118648659
11865005X
118653377
118653938
118656503
118656880
118658603
118663208
118667521
118672576
118673149
118674994
11868468X
118686690
118687239
118692313
118696734
118706403
118710257
118714570
118717758
11872424X
118726102
118731998
118733133
118740997
118746359
118749420
118751719
118751999
118764470
118778390
118781413
118783726
118785516
118787888
118798022
118798189
118798618
11879941X
118800310
118802712
118806335
118808354
118814834
118826565
118834371
118854577
118907417
118969420
118979221
118997327
119003554
119007754
119023784
11903705X
119044137
119052873
119052881
119059614
119062518
119076675
119086395
119095777
11910007X
119100673
119112450
119124378
11913988X
119166895
119174596
119188309
119252309
119258862
119291827
119312506
119331136
119332388
119353210
119366444
119458063
119475979
119477912
119485338
119501317
119514303
119538407
120256339
120611511
120640759
12068859X
120719649
121128911
121334813
121471640
121559505
121644111
121771520
121885909
121998630
122024265
122132882
12215049X
12223636X
122242904
122269500
122269950
122651685
122767306
12282704X
123069718
123072182
123086485
123176042
123195403
123319692
123546451
123791324
123833795
123855055
123869498
124107826
124127088
124150462
124366791
12451510X
124565395
124750036
124785700
124787223
128487453
128798491
129053791
129201014
129353949
129390690
129767441
12992766X
13015539X
130184381
130247510
130297550
130412066
130449903
130543268
130583901
130614386
130626945
131404849
131757253
13208984X
132242613
132748827
13310429X
133219798
133797058
133942112
134161890
135583578
135728819
13585413X
135862809
135931045
136084206
136091709
136096603
136231020
136406564
137320981
137367279
13763868X
13772943X
13833403X
138366586
138469199
13877787X
13909525X
139209034
139653163
139659811
139777628
139925767
14017494X
140640746
140645292
141046260
141522585
141640855
142116041
142405647
142426628
142431699
142743216
142897795
142993220
143687417
143877208
143976079
143984845
153713089
154519391
154710709
155733346
157620123
158348834
