#CONTACT: M.Schmidt@isgv.de / Michael Schmidt
#FEED: http://saebi.isgv.de/gnd.txt
#FORMAT: BEACON
#INSTITUTION: Sächsische Biografie
#TARGET: http://saebi.isgv.de/gnd/{ID}
#TIMESTAMP: 1547814009
#VERSION: 0.1
116239727
122503651
116241543
121616614
118500651
100076386
13969370X
139610898
139611045
102509654
116279354
118647717
108138054
1021368326
116299290
10149680X
137203276
102119880
11899669X
117621250
104194715
1014092264
102781982
117621757
120362643
102422907
116088796
116095628
118889338
118746324
137317794
102532907
104137789
136011896
1059726890
137602588
116871881
118823248
142557560
121696782
118645293
11850388X
116349891
118905813
135803640
116353325
119458446
1027567061
104080582
118506102
116047860
116048905
122526465
119612968
132235080
116119578
116119594
116101237
119127733
115833706
116105054
11809503X
123213177
116112077
1036334244
118509055
142617164
118509144
100838545
136119344
135659914
118658379
118509845
124362729
11851024X
118662619
118510444
124697828
135544580
11775093X
136119905
132040522
119139847
116202688
1124713220
133562581
119623722
116207701
139623000
116215038
135551404
135551455
135551439
116220945
104080485
134059921
116237201
124621554
133528758
11622651X
116400773
116416718
116415584
121636011
116493364
118515276
129726389
126333203
118674579
139422110
116812605
118516884
119307731
136669832
139626344
118664387
1117162761
100061753
117160997
139679405
132480255
1015095593
102445052
117642207
142496316
141219408
117152838
139713255
135707439
135707838
116456272
100039596
128556641
116456248
139627847
118667246
139696253
119146746
116468076
104174552
118676075
100084168
118521330
140911022
122899687
135725127
118522590
118522582
118677292
117664472
117664480
122783093
116750316
102430640
116766379
1015406343
118670867
116028254
136191304
118524097
120533405
137318138
135735289
139727957
139793720
122834488
118525042
139697519
135737273
100109187
116172924
126315574
11948689X
121888851
116218363
116218576
116223995
140165045
118681249
117657522
133494500
118687492
118687581
119493357
139697640
119131285
118688146
135901480
116425415
13669523X
137313179
118684566
135907799
116489227
119442051
11655651X
133288617
132125986
116612339
119821583
100346340
118532154
121730263
11583852X
118533649
101638450
119415410
118533959
116616091
116661941
116642955
139650466
100836704
100343414
104126353
105638684
101231067
133221148
10257264X
100792081
119138271
1033293385
116786477
116806702
14260206X
13600976X
118693611
118703226
102030081
122598792
104298111
11682543X
119403153
132483947
100129366
116851694
10013131X
1033293512
100137040
118537792
116499737
102533784
119059800
117535796
117737542
136429165
120296233
117543462
118690906
13697256X
117543667
129884529
118717170
136449786
116623284
12641081X
100245846
118540114
126426880
117548324
100152147
10419605X
122675657
104076534
100872328
118698044
123929288
1066885079
116912030
123223334
117576182
118915037
129003972
13681798X
116413026
116441577
116461039
116462302
117498718
137126433
116502347
117501654
116514353
116515562
132094312
139657754
117504408
128863544
116540508
11888381X
138743606
116650745
129252433
118940430
135950163
118548220
115821872
118548670
116690593
115576908
161106749
10092185X
137566778
11855073X
118551124
119521431
118552031
137594038
118706160
139930310
118553577
132894297
137637349
123174538
119144573
117049484
118961640
133612597
117032530
142594350
102464294
122521102
118712926
119498162
139771743
13812440X
132659654
117290084
13988565X
118847104
119874571
117374997
128828234
118719165
118713507
118731696
119239353
116138262
118822489
117198676
129192589
118714376
133215024
133513793
118714511
130009504
11750727X
118561073
118562398
117523038
10030396X
120360578
116261587
118777599
116274662
138775516
139727655
118777955
142594288
129307467
120428903
11884704X
136552331
119346311
118725343
117553875
116702729
123035759
13974245X
128708441
116850035
116867159
1031801936
124708617
118572180
116991534
118572768
120979322
118780042
117044547
118573489
118728903
117215163
118574469
118728830
10254591X
12290477X
118928651
102507260
118574973
115885196
11668982X
116689781
118577352
12276434X
118781871
13716324X
104268565
116854731
119317761
116990716
13324802X
1055350314
124751466
118783181
121772632
138386706
119147114
11708042X
121676595
116935391
118584375
139762523
103076700
118585983
118735454
118738178
10286649X
117585637
130017426
119051559
117058955
117597872
104200464
104353198
1116369338
11884332X
117605360
11859057X
117607479
118590901
118739093
116048786
118592335
116073659
102515131
123594804
122760441
135671701
104103221
118594826
11624870X
118803336
104208082
116276932
118743147
138404372
116335238
118809334
115395156
116423269
116427620
100317278
116448830
131557017
137727674
118745085
100844332
11549801X
12459364X
116602813
138485194
129307327
121137481
118749927
118791273
116639253
119167360
116702133
130041890
116712104
123988926
116743786
12921535X
139852182
11860614X
117101001
117270342
117274224
130543268
118607820
128511222
118759795
133624854
138182701
12021623X
120979551
13985259X
139704310
130364428
104085290
139611746
116864710
116888571
10416106X
139857435
118762036
118762575
104378506
100401503
133625435
121349667
138391262
137762100
118612999
118613073
117469661
118847007
117478091
117467626
118613480
104212543
139988262
118798170
118751735
137763670
115639950
1060859394
139871160
117350176
133278107
118853279
117201340
117247243
138601003
12301011X
118757083
138629153
115648429
130117250
117401455
117393096
121211789
11889448X
136876471
133626334
117360007
117368601
13213523X
117447765
139331026
11746337X
118770322
139940154
123957303
118824686
12347258X
139095780
12087170X
118629972
107680475
118023837
118630563
124168876
120632942
139103929
117331244
124543251
1020903228
118807374
118632965
117394777
139910824
118633600
139910921
117399620
139910964
133656772
172698189
124638570
118636316
118772627
117004669
117005657
117602558
118637541
118500554
124883575
105205036
139976426
131719084
124950477
123629314
118699474
13033362X
121302601
116970391
139150129
104173815
115842047
120064995
104216409
130071641
121465675
104177209
137008120
141120258
142699063
124426832
118562479
134430611
10613552X
139727507
119085399
118570269
118571052
118738291
118967568
1012130827
105842389
101372965
118578006
126584060
126419825
107560836
118599720
128661097
142717843
133623610
116839589
11690674X
103082034
129868140
130320382
130304344
130050296
11861889X
117608769
1014765986
118607030
130406538
130353930
126754136
130070459
11765468X
139988149
128654236
102008973
117322334
118611585
116809426
101406304
117122173
117528870
117078190
139708103
127769455
117330442
103108130
131106856
126558302
108337731
1072570017
142613894
119186187
170081125
142497835
133595439
13360814X
133622894
133580806
133591980
13359498X
133712761
13360974X
133813118
116251859
136780296
119551853
12192422X
107387174
118704303
11856420X
116293888
139857540
117463213
118921754
137572263
124441955
137583125
121349098
142686239
116582049
122513762
11877798X
143099108
118852825
107394367
117467588
118715712
116514477
101421311
122904850
10257331X
142553581
106343807
126914516
1124713336
104139765
116112506
126991391
136727719
128794437
123420520
118601121
118632566
119113880
116642769
124269478
132724456
115696687
126837937
136376576
116112514
118960881
126392447
139857508
115861319
118741217
118576496
139976493
118690515
116398280
139885536
139708189
139708596
116510951
139762574
118503030
139724451
137717725
137633327
11966058X
118506722
118529250
139984127
124443508
117655988
118938304
11906085X
1015896413
127070427
172323940
118772449
119103567
116224878
124954065
116043776
118506714
118777661
136822339
136774911
116061707
135656648
1048374068
118729039
121948943
118585614
118615068
119208318
116670223
118556304
123634245
13156157X
129374288
13362370X
139704213
139632948
133464202
13988582X
133635880
133634558
133566544
133590275
135551366
133205762
1036144291
118599534
116106379
116238550
136101682
136284221
139852662
13366192X
136128793
116979704
121970493
104057491
17404495X
137422644
117590088
137562896
139713107
118713477
130073326
13325397X
139870032
133160513
116173521
133595870
116197803
10142082X
142298352
126127700
133622037
133224074
139953760
133621286
129455997
104361654
116512733
116848987
117108499
119104512
139857702
117657905
118810421
119100711
117635480
133636135
119162342
118572393
122572335
115357106
116882107
1032215976
118764489
139622845
117570184
11581261X
11740960X
116312343
116959622
119501503
139779884
101909896
117290203
11643189X
131874713
117180335
137770790
116880430
104106042
123943345
118759353
11624481X
104352787
117091014
123348404
134188357
142497657
130249378
140454330
105787787
120769069
127455183
126882436
117302120
128564555
139885676
121004740
117394068
142615617
11645301X
101422288
117383031
117414778
11734754X
133611558
14262067X
118806513
137771657
133623513
137996543
11916759X
119507064
139727558
122507592
139771689
119384280
123987156
1116365553
116139374
143877550
118584340
116253177
118574094
119001438
119079550
137319703
12382334X
116814047
142773956
116055294
113115660
122262263
10640718X
133969940
101545789
118607502
10122575X
126869359
117358142
101421427
112415016
107320371
139976531
139943854
13974696X
139988246
117364339
116055251
11854537X
1020907614
131559133
117112275
117582115
126680388
117390054
11772629X
116595698
140390936
117347159
139624449
116885289
118905708
117104639
116263008
11868065X
124853706
13969515X
139698000
116612312
119107252
118680285
139647147
116938048
103125434
118759892
137296231
139694331
139696563
116498498
131856871
11678881X
124705030
1013011937
136033636
117690163
14261615X
124999913
100855636
13965643X
14249691X
122664310
12455959X
139657568
13965383X
13962340X
139713190
141997362
121125920
120317915
139666575
131901613
118700057
119314967
139937137
130524794
124117481
116510706
128019875
142554456
1125125691
124382088
117198366
121182525
118709542
117079197
116337710
118586777
117103640
139694811
134816870
133021165
131922033
13990090X
139652000
130114812
116726407
11630734X
118503731
140391150
118723227
108173585
1023242044
139649093
12256992X
124194141
117590800
117062197
125790244
116523689
124888151
121365697
123994411
13596508X
142719129
129201456
142601764
142593516
142594067
124534767
142602485
142593591
127001484
142477567
122969596
133415864
128442980
116885165
137423152
142611263
130372056
142602337
123590337
135674913
142590673
142594172
139364900
142602213
122834623
139747036
118662961
139776451
142615234
142553921
142554650
140453881
116635886
117088625
118559192
104077891
139653228
124763154
122900871
10612594X
13985763X
139954546
139649271
123819652
116062029
126623627
100845940
115799877
139690158
139876405
139653341
139885609
142590754
142558842
118972944
118782207
120517973
1014985846
11883181X
120289016
136114776
139704272
139666494
13970440X
139852689
139911588
139671137
139665943
139664955
139679782
139680489
139911014
139679456
139680772
13966856X
116864524
122606388
132040409
136028721
139731210
104177195
1041971036
139666613
139885870
139885943
139666621
139657924
139989315
130368245
104344490
102537666
130803332
139666710
139885994
120646080
102536287
124604005
12156617X
139666680
139665498
139762779
139743936
139611215
117727423
139665625
139762744
11686463X
139666915
116864583
104256508
118200720
102537798
139667180
139670459
121121046
104285192
139666974
139628258
139669353
102463654
1011432544
116864338
139667032
139698388
122591216
101421583
121462188
139901531
139771646
12743366X
139612939
139958630
1102380954
127000135
104247894
116741112
139794344
118711636
122017234
124203574
118739700
119052679
101711034
140257675
1015327656
133133931
137495986
119434296
121807703
102334159X
123981735
1029958181
112114059
1051724066
139667253
121593665
117554847
138341370
122073177
119002566
117281387
126787727
117476811
118772937
139937242
102776199
139900977
139779930
122097483
139940057
139870296
117242578
117085669
127694722
1011862034
131448811
116425539
102532966
120509679
121454681
121454711
115838732
120159481
12472079X
130490482
124798225
121379205
1116368528
124441130
120741326
121938190
14306147X
126453489
139962980
117530220
116111828
132083523
116721863
115720979
1012577198
1011966301
130406597
142555290
1012513556
1053280610
102231923
102342970
139742557
118680862
128942231
139963162
139963065
120159023
12279429X
139766243
1014912105
135905184
116948019
11857809X
129883131
117542008
118610791
1014913047
104321695
142617962
101476124
116099046
116518480
118989480
101422253
116461659
118584146
133663566
117045470
117452580
106203711
139885463
115680454
139937161
13703718X
137037228
129044342
131841912
13362577X
118914863
139628371
139852220
101943016
119348047
139746897
119029057
136780873
139622489
139742263
139937102
129779903
140391312
127812733
118904892
139632905
100124844
142554820
139954260
119237989
127455655
116942630
141121025
124721346
116121165
118047388
118047418
1015409482
11019649X
132678756
116504749
102037779
122640233
139963359
126324565
116526076
130114219
105726257
136889514
139646116
139976396
139901035
139871241
139869972
139869956
139746927
139731172
133276120
139746846
139649956
117465224
116171286
140845712
11578764X
120152126
101041535
104177640
117296066
118547488
139652280
129956341
118622684
139623698
136577997
130690708
124279287
119092158
140884076
14088422X
140884335
14088436X
140884483
137926499
102478929
131793047
102480443
104187247
104187360
120625652
104187204
102478945
121628507
128562536
133646734
137124627
116735163
140905685
121795063
140906223
140906487
104225599
118730711
121045013
119338882
102478961
116735066
133610705
117112135
117620300
126529787
101621434
141047399
117767131
129313467
12399439X
141056916
14105798X
128398140
128397853
141160225
116591390
104156600
105685631
124471765
119131390
141309814
10245812X
134938380
130812323
139742360
118917382
139612785
128964790
13799639X
135744660
11645248X
139762701
116805730
139762655
13976254X
118715941
120517981
116956739
129485209
118761943
129434760
114460019
139727280
137022921
141526475
127899480
104294027
139772286
100344860
101513402
139708162
11675026X
141753943
139779477
139779604
141787597
141788747
12864589X
141789212
141789336
141789808
141789956
100004482
14187550X
126826048
139708669
133624129
139772154
139622713
118732684
139646426
139647023
142026522
119206706
126116423
121345637
121300781
139772405
142167630
117058084
142221511
120079917
115749535
118523155
142278254
142279056
105334383
114695091
13645948X
106985809
141121149
119720779
124305253
105116696
142308293
14230865X
107880377
133322629
135648033
109081013
120466783
120811723
131823108
142534455
142542407
133625567
12984599X
141257970
118941011
122477863
135543363
11872262X
117147605
116819472
139911170
118784099
119104504
102619832
142895741
133214141
142565709
139952306
104276215
143382225
102221677
139953809
13617163X
121955222
129477605
11638686X
104344482
137583419
136198651
116015780
117408239
142557994
134261119
143051873
130546844
143055143
143054899
143059548
142498025
121588947
104145072
133393437
105547964
115713727
143128167
101078072
143128663
143128744
116397438
10427462X
141121475
10026669X
128019506
116225653
11699892X
142595950
120761505
12492784X
119469804
141220783
14307489X
126201609
141121831
117086150
139963227
107429578
139940197
136320252
126912092
11951933X
101408919
138295476
142603104
141220112
11743552X
143004743
126965269
1012513475
130145904
122098218
142460494
138485267
119205033
1102403261
142697591
142696366
142698024
142699500
137324316
1121934633
142619426
142695068
121892573
103942556
1124708006
116158999
142718637
116355441
144010534
1033293040
104759992
104751649
117379182
101421893
142477222
142496480
105849898
119486628
116332255
11860760X
142497967
112631991
10424187X
118709666
7749467-2
128660260
142593982
133309797
127497838
117463280
116822864
102624321
138863318
120213192
142477117
142594253
1015714285
116032243
103080589
103155902
103156747
130793612
129018813
117521523
137899882
137899904
139854711
120390361
128474238
136722180
12097939X
116818395
134481267
124729622
141030534
124662846
1018749691
115682171
122222008
119372177
117708674
128298995
118630598
116493763
1015325785
1076993222
125172842
117090115
127809589
102399500X
120286971
138341214
1015603726
1015771041
1016726236
116192364
116195681
123071704
132149923
12661539X
102170533
130657131
1030293805
118503839
11553248X
1136677887
104926374X
1023272970
1049263715
1049265769
1048377989
1102404128
1116368439
183847725
128132973
1116368366
1116368315
1116368269
1116368242
1116368153
1074783700
1116368102
111636803X
1116367491
120455080
104284145
136768970
1116367246
1046966952
1116367092
1116367025
1100194274
116515015
118695916
1125128453
100973035
1055333746
1138466247
1124846298
1154873617
130243663
1136678085
1154873498
119482088
1136678220
116014075
133594688
119299402
1140457438
116722843
1151057592
1155183207
135205360
