#FORMAT: PND-BEACON
#TARGET: http://ta.sandrart.net/services/pnd-beacon/?pnd={ID}
#VERSION: 0.1
#FEED: http://ta.sandrart.net/services/pnd-beacon/
#CONTACT: Carsten Bluem <carsten@bluem.net>
#INSTITUTION: Eintrag in der Online-Edition von Sandrarts "Teutscher Academie"
100000231
100001009
100002811
100007724
100012876
100013376
100014704
100015999
100023223
100024483
100029752
100042392
10006096X
100061060
100062873
100068995
100076378
100083056
100086594
100096093
100098355
100108237
100110983
100118720
100123910
100167993
100189741
100199399
100232973
10023836X
100265901
100284620
100284930
100290094
10029717X
10030673X
100327710
100350275
100360122
100382819
100393934
100408419
100411924
100416780
10041768X
100419232
100441327
100448518
100454372
100515401
100549837
100563465
100564712
100602517
100657338
100734529
100734685
100739571
100745628
100763472
10078254X
100783902
100786227
100792049
100793037
100811957
100816207
100839061
100878962
100937624
100937632
100937675
100938183
100938213
10093921X
100941028
100942377
100946313
100948111
100948138
100950132
10095023X
100951783
100951872
100952305
100958656
100960170
100960189
100961002
100961789
100963838
100975720
100976905
100979769
101004001
101026641
101053800
101072872
101100809
101211376
101248555
101365942
10142552X
101449674
101481187
1015370918
1018412182
1018857435
102036160
102050554
102104387
102116156
102125880
102194629
102239452
10230534X
102305889
10230887X
102309183
102326568
102359180
102373914
102374562
102378355
102379807
102379815
102379998
102381224
102381283
102381518
102382018
102382182
102382263
102382530
102383146
102383529
10238357X
102383642
102383995
102384215
102384711
102384916
102385033
102385394
102385661
102385831
102385890
102387141
102389381
102390703
102391092
102391718
102392080
102392218
102392293
102393796
102394229
102394717
102395233
102395306
102395705
10239573X
10239587X
102395888
102396027
102396493
102396752
102397767
102398151
102398348
102399301
102399549
10239962X
102399921
102400148
102401772
102402795
102403503
102404100
102405522
102406162
102408696
102409161
102409218
102409781
102417237
102417296
102419353
102421978
102422354
102426724
102426759
102430896
102432406
102440174
102452377
102458979
102506043
102508585
102517460
102520879
10252274X
102524653
102560722
102571929
102763321
102823219
10282858X
102836094
103078193
103085297
103085432
103760997
103762760
104000228
104045434
104047305
104066563
104066822
104086491
104114630
104130938
104170387
104174420
104176202
10418440X
104189584
104194995
104199148
10422424X
104243430
104270284
104273704
10427686X
104277009
104288639
104302445
104336749
104340932
104341386
104348038
104348348
104349786
104366869
104378301
107569884
109987241
112928838
11535588X
115381090
115381473
115445404
11549197X
115524991
115552421
115616276
115664203
115672060
115732624
115749438
115826483
115828214
115842004
115850945
115857400
115862625
115872663
115880917
115881514
116053356
116060425
116067128
116148012
116166401
116185341
116237317
116248084
116294396
11643340X
116466804
116467541
116519444
116556161
116801298
116840153
116946210
116972815
116974338
116992514
117015415
117022322
11704296X
117056219
11709711X
117130028
117195499
117360708
117395021
117397636
117407186
11747486X
117480967
117563056
117595640
117646083
117655740
117677256
117751669
117752436
11802275X
118064657
118167375
118167472
118500031
11850018X
118500198
118500201
118500244
118500368
118500384
118500392
118500821
11850083X
118500856
118500864
118501062
118501097
118501100
118501194
11850147X
118501607
118501720
118501739
118501755
118501828
118501836
118501844
118501887
11850200X
118502220
11850245X
118502522
118502573
118502581
11850262X
118502646
118502727
118502891
118503081
118503154
118503340
118503383
118503405
118503456
118503472
118503480
118503499
118503510
118503529
118503626
118503642
118503650
118503669
118503677
118503685
11850374X
118503863
118503952
118503960
118503979
118503987
118504037
118504223
118504509
118504851
118504908
118504916
118504940
118504959
118505076
118505114
118505122
118505165
118506056
118506080
118506188
118506471
118506668
118507125
118508237
118508318
118508326
118508679
11850889X
118508911
118509144
11850987X
118509926
118511114
118511181
11851122X
118511262
118511270
11851217X
118512234
118512722
11851282X
118513559
118513745
11851380X
118514008
11851427X
118516086
118516361
11851640X
118516868
118517384
118518275
118518410
118518437
118518453
118518488
11851850X
118518771
118519034
118519255
118519514
118519573
118519697
118519700
118519719
118519786
118519875
118519891
118520652
118520725
118520741
118520814
118521055
118521063
118521292
118521470
118521713
118521969
118522159
118522248
118522582
118522590
118523074
118523104
118523708
118523791
118523929
118524577
118524623
118524631
11852464X
118524658
118525271
11852559X
118525697
118525824
118525859
118525867
118526642
118526693
118527711
11852786X
118527878
118527983
118528289
118528386
118528718
118529153
118529811
118529862
118529927
118530224
118530577
118530585
118530666
118530674
118530763
118530941
118531018
11853131X
118531328
118531395
118531409
118531425
118531441
118531549
118531557
118531611
118531697
118531735
118532111
118532502
118532510
118532529
118532855
118534017
118534947
118534963
118535021
118535714
118535730
118535757
118535773
11853579X
118535862
11853596X
118536443
11853677X
118536796
118536834
118537202
118537229
118537288
118537520
118537865
118538527
118538748
118538926
118539086
118539132
118539469
118539477
118540610
118540793
118541161
118541838
118541846
118541862
118541870
118542907
118543032
118543733
11854392X
118544233
118544365
118544373
118545655
118546139
11854652X
118547658
118548166
118548174
118548204
118548255
118548263
118548271
118548778
118549286
118549413
118549421
118549693
118549847
118549855
118550292
118550853
118551353
11855140X
118552724
118552945
118552953
118553070
11855333X
118553437
118553569
118554115
118554131
118555154
118555359
118555383
118555669
118555677
118555723
118555898
118555928
118555995
118556010
118556045
118556126
11855686X
118557092
118557394
118557513
118557815
118557831
118557858
118557882
118558331
118558382
118558528
118558536
118558544
118558684
118558897
11855896X
118559273
118560034
118560042
118560085
118560093
118560182
118560263
118560476
118560484
118560557
118560573
11856059X
118561855
118562347
118562746
118563106
118563114
118563122
11856322X
118563890
118564404
118565141
118565184
118565672
118567217
118567993
11856806X
11856840X
118568426
118569651
11856997X
118570420
118571710
118571850
118571869
118572873
11857342X
118573624
118574140
118574418
118574426
118574450
118574701
118574779
118574817
118574868
118574965
118575171
118575198
118575228
118575236
118575449
118575651
118577077
118577336
118577379
118577468
118577514
11857776X
118577778
118577794
118577816
118577840
118577921
118577956
118578030
118578219
11857826X
118578278
118578286
118578308
118578618
118578979
118579029
118579355
118579371
11857938X
11857941X
118579703
118579843
118579878
118580485
118580515
118580647
118581074
118581082
118581090
118582143
118583158
118583573
118583808
11858412X
118585851
11858586X
118585932
118586246
118586467
118586998
118587404
118588001
118588540
118589326
118589385
118589393
118590111
118590200
118590235
118590251
118590278
118590286
118590766
118590944
118590995
118591355
118591509
11859169X
11859186X
118591924
118591975
118592068
118592165
118592246
118592602
118592815
118592920
118592939
118593234
118593293
118593323
118593765
118593838
118593846
118593862
118593870
118594044
118594214
118594427
118594540
118594605
118594656
118594702
118594788
118594893
118594974
118595083
118595091
118595237
118595512
118595598
118595636
118595652
118595873
118595946
118595954
118596047
118596500
118596756
118596764
118596829
118596926
118597213
11859723X
118597248
118597396
118597787
118597973
118598171
11859964X
118599712
118600354
118601466
118601652
118602381
118602616
11860354X
118603701
118604775
118604821
118605046
118605097
118605100
118605283
118605313
118605410
118605534
118605836
118605933
118610066
118610430
118610554
118612131
118612336
118612344
118612492
118613200
11861357X
118614185
118614347
118614797
118615270
118615300
118615394
118615688
118615890
118615947
118616315
118617826
118617974
118618768
118618806
118619918
118619993
118620452
118620916
118621335
118621386
118621645
11862167X
118621769
118621793
118621823
11862184X
11862203X
118622099
118622110
11862234X
118622471
118622501
11862251X
118622854
118622951
118622994
118623028
118623567
118625586
118625616
118625950
118625969
118626140
118626183
118626213
118626574
118626647
118626671
11862671X
118626795
118627252
118627295
118627848
118628569
11862900X
118629433
118631349
118632299
118632868
118632973
118634615
118634895
118635794
118635808
118636502
118636596
118637533
118637606
118637622
118637649
118637738
118637754
118637789
118637797
118638319
118638521
118638599
118638653
118638696
118638750
118638785
118638831
118638874
118638890
118638963
118639242
11863934X
118639552
118639560
118639587
11863965X
11863979X
118639889
118639897
118639986
118640003
118640011
118640062
118640100
118640194
118640283
118640437
118640445
118640674
118640763
118640909
118640917
11864095X
118641018
118641077
118641158
118641182
118641190
118641328
118641425
118641484
118641549
11864162X
118641778
118641786
118641964
118642189
118642227
118642251
118642340
11864260X
118643096
11864310X
118643150
118643177
118643525
118643886
118643924
118644009
118644025
11864405X
11864436X
118644432
118644807
118645021
118645102
118645366
118645374
118645455
118645544
118645552
118645617
118645676
118645781
118645897
11864601X
118646117
118646575
118646699
118646834
118646877
11864713X
118647180
118647229
118647237
118647253
118647482
118647504
118647571
118647954
118647989
118648098
118648144
118648195
118648969
118648993
118649027
118649035
118649043
118649280
118649302
118649418
118649639
118649647
118649728
118649752
118649787
118649809
118649892
118649973
118650033
118650106
118650114
118650130
118650335
118650513
11865053X
118650718
118650726
118650750
118650815
118650858
11865117X
118651439
118652850
118653636
118655078
118655108
118655140
118655183
11865523X
118656368
11865750X
118658050
118658115
118658565
118658689
118659413
118659588
118661469
118661809
118662112
118662260
118662554
11866316X
118665200
118666053
118666479
118666622
118667041
118667661
118667785
118668110
118668498
118668536
118668544
118668811
118669753
118669818
11867000X
118670581
118670611
118670999
118671421
11867143X
118671545
118672037
118672231
11867224X
118672312
118672428
118672797
118674005
118674013
118674382
118676059
118676202
118676458
118676547
11867661X
118676717
11867692X
118677500
11867756X
118677713
118678132
118678477
118678531
118678752
118679090
11867935X
118679627
118679651
118679694
118679759
118680331
118681923
118682040
118682105
118682199
118682431
118682571
118682601
11868261X
118682687
118682695
118682733
118682768
118683489
118683500
118683527
118683837
118683896
118683993
118684507
118685007
118685163
118685473
118686151
118686240
118686704
118686739
118687891
118687972
118689231
118689274
118689940
118690167
118690337
118691880
118691910
11869247X
118692887
118692941
118692968
118693077
118693522
118694022
118694332
118694413
11869507X
118695436
118695908
118696394
118696521
118696602
118696831
118697102
118697382
118697390
118697404
118697501
118698613
118698753
118699431
118699628
118701398
118701932
118702211
118702645
11870267X
118703501
118703595
118703781
118704664
118704672
118705164
118705237
11870642X
118706462
118706616
118707205
118707957
118709917
118710117
118710621
11871077X
118710788
118710893
118711865
118712160
118712284
11871256X
118712608
118713337
118714058
118714090
11871435X
118714368
118714724
118714732
118714937
118715372
118716069
118716166
118716735
118716743
118716808
118716832
118716859
118716980
118717154
118717227
118718266
118718444
118718665
11871869X
118719777
118719785
118720430
118720856
118720945
11872200X
118723510
118723529
118725831
118726870
118727664
118728539
118728571
118729063
118729152
118729314
118729411
11872942X
11872987X
118730053
118730983
118731181
118731394
118731610
118732145
118732455
118732501
118733109
11873315X
118733273
118733591
118734121
118734210
118734873
118734911
118735497
118735942
118736213
118736256
118736515
118736558
118736590
118737066
118737937
118737945
118738062
118738097
118738526
118738712
118738976
118739247
118739301
118739352
118739530
118739638
118739867
118739972
118740091
118740164
118740504
118740938
11874111X
118741411
118741438
118741985
118742132
118742167
118742221
118742256
118742752
118743058
118745220
118745425
118746200
118746227
11874707X
118747118
118747525
118747630
118747681
118747770
11874836X
118748440
118748742
118749617
118749625
118750410
118751069
118751085
118754084
118754211
118755366
118755730
118756141
118756419
118756796
118756850
118756885
118756958
118757350
118758101
118758896
118760289
118760343
118761412
118763873
118764012
118764543
118764659
118765361
118765450
118765671
118765728
118767038
118767135
118767321
118767461
118767887
118767909
118767925
11876800X
118768158
118768204
118768247
118768344
118768484
118768522
118768654
118768662
118770454
118770462
118771175
118771841
118772007
118772392
118772635
118772651
118773151
118773232
118773313
118773585
118773712
118774530
118774735
118775561
118776266
118776371
118776517
118776762
118777939
118778420
118779141
118779532
118779540
118779567
118779966
118780123
118780492
118780530
118780697
118780719
118780735
118780883
118781197
118781529
118781766
118781863
118782037
118782193
118782223
118782452
118782991
118783025
118783815
118783823
118784323
118784749
118785354
118785648
118785931
118786229
11878630X
118786563
118787098
118787152
118787195
118787357
118787748
118787756
118788159
118788205
118788604
118789066
118789333
11878935X
118789406
118789430
118789899
118789961
118790277
118790455
118790463
11879048X
118790498
118791141
118791621
118791680
11879177X
118791826
118791885
118791990
118792105
118792172
118792261
118792350
118792415
118792423
118792741
118792806
118793241
118793470
11879356X
118793756
118793934
118793977
118794280
118794396
118794426
118794450
118794469
118794477
118794485
118794604
118794809
118794817
118795910
118795937
118796070
118796135
118796224
118796313
118796720
11879728X
118797476
118797522
118797816
118797859
118797948
118798014
118798162
118798170
118798324
118798502
118798898
118799487
118799517
118799770
118800353
118800574
118800582
118800868
118801392
118801562
118801570
118801600
118801732
118802275
118802305
118802720
118802992
118803077
118803271
118803514
118803522
118803743
118804006
118804081
11880409X
118804170
118804316
118804758
118804944
118805304
118805479
118805495
118805746
118805762
118805797
118805967
118806092
118806653
118807064
118807331
118807358
118807714
118808109
118808613
118808761
118809199
118810936
118814206
118815571
118816829
118817108
118818880
118819712
118820206
118820656
118820699
118820745
118821040
118822187
118822195
118822209
118822713
118822748
118823310
118823329
118824112
11882497X
118825119
118825283
118826085
118829149
118829203
118829505
118829718
118832107
118832115
118832123
118832611
118833103
118833499
118834320
118834460
118834568
118834606
118834657
118835335
118835556
118836218
118836684
118836870
118836889
118836897
118836900
118837125
118837265
118838326
118838709
118839357
118839365
118840312
118840428
118841270
118842145
118842978
118843214
118843400
118843680
118843761
118845748
118846566
118846981
118847422
118847694
118848291
11884847X
11885254X
11885500X
11885772X
118858580
11885870X
118858750
118858955
118859471
118859617
118859927
118860143
118862294
118862383
118862529
118864319
118868896
118869051
118869183
118869329
118869604
118869833
118869965
118872583
118872834
118874195
118876368
118879294
118879952
118880101
118880349
118880640
118881647
118882503
118882945
118883542
118884778
118884786
118884840
118885375
118888544
118890751
118891049
118891294
118891952
118892959
118893025
118893289
11889434X
118894617
118895931
118897489
118898027
118898205
118898825
118900293
118901338
118901419
118904043
118907832
118910906
118910922
118911546
118911953
118912860
118913158
118913816
118918079
11892088X
118921096
11892141X
118924176
118924850
118925563
118927094
118930192
118930222
118930230
118931962
11893208X
118932462
118932640
118933256
11893337X
118935585
118935593
11893676X
118936794
118938096
11893810X
118940783
118941291
118941976
118943936
118947397
118949373
118951491
118952498
118954857
118955314
118956337
118956507
118956604
118958682
11896030X
118960350
11896206X
118963821
118965786
118966219
118966669
118967444
118968580
118969080
118969137
118969293
118970976
11897291X
11897324X
118973401
11897341X
118973436
118973444
11897386X
118973878
118973886
118973894
118973932
118974033
118975021
118976281
118976435
118977164
118977326
118977547
118977636
118978128
118978721
118983342
118983431
118983504
118984365
118984489
118986155
118988328
118993593
118993607
11899686X
118997076
118999249
119002205
119004992
119006561
119006626
119006839
119007495
119007509
119008157
119009129
119009684
119009749
119010259
119013258
119014459
119014793
119015471
11901601X
119018012
119019620
119019752
119019906
119020017
119020157
119020394
119020882
119022230
119022524
119024268
119024845
119025272
119025299
119026708
119027828
119027836
119028131
119028514
119029510
11903588X
119035995
11904238X
119043106
119044021
119045249
119046024
119046482
119047616
119050889
119052636
11905339X
119053721
119055732
119055740
119056046
119056054
119057352
119059738
119060353
119061511
119065037
119066556
119067692
119067803
119068125
119068982
119070731
119070758
119071479
119072009
119072432
119072645
119072866
119073838
119078244
119079925
119080273
119080419
119080958
119082772
119088169
119091771
119094177
119095548
119095939
119099179
119099284
119099950
119100320
119102048
119104385
119105691
119113643
119114119
119115093
119117304
119120712
11912081X
119121204
119126893
11912761X
119130025
119130947
119132931
119133377
119135434
119137151
119138883
119143364
119144948
119146444
119146487
119147378
11914820X
119148420
119148978
119150182
119151197
119155060
119155338
119156121
119158299
119159589
119160285
119160978
119161869
119162105
119162679
119168774
119170310
119170531
119172089
119175800
119176610
119176629
119176645
119176688
119177315
119179466
119180049
119182998
119183471
119191296
119192748
11919337X
119193469
119193833
119194368
119194376
11920245X
119203847
119206064
119207826
119212315
119213362
119216159
119216388
119218011
119222353
119226014
11922688X
119228130
119229196
11923212X
11923632X
119237512
119240416
119241161
119241811
119242443
119243113
11924358X
119248972
119248980
119249316
11925011X
119250403
119250632
119256908
119263491
119264900
119265931
119266741
119272334
119272849
119279347
119281457
119282933
119285045
119291002
119295113
119299941
11930242X
119302446
119302454
11930306X
119305836
119310813
119314878
11931522X
119315238
119320657
119320827
119322870
11932816X
119336839
119341018
119344483
119346842
119353008
119353016
119353024
119353083
119354462
119354780
119357577
119362503
119362511
119362805
119363577
119367475
119369303
119372193
119372207
119374862
119377349
119382814
119382989
119383012
119383330
119383691
119385198
119388871
11938888X
119392526
119394022
119398052
119400839
119401703
119403676
119403706
11940429X
119404338
119404346
119404559
119405628
119406810
119413914
119414651
119421488
119424215
119427303
119430584
119433079
119434660
11943511X
119435128
11943542X
119437090
119437627
119441020
11944190X
119441969
119442027
119442833
119442884
119448262
11945064X
119454041
119454823
119454858
119454874
119460114
119462613
119468832
119470403
119480786
119481758
119482231
11948529X
119485680
119486849
119489929
119490285
119490528
119494108
119500957
119504707
119504855
119505266
119505916
119507692
119507706
119510448
119511029
119511231
119511258
119517752
119520761
11952354X
119523558
119524368
119524759
11952516X
119531194
119534355
119542315
119545802
119548097
119550989
119553848
119555476
119555700
11955951X
11966237X
119694204
119723301
119831821
119864010
120005190
120014505
120021080
120040050
120054876
120079291
120079666
120082268
120100207
120105659
120115530
120158531
120159562
120168081
120186497
120186845
120219719
120224682
120269147
120294109
120339994
120377276
120388103
120462591
120491931
120491982
120521628
120527057
120527839
120564823
120564939
120580497
120611201
120640945
120652676
120664283
120691515
120709740
12071874X
120752034
120759640
120810425
12086844X
120890224
12089260X
120896532
120908360
12090845X
120908565
120909170
120936135
120965828
120972638
120974622
120977354
12100337X
121009084
121013073
121014711
121024091
121044386
121067483
121080692
121083128
121091651
121094111
121095401
121110141
12113654X
121136574
12116117X
121173186
121174379
121233782
121239985
121248267
121283771
121288900
121320596
121336921
121338975
12135802X
121365298
121378632
121401448
121404528
121408094
121411893
121421287
121437205
121449408
121460460
121463486
121467961
121473880
12148565X
121492893
121522318
121526860
121530299
121547906
121551075
121564568
121581217
121582701
121589811
12161431X
121635775
121650251
121651932
121673391
121675777
121675858
121701778
121703029
121732916
121733890
121740358
121745783
121749584
121751627
12177838X
121788105
12180710X
121845990
121852881
121859223
121880095
121890198
121894274
121894290
121906914
12190816X
121915808
121924548
121932508
121933296
121973263
121975401
121978788
121978877
121990028
121994724
122020944
122025091
12202690X
122028864
122030915
122036182
122045742
122062868
122070666
122071247
122072766
122072804
122076311
122087267
122093798
122094204
122114663
122114701
122119363
122119673
122132807
122137612
122138147
122145100
12214516X
122150031
122180488
12218243X
122188284
122211847
122211936
12222132X
122224655
12222518X
122229894
122235223
122235401
122235800
12225791X
122268725
122296656
122312910
122360389
122372840
122374282
12237620X
122377680
122379012
122380088
122381335
122384148
122384741
122391047
12240842X
122447131
122466691
122466705
122475127
122483731
122484045
122493648
122495624
122504992
122507428
122507436
122523806
122558340
122576217
122582861
12259357X
122593677
122600606
122616502
122641000
122641124
122641205
122641213
122641221
12264123X
122641248
122642333
122660978
122661036
122666372
122673093
122687981
122688686
122695712
122696387
12270312X
122707958
122711882
122714253
122723856
122734076
122745876
122748255
122748298
122748379
122749715
122775279
12278605X
122786068
122786084
122786114
122786637
122806670
122813871
122820371
122823583
122828011
122829867
12283447X
122834658
122835654
122836170
122836502
122867157
122871308
122880552
122948564
122949722
122952537
122955986
122958977
122966945
122968824
122968840
122970470
122995651
123009456
123010543
123018455
123018587
123033101
123050138
123057531
123069092
123075386
123078369
123090393
123097711
123115876
123129850
123138140
123143268
123159067
123161355
12317211X
123174406
123190142
123203635
123211492
123211522
123220610
123220998
123253845
123258219
123258685
123258804
123293243
123299446
123303362
123315352
123345596
123355028
123380103
123380464
123405238
123414253
123425417
123429145
123434262
123480922
123484634
123510600
12352363X
123524237
123527147
123531985
123549345
123571529
123581478
123590272
123590531
123592623
123599733
12362195X
123622115
123627850
123635233
123681065
123700035
123758424
123778468
123815622
123847737
123876885
123877814
123882508
12391664X
123939429
123958563
123959306
12397710X
123997755
124013759
124015905
124015956
124016553
124016626
124017177
124017339
124025080
124036465
124036759
124066755
124079091
124094597
124101070
124104428
124118895
124163580
124165079
124166342
124174760
124212832
124213294
124216749
12424775X
124268420
12428650X
124290256
124294707
124296513
124302092
124317472
124319319
124330568
124344739
124352405
124359906
124368891
124369235
124373208
124375596
124384218
124388140
124404111
124406114
124408788
124409628
124410502
124414559
124420273
12442211X
124425054
124435866
124437834
124445373
124462480
124465536
124474357
12447490X
124480802
124480896
124480934
124488536
124494730
124498302
124500153
12450213X
124521940
124523099
124525490
124538398
124538401
124538487
124538517
124538533
124538584
124538657
124538673
124551211
124554407
124561446
124566685
12456870X
124570143
124570364
12458134X
124585183
124587917
124614159
124643809
124651127
12465827X
124659187
12466458X
12466587X
124669700
124671047
124684505
124691692
124692133
124692664
124713491
124741932
124755712
124755836
124756123
124786162
124787614
12478836X
124788742
124798985
124799302
124799426
124816010
124827047
124828604
124831311
124834078
124843778
124851843
124874576
12487908X
124886574
124894348
124924719
124935303
124971512
124973469
12498407X
12679197X
128351314
128382643
12845153X
128482311
128492066
128555254
128593873
128594802
128608102
128610212
128613297
128638656
12864155X
128672455
128689145
128698373
128735325
128735872
128752882
12877505X
128802804
128812524
128844353
128854359
128868929
128892838
12890285X
128908467
128912928
128912960
128918292
128932805
128941510
128957921
128960620
128988940
128995734
129022764
129039659
129042951
129042978
129045799
129047643
129053732
129059889
129063800
129068403
129068551
129070912
129072001
129091820
12910082X
129100838
129100889
129101192
12910132X
129113042
129113050
129113875
12911412X
129114286
129115029
129125172
129125180
129125849
129127086
129127094
129128627
12914942X
129158321
129168661
129172618
129174327
129174572
129178446
129179493
12918232X
129185795
12918814X
129194220
129198846
129214728
129241741
129245704
129246786
129250155
129250929
129253731
129253936
129254592
129254800
129254940
129254975
129269336
129269484
129272132
129274941
129287083
129300454
129310182
129322261
12934236X
129353752
129364355
12938769X
129408328
129411728
129417084
129446424
12945446X
129462438
129462969
129473170
129488038
12950517X
129520136
129605603
129609471
12961212X
129662402
129669121
129685844
129694886
129702978
129704083
12971268X
12972033X
12972601X
129744735
129756075
129785326
129806935
129873136
129873209
129897744
129906905
129927961
129977519
12999457X
130024481
130054275
130058262
13007828X
130099112
130169676
130213659
130251801
130278793
130294527
13030204X
130314722
130341401
130353809
130359726
130368725
130368741
130383325
130407399
130418498
130427764
130437182
13045074X
130456365
130462799
130464775
130469521
130478105
130498300
130507660
130547255
130588423
13060299X
13081850X
130840025
130859079
130871435
130896357
130958131
131183206
131343173
131349503
131358391
131387871
131400703
13141500X
131428950
131506668
131543512
131548808
131559893
131568647
13157969X
131599224
131617745
131646230
131691317
131717715
131717731
13172424X
131724576
131725270
131726870
131746782
131746839
131771841
131772465
131774670
131774700
131783807
131786709
131792644
13179955X
131805339
131813447
131858947
131894188
131894439
131911252
131969153
131971026
131990330
132020610
132075806
132112450
132124874
132231018
132239949
132251086
132273985
132275066
132279762
132316544
132322366
132366509
132380633
132399202
132415658
132539268
132559218
132573881
132576872
132596326
13259935X
132604698
132678527
132697661
132704870
132718774
132782685
132794691
132802201
132860821
132889404
132907348
132913658
132924110
132969777
133004848
133008150
133029794
133042448
133153363
133186083
133205487
133205711
133367983
133368017
13336948X
133378101
133378764
133443833
13346833X
133536491
13354205X
133572846
133594254
133606635
133651657
133667294
133679446
133724247
13374373X
13379928X
133837491
13384045X
133841618
133850021
133947580
133965112
134011325
134020642
134081471
134104293
134106997
134227638
135549590
135549604
135549612
135589746
135772923
135832055
135832292
135889502
135903513
135936543
136021085
136021204
13602730X
136054307
136091946
136134076
13618832X
136255906
136279023
136293018
136300138
136328938
13634111X
136365868
13638045X
136409296
136429262
136470467
136572529
136633099
136667031
136671357
136691099
136767400
136803490
136865453
136870724
136997503
137011059
137095562
137136439
137213433
137273193
137350872
137354258
137358482
137492936
137513194
137561741
137580967
13758637X
137608128
137699034
137759800
137807252
137913923
137922035
137948743
138054088
138085803
13826919X
138361282
138435669
138491690
13851318X
13852856X
138529515
138541442
13861752X
138702071
138775796
138779090
138787360
138806918
138806969
13881824X
138825955
138828733
138850089
138851735
138855099
138875782
138892652
138892970
138903697
138914168
138937222
138937273
138992193
139044264
139081852
139081887
139082034
13908441X
139085076
139154205
139159320
139193243
139224807
139258310
139264825
139264973
139265554
139272836
139284826
139396039
13943142X
139483586
139488782
139529896
139578226
139752161
139824731
139869255
140068201
140241396
140646345
140691677
140753141
141099755
141123532
141252014
141283289
141475323
141691018
141704632
141926031
141936495
142092673
14225861X
142414115
142471429
142507997
142508527
142538213
142540501
142550035
142560057
14256141X
142685119
142686107
142686867
142878103
142942103
143217631
143237969
143352784
174256647
174309864
189373938