#FORMAT: BEACON
#TARGET: http://www.historische-kommission-muenchen-editionen.de/beacond/friedrich_schatullrechnungen.php?pnd={ID}
#FEED: http://www.historische-kommission-muenchen-editionen.de/beacond/friedrich_schatullrechnungen.php?beacon
#FEED: http://www.historische-kommission-muenchen-editionen.de/beacond/beacon_schatullrechnungen.csv
#PREFIX: http://d-nb.info/gnd/
#CONTACT: (ID-Resolver: matthias.reinert@hk.badw.de)
#MESSAGE: Personen mit GND in den Schatullrechnungen Friedrichs des Großen
#INSTITUTION: Kommentierte Edition der Stiftung Preußische Schlösser und Gärten Berlin-Brandenburg und des Geheimen Staatsarchivs Preußischer Kulturbesitz in Zusammenarbeit mit perspectivia.net.
#DESCRIPTION: http://quellen.perspectivia.net/bestaende/spsg-schatullrechnungen // ausgelesene PND Zuordnung 266
#TIMESTAMP: 2013-04-04
#REVISIT: 2013-10-04
138373876
118798022
118535129
138048509
117505471
141678615
10044220X
116429844
118648659
131591754
118917382
116649208
118726102
141884738
116791543
118731998
118646265
136147372
118907417
118633112
13585413X
138381739
136124305
119475979
129744441
119008912
11648392X
11896710X
116520655
119501449
136459943
119501600
100311695
117608572
12208909X
118662961
118535749
143289799
12910048X
117495301
118505505
135658039
136231020
118535978
137708238
138374856
117639206
119120674
118627813
108425932
116836458
118505106
136231586
118720937
122602951
118655159
138574723
100001343
116215690
136454720
117643351
119317133
11869362X
135737516
132304775
139653163
118779230
11850178X
100230024
119116510
122113853
139109544
118571613
135726204
117250686
13245226X
136850359
118674609
119044137
12282704X
118667521
123165474
120519771
103079890
142969125
124391567
1018466282
118560328
119326728
11913988X
116170654
104342803
12374119X
117081051
116109238
101300239
116164174
137838573
117359602
118746324
115547401
116141638
135862809
138469199
118710257
129884294
139901701
117348295
116355085
139011684
11867692X
119014807
122879279
136923534
118957732
139566953
118764888
119393743
185531253
119357550
118505092
132841746
118747975
102476241
130249424
123248418
119393751
11910007X
118781871
117612022
118546651
104173386
116442174
142743216
118560271
139237445
100863507
119217597
122269071
118543725
135901472
118730770
139871454
117626953
136309577
102017077
119303108
140611835
119455293
118729446
122629825
117028568
119193310
130614386
139978747
137704801
118687239
114808716
115877282
116970308
118884441
136044301
118535986
104232757
101974653X
116892021
122098994
139229655
119093502
121644111
101690231
101490119
133498050
116199105
115741208
117731625
135944449
116226935
124660142
121034186
118602179
123307422
117474460
11850777X
11856014X
139095160
118574930
14202550X
116754974
118778595
104201401
118827979
13618653X
142520470
119024098
142811424
137122918
119038196
119226987
119086255
118639242
118597787
120360047
118622625
121500403
132727110
118622994
122682343
11860354X
118794604
11859964X
119414651
123481708
118853740
124288839
118670301
137397135
116209356
121091031
139622713
139173773
11881575X
120168782
135658446
133219798
11870978X
135910331
137564775
135944759
136144101
134161890
116764767
136804691
119007754
104160802
118592904
119485338
118541706
137392567
132756900
118652419
100002188
14262571X
10053015X
137844441
118975943
119244853
118692313
117206989
135708036
11865005X
116247592
136054498
118588907
118629492
136564089
121383148
135728819
118563734
130183431
118535730
104196645
116521945
135668670
119124378
119086395
