#FORMAT: BEACON
#PREFIX: http://d-nb.info/gnd/
#TARGET: http://www.personalschriften.de/leichenpredigten/digitale-editionen/autothuer/personenregister.html#{ID}
#FEED: http://www.online.uni-marburg.de/fpmr/autothuer.txt
#CONTACT: Jörg Witzel <joerg.witzel@staff.uni-marburg.de>
#INSTITUTION: Forschungsstelle für Personalschriften
#NAME: Digitale Edition autobiographischer Texte aus Thüringer Leichenpredigten (AutoThür)
#MESSAGE: Autobiographische Texte aus Thüringer Leichenpredigten (AutoThür)
#TIMESTAMP: 2013-08-05T11:35:29.105+02:00
104323361
130684201
118644289
132331055
128890665
120751798
128406208
174133758
129946397
100030378
12212491X
12851938X
104330716
124678947
115356193
104163658
123334500
123334519
13201095X
124069746
1011286785
124069630
116266309
118676040
100123910
120862239
103150609
133392368
128528117
101784961
119165708
117674214
100868274
122426169
118829157
104250283
104333596
115794352
129994847
124647839
128523018
120284820
1032883758
104047755
121111202
128788127
117666491
130625663
122135652
130592668
120388081
121930092
129480509
118974351
120227649
116025883
120852357
124304923
118685007
129447153
122746805
104260424
102460140
118534947
103081755
121799964
119285452
116494603
118538624
116654406
104051450
141255439
102464219
123660483
118079492
120217112
124990673
10249181X
141298286
104314036
124699170
128354194
132094312
124900100
102508828
128664290
132399822
12193358X
103125140
115865497
137046219
104194790
121610772
117539252
118950037
120349930
138783160
128382686
118564927
120462834
117643092
123647703
124486231
117670790
121548163
121358127
100867871
122308328
131587803
115733426
120582775
137587325
129782637
121771318
129794910
118575449
120233053
100174256
116837918
116735066
172250587
124364837
124534740
118582879
124538444
121790029
12391132X
118819410
117187828
104189517
128545194
104319038
104319143
130637076
100618030
104156198
100237584
121253023
124677975
124985459
118594893
116373164
11641927X
120801809
104254335
102109214
104254238
174031920
11775062X
13068290X
119123053
133044394
115838384
121936686
123316189
128882646
121295338
116458119
100324258
12888357X
121147185
116600705
128880260
115842047
102117470
102109168
118953346
139032479
103149856
118530887
102305889
104177209
101012039
12362259X
107484897
12193618X
139765077
124443346
100332811
115395792
104138017
128791020
104301147
124465293
129869325
102109230
122474457
10418339X
117764337
121056910
104110635
118612433
124578365
117478091
129214353
118748440
121771296
121886220
104337362
128534540
117475890
128534699
104322950
117652350
128383585
104378093
12936181X
124576710
137487789
139561587
104337052
123679540
118756087
119238098
117384224
124827985
115832033
13790133X
100654118
118626574
104045396
117307203
1021970379
139096337
128882069
123859603
139766405
122292081
122106555
11697060X

