#CONTACT: marcus.weidner@lwl.org / Dr. Marcus Weidner
#EXAMPLES: 118520709|139385274|http://d-nb.info/gnd/139210539
#FEED: http://www.lwl.org/westfaelische-geschichte/meta/pnd.txt
#FORMAT: GND-BEACON
#INSTITUTION: LWL-Institut f체r westf채lische Regionalgeschichte, M체nster
#ISIL: DE-614
#NAME: Internet-Portal "Westf채lische Geschichte"
#PREFIX: http://d-nb.info/gnd/
#TARGET: http://www.westfaelische-geschichte.de/pnd{ID}
#TIMESTAMP: 2023-02-20T11:00:00Z
#VERSION: 0.2
139544488
118525530
119304309 
104140623  
118702793
13731759X
119432072
101053495
120812843
118666339  
118532537
116373709  
118686755
115460403
116752572
116371250
121337200
11754017X
123910277
139399038
118580248
118509829
138459789
136159141
124770762 
136721281
117674966
117007242
118535684
12388957X
11872861X
136635865
119170949
136742238
1020283351 
136158188
189548525
135738261  
1058451499
1058451847
1058562215
1058562347 
1058562487
1058562657 
1058562797
1058562916
137956061
1059225395
137947356
136972357 
1059225603
138459711  
1059225646
136911323
1059225727
13845972X 
136986994
1059251000
136418988  
138368031
135684714
135684625
136459188
137954654
136850561
13684961X
132700999
1059251159
10211790X
116741481
137531516
116151439
189429879  
129674850 
11882080X
118709887
118535986
118535994
118632884 
118535668 
118632892
118627120
117105929
116631074
116240695
116587385
13346427X
117354732
116337761
117375039 
116865598 
128653922 
129440450  
1051058783
118648764 
10030673X
11909990X
118634224
124292100 
10212552X
115868984
138720150
138720320
138719500
138720428
13137253X
138779511
119521296
137982402
104189444
138638071
117677337 
102116156 
11853596X
118535730
118535978
118535749 
11869362X
137421192
118617273  
116595353
116907819 
133455335  
118742884  
107599147  
1035480999 
17304697 
130322059  
109101901
107494159 
125964439
119073420
11850228X  
104161612
135544629
119473674  
120400073
142524077
119095645
117191574
136408273 
118694855  
123555760
13052039 
118621343  
13014567X  
128645946  
189443898
103050170X
1155448014
137704038
107902001
135951054
114732078
117687774
127260293
133625192
116574739
1023622149
126265275 
1049508599
126620792  
118527215 
125035195
109921178
117158607
136441300 
117752924  
130457086  
106758578
108718859
119521288
123369665
116145307
117212679
116215585
118660470
133413861
138132828
117259160
117691860
1027332307 
130003646 
14262814X 
142511110  
1034716492 
123561655
107798239
108391647  
117283045
117325325
1049815939
116025867  
128255455
11487915X
130530166
117121126  
142625647
189416947
189407646
189545372
141317639
118530186
136263275
100941362
105925123X
1059251264
135951429
117429449
118527533 
118710524
116037970
104918039
118978748
118576801
118520709
104226854 
117529141  
118579398 
116118628
104051973
117592692
118951106
116137436
126370834
133696790
118537210
11856112X
118551906
118621319
119094401
116020571
116213949  
101767846 
117387460
12079859X
11900609X
12141146X
118711334 
119115077
118557432
118710346
126674086
118081713
13049092X  
1047645882 
130475777  
118503200
189489332
130490237 
142502472 
119137100
120289245
116264446
118767739
119206366  
118651870
119295067
117643939
1047637162
126205485
106568280
118769278
119060302
118809253
118634801
133014266
118611267
116750448 
11906586X
1058505408
131924133
11948711X
117523453
189410604  
118546929
117053996
117033014
129533556
118963457
124440533
118757148
118744402
119319101
141217421
141217596
118656384  
119142473
133218023
110447158
142609943
118917870
116808071
127325522
116901829
118773062
107684993
123440866
120219166
105000655
142521086
142521094
18943550X 
130538876
121453014
18946271X
116106115 
1044907304 
133371247
116214996  
118746103
131704257
117154946
104568798
125481403
142522082
133957004
1047572869
116256087 
133887944
13720468X
18956301X 
116485043
130357626 
119204800
119086891
189437448
1035104814
13356360X 
118820982
1051173337
142522848  
116168927
1178359220
13343530X
102038511
106632297X
1048443884
12220722X 
1048640086
130137022 
1049251482
1067114904 
102205046X 
104965627X
1067124934
116893044
142535680
142603899
142603929
142603945
142603961
142603988
142510777  
14260402X
142604046
142604100
137736398
142604143
142604151 
142604194
142604240
116795360
107530775
142606235
142604275 
101838301 
133439429
133725162
1055500707 
14260433X 
142606812
116696109  
136666817
11933240X
1065006586
127664963 
117110140
133615227
117158585
116122331 
142617903  
133621553
107132397
133228118
1179406214
133855848
117195014
136858708
133936104
139385274 
110718399
105551422
117267872
116320079
116320109
126126771
1058457624
113795173
109089707
109115147
117534501
133224287
1046816977 
142506486 
117310646
118627112
117704692X
133688143
118631950  
138738408
110815645
117443670
13736248X
137362595
124391214
137362781
13736265X
13736251X
137362722
116952504
1035179342
1034677527 
118552457
118551108  
118690108
116777125  
116116625
116117249
125347634
12508613X
116120991
104688378
1020300892
119137801
118154206
1065846266
118582054
116425032
116918039
116021195
136449522
NULL
136449484
136721613
118721313
137112009
136144233
136420753
136420796
118064479
118806262
121823237
119442647
118747118
118512234
11869412X
123591627
118657860
118801597
1049908023
1049176375
13866224X
1046537644
1058385852
1049818660 
1049819098
1047861747
10518263X  
124350186 
130528749 
117357979  
124447562  
121094634  
124439535 
130495379 
1049264037
1049265971
133220885 
1046301772 
1046303139 
1046532553 
130431478 
1046535196
115128867  
1046536842 
1046688448 
142511145  
1046815490 
1046816209
1046818198
13323018X  
1046819100
133819361 
1046918710
1046919652
121495337
142511218  
1047090015 
1047090791
104709150X
1047152940
1047153386 
1047153602
1047205750
1047206439
1047207060
1047574071
1047635291
1034696211
1047636573 
1047636905
1047637448
133299074  
126148821
125332556  
1047646714 
1047647095
1047766795 
1047767430
1047767996
133312828 
1047769948
1047770563
1047774968
1047775220
1047862565 
1047863235
1047863529
1047864320
1047865262
1047897695
1047898543
1047899167 
13356665X 
1047899914
174045697 
142509345
101825226 
1024068323
123421489
130469637  
125477791  
133330222 
104830180X
1048302210
172075408
1048411346
1034727532
140802630  
1048413217
1048413969
1048444651
1048445291
133360571 
1048538516
11684454X 
1048631354
1048639118 
1048639363
1048639606 
136912133  
1048647692
1048648036
13368671X 
133538915 
142510971
143951114
1049258827
1049260570
1049261291 
1049261720
1049262220
1049505751
13033331X  
1049507371
1049507630
1049508254 
1049509145 
133821714  
125991088  
1049346033 
1049557506
1049656644 
103491054X 
142511277  
1034899406 
1049668855 
1034624679 
1049816374 
125174837
173663915  
104981763X
104981813X
130339253 
1049818857
133501906  
130434175  
1049899466
1049899970
120640910 
1049901576 
118988743  
1049902033
1055319115
1049906004
1049906276
1049906977
1049907361 
1028516932
189481498
1049909224 
116206691 
13351515X 
1050800869
1050801113 
130350532  
1051059445
1051096472
1051107733
1051107946
1051108527
103493189X
1051406250 
1051406617
1051406889
1051408156 
116592923 
1051413575 
130354619 
189535008
106470705X
1058457896
1064707262 
1058458248
1058503995 
1058504320
1064711006
1064711375
1064711707
1064711936
1064712185
126461511 
106471305X
1064950140
1026232910
1064950531
1064950884
1064951384
133600017 
106495622X
133600823  
1064956696
13050999X 
1064957064 
1058559079
125130791 
1064995608
189487739
1064995217 
1064995926
133669904 
1064996345
1064996825 
1065004532
1030131295
1065005091
1065006187
1065006462
125527217
11758343X 
1031480978 
12775895X  
130528943 
142613703 
1058385674
138412251 
1058385763 
102140944 
1058386107 
124769608  
116277319
116290196 
124997767 
142509671
1035791250 
133740692 
142611425 
142511129  
142625523 
13374910X 
142506559  
129440566  
14251134X  
117518026
142505218 
133755479 
142510912  
130525049  
142509590
11879678X
126957312 
1051180503
1058457209 
117492701 
125945817 
1035153599 
1058457446
133787427 
109130979  
130545422 
12479209X  
125464533 
142509612 
124979017 
133793672 
133793788 
128938889 
133794083 
142511080  
141311517 
1065846185
106584588X
127678719 
1051856965
1058505645 
122820096
118617737
118803417
118769103
118756230
119368692
117291013
119034522
118579843
119290332 
118983741
118738097
118547305
119321157
118503820  
11873475X
118607936 
11854523X
118590987
116675209
116843217
102157774
11874108X
104091061
115511377
118678302
116678046
119067323
143557653
129970530
100837441
130577278 
116325976
118512269
120090066  
118537342
118554719
118570951
136044549
121966208
136021654
136028136
142509469
107815230
137669658
136119964
1058504169
11941872X
136191819 
103868739
118673173
118515969
11661305X 
118544969
136629458
116030402
118752219 
118616382
119501201
138059675
123178983
130508632
122034333  
118749536
118542451
118701215 
117178624
118777432
124366783
119053322
118742906
118558862  
100125018
118808753
118535196  
118569147
119066874
117549665
102529035
100188826  
117193178
130552216
116066636
118805975  
118708058
118683624 
11858555X
129090565
119099233
100199054
118781472
126261806
118751972
117548081
139946403
116605715
118541102  
118590502
119097885
117359661
128817321
118525484
11873413X
118749730
116897155
116613173
133719804
118978055
118953362
118547518
118680846
116766263
117208612
116746173
119646471
118549790
117128988
11719963X
119182084
118743635
119127180
118632213
119485427
120754533
118715097
118613421 
118512250
11876618X 
116204591
118559168
118511882
118586491
118587757
118561723
118762109
11877137X
120798417
118885243
129047015
118608843
117081337
118532863
118606859
118632949
118022733
119214660
118773917
116005149
118885332
118501755
119334461
118782886
117026689
119115042  
103155163
100290132 
127472150
123950120
120008009
11920990X
117157570
119079429
11858314X 
116174978
118552589  
118765833
118573853  
116133929
119167158  
119538989
11874125X  
118680145
118719092
118510215
118973428
115632336
118509470
118515055
130676004
118555553
117334189
113667485 
100416993
11861133X
116586931
116887524
11860922X  
1045184934
140709363  
130537926  
129441279 
103623794X 
130475033 
130452874
101229879 
130470627  
100131972
130357588 
138334641
118571591
132793008
1058457330
118545973 
133870707
111351308
117036536
119518082
118679570
139210539
118655841
119332396
116235098  
13596248X
128649054
116409029
117083186
122248236
133992330
133931331
116445297
137717563
135697182
135697190
105124206
135719054
118786822
102058903
116517859
136459668
137895844
117325287
117452734
11616669X 
123565103
121575187
121575179
121575233
121575330
121575586
121575535
121575292
121575454
121575438
12157539X
121575411
117739588
121575462
121575489
121575594
117014052
121575268
136721648 
136602460 
136729444 
189562536 
138456704 
136721567 
136729525
136692095 
117397636 
130472700 
130275174
117692492
136723934 
136648045  
136724442
 136724485 
136721516  
136729630 
121683729 
124678653 
128453265 
102040095  
1055710884 
104332611 
136724558 
136724205 
118691325
142624837 
116631058 
135913470 
142624780 
138338574  
142624683 
142624667 
1019626542 
124361374
124748317
118892363  
118962612
101163576
116148004
118617494
115362290
128558032
11622553X
116252685
116431482
11623296X
116228830
136002005
136002013
12122404X
116619775
142628727
105740160
122428587 
10253795X
100352537
101177496
116562455
139934529
142591440
116342226
116352248
117034142
139806377
104068868
142611492
11712091X
102916489  
139204679 
115751408
142625787
13625568X
142625817
142625833
120037750
142625949
117330884
117517895
115800344
117176648
117423661
120643774
118764802
117478768
117258431
121168255
117429589
119297175
1065845960
117022349
117027057
118632337
123012139
117297623
117479217
116179252
118526057
118674250
18954757X  
118737295
117147249
105025755
173154492
137633947
118584693
118593706
116857056
117646237
131601598
116238704
116755504
101315856
117592374
115378081
117613703
116257733
116195835
118658468
116424974 
116698993 
1035744740
171052021
18940809X
118746928
118586408
117618071 
121001733
102860963
105356700
142505323
142522341  
133654745
142524042 
142524263
117504092  
13346668X 
13401507X 
13364300X 
14262764X 
142627747 
118651137
142628662
142628689
142522155
142522244
142522287
11851802X
142628697
142628700
118087274
142628719
142523542
133985482
118810979
142523828
142524182
142524417
11871421X
133466302 
142606154
118891863
118788191
142618713
142623210
118601326
142625574
14262599X
142535664
117192120
142627763
142628093
142628468
142628484
142628514
142628549
101403720
117207683
104241802
101912331
133661393
116999152
142628654
133662292
118805592
123249058 
118525956
116879386
117434612
117192228
116497742
117024783
136052967
137663307
118729446
120097249
118649523
118520954
136284078
106178105
101241623
101928513
11667251X
104703849
176607188 
116607394
136357369
189498889
128401656
116968443
117012424
130334138
121166724
107539802
128744405
135561507 
130475416
129348090
116693398
118558870
12241974X
135896495
122973542
122294505
118705288
101654901
100837360
100223354
117110213
133997731
116179929
118743953
119026066
117455733
118791877
124142796
119108372
118713930
102466505
129883794
133927237
132849356
118550071
118644882
118644890
116295694
116033320
120797593
124211054
116037660 
116124504
101415311
118658514
116164123
116238062
101836414
135553814
118796666
118515926
117759295
116101040
132467127
116177985
116661798  
129813362
11686298X
119061376
12329522X  
118701630
119099411
118709046
135689015
127516204
129972584
118706381
116963530
119208857
117753246
117046353
117046302
119404257
117049387 
12442838X
117614777
117101435
126717397
119097117
134002342
137748310
116536608
120034905
118724797
118567853
116677260
117639990
117639974
117676853
117297917
118575864
116859288
121256049
137037538
138144591
118582925
118736949
12788792X
100228003
117039926
117210358
118735977
117105589
11873914X
118814125
116323728
116373938
118745255
118749595
119491818
116807954
118608428
118608959
11688875X
118978179
117124931
119047322 
11745480X
117452416
117491950
118798316  
121334813
11861830X
119099969
118619926
120726327
118620223
104047496
118805908  
117249912
117296813
117327905
118632221
118633678 
130122467
117456705
119047071
117258369
1034919954
136255612
119000490
138144508 
138144516
138144559
138144532
138144583
118633821
189564024
1035173980
117347663
100546862
119411172
118912186
119227800
106246259
118512153
116000139 
1058377175
142521116
119260514
119089610
116013389 
1036101142 
116039477 
117767301
135666252  
118664123
142501395
124177204
126548250
116223774
104222875
189564512
115851755
1035241455 
116734353
1034677241
142610038
116063653
1049293924
1058385550
1047953072
136278167
119196190
116396342
132381370
124418376
105587281
116584084
116588896
116720042
142523739
118698389
118542818
118863371
11872052X  
000000
140810455
116520345
1038668271
116676922
1058565532
116687355
118549014
12433699X
116728280 
116957735
11881544X
136166253 
118707833
117062626
117058424
117081736
101413947
12214757X
122474910
14260500X
189481277  
116239905
116239913
137456964
120545322
122423380
131775510
120859858
11656671X
116575085
120738279
141338237
1043287094
1043505407
119228858
120187671
109788346
1058504444
12194252X
117196371
119143593
118747509
11952273X
117556408
11756883X
117003980
117004677
118801082
142609773
117020028
119551322
117081213 
142610372
133991350
174122594
142612227
138526400
142612499
11705397X
142614114
116030380
116133988 
142614297
118594303
130342904
116305290
116367253
116336099
116373059
116374276
116573627 
1045335053 
116711760
107133636
118750607
138643644
120527030
117330892
134511492
141324597
141324783
117517917
142505528
117045446
117045586
118610805
119542595
117072923
118761889
117124745
117176753
117177806
107428199
117284106
119505657
117284165
11908970X
117367745
11893838X
117124613
117124699
11712477X
11884699X
117263729
118755552
135422329
118618830
117391085
117199923
115631089 
1153739577
1045052213 
142502243
117423467
118625799
117389420
117464643
112155472
134117603
117178519
131151495
14262862X
108086585
117384658  
118807501
11869992X
118634577
119243229
116283564
127680802 
119029111
1050487192 
119031892  
189540346
120447606
116170433
120616491
116854685
142505927
102341095
116805730
118818902
118703870
112384684
118768182
118652818
118515667
119485613
119485621
118530356
118572024 
14260982X
116281383
118758934
11901470X
115554068
118541358
118563653
119340569
117591009
118747754
118591673
118740601
118623230
107774739  
142606405
118508393
119541424
11883195X
118517309
118523392
116824441
116797045
118706640
117082031
116178477
116172207
116231130 
116534443
118568744
118726935
118780034
118573543
117198285
118579304
116030399
116174404  
118749269 
123926572
119461919
117481165
118927191
118623907
118829998
117091405
117432563
118507893
118512706
116055162  
118525751
11854019X
118540327
117447129
11856224X
117322695
118835289
119035987
118569880
118572954 
118579800
118581864
118582267
118785273
118588427
107043637
118620959
11861214X
118617133
117488216
11863318X
117426350 
118509284
137749341
136399630
12018544X
136011861
136036228
136194788
132723360
116384476
120667738  
117751685
117285854
116557583
107941120
136849067
122179862
118532529
118593870
118816829
118520652
118538535
119207826
118647989  
118521977
115775854
102837422
118823795
118838598
119142511
136793517
122962060
100235441
115812067
122824458
122749715
117191949
116008385
119195526
12973120X
124343783
124420273
138887004
124550517
123254760
124547648
123102618
124664180
129703184
1011829029
122687981
124433650
124708617
121485641
123976685
116662549
115691928
104246073
102512663
12468324X
12110186X
124358659
116832002
130418498
102454795
122937856
121877078 
122559185
122057562
100084842
104079908
119243717
124461549
124299709
118574469 
10006020X
118688200
118795376
11876585X
142514969
118924958
118665413
121313026
10777609X
128654333
1065846118
138219109
189557400 
118559176
14251084X  
142610488
119216833
129484857
119102722
120661187
118501348
123504937
131994328
119127121
118508407
118702084
107402866
119453215
118680226
118529226
128618531
119555425
12357997X
118812556
1029999880 
105170860
124377130
142604550
119411156
118555979
105885746
118559451
115888519
116222255
124216617
119114046 
118564560
119120224
137655053
118568078
110535030
137820380
120062607
1058504614
128958944
12996249X
118869140
129440442
142502480
129335150
124730973
118817248 
118589660
116180102
136778321
120966581
118741764
118601318
118607073  
119538873
11860872X
142603759
142603791
142603864
118610384
118761676
132090155
118611550
11622892X
133522741
133950646
142502499
118680293
117351784  
11861813X
117305901
118815083
119191644
142628735
142501492  
141279362
133562352
136816606
135544432
130121282  
117608890
00000000000
116225521
126109001  
105079933X
135566665
133431789
142505978
128964081
135706319
133303438
119116189
142502278  
13741479X
1058384562 
135735742
142522805
13032194X
1050960483
116228962
116228865
116229004
126308284
136000274
116843527
118706942  
105557404  
117540447
130354295
142610615
124192157
117581887
142610631
142610658
139539484
139168648
119257149
142593036
142593052
116557702
117441872
138738475
118506390
119530767
117271977
119140802
117256668
116288469
122064232
116031778
119329751
129701416
13017193X
134483316
10062863X
119419173 
116500263  
142614262
117130192
136203280 
116570008
117291854
119489775
1065845723
1058458035
142623253
115308423
118876198
131362917
119311437
119322846
118842099
12339516X
119076047
124284442
127755489
118561936
118730851
119122510
1050799704
126542090
106015664  
117480584
104267437
117466972
139471154
141339608
141339640
137274882
141339667  
101725426
1058564579
136011888 
1058384503
1022601040
137011156  
118767658
126965552
116932996
118575015
136090028
137956347
136052924
136052878
136193617
136052851
1058384813 
1116754355 
1067121471 
142514896  
116290900 
139712615
102221928
124022723
119120690
10472837X
110384652  
128878401
120761599  
14127915X 
109052218
119490080 
118825607  
118509489 
115453083
10640606X  
124999158 
121046443  
137082479
  
120338297
118846752
139350977
108732835
118757571  
10880111X  
105401498
123700442
13257036X
101157231
117148334
118840851 
105315737 
101959354
101414137
118547992
101416806
131350943
118658085
116213264
116086173
189430451
13722429X
1051092531
117129038  
141283297
129849170
117001163
116179899
141283319 
140442626
101938829
11746466X
11639014X
101515189
11676659X
101414846
116816368
118551655  
107508451
116907738
1051856302
116870729
116541296
116766298
129871036
117074608
124004261
171939964
117060402
117317500
11949180X  
117062588
117035513  
128143177
115853820
101801114
118697560
116912227
1013859448
117522554
125798849
124077145
1051653487 
116011793
116864508
101908830
117339776
117022977
189455152  
117208795
1051091853
1051785448
104169923
118622285
101394047
118775200
127900098  
116032332 
116437294
13414872X
1011304740 
1051389100
1011597616
103567355X 
102221898
1013160460
116367164
11851900X
118580485
118575449 
110569660
102222738
189509090 
118504991
118659715
131724649 
11872245X
118678523  
11851136X 
1051093252
118782800
1051389585
142590681
118740784  
10144625X
117747718
1051856051
111525454
118571869
141339756  
127734406 
116169885 
116732466
116626836
101816987
11862122X 
104884967
119366851  
1050961439
118698575
141339748
11715749X
105278661 
10199835X
118154176
118588893
101720181
127764895
1024924408 
117577073
125438508
101414390
117208671
11853369X 
1065905955 
118514547 
101424809  
118845322
118740342 
118521993
118547720 
17213465X
125529996
119044625  
118624237 
11854957X 
118540238 
116896752
133613615
133253937
13329613X
116442603
119283301
117541680
118792970
123632609
118618393  
133439356
142521140
141339691
128198117
141325151
105165498X
1050799496
118540599 
1051092051
105838239X
1058570803
139902082
119489740
118539922 
120201933
11869202X
118546821 
1050225945
142588563  
142588628  
134205626 
141279087 
141279419 
142588687  
118811371 
119367378 
121755959
117335002  
1024952053
12078873X
11875565X 
118626930 
189411791
142522619 
129653144 
1050280342
1050280474
1050280660
116436204
116733659 
123306175 
118548123 
119071746
118974602 
119004275 
1050371542
124790607 
1050372131
1035113163
119166232  
142625019 
1050372425
118856510 
124653278  
1050686500
115607234
1050687019
132394235
118759353
119115247
138387885 
12420628X
118942107 
118967959
133777723
116228369
10420172X
123215730
1058458108
1058570641 
141325186
116826665
141337478
141337648
141338016
116606509
131998021
14133892X
141339055
141339098
141339152
141339195
141339322
118550756
128392924
141339772
118533959
118553321
123382432
104285850
117526770
133287270
141454008
141454075
119668297
128519096
189424958  
141454997
124349242
1058386042 
1058382543
1059251426
10433634X
117149039
1067135111
118599690
118632515
12360432X
115634061
171232909 
121664384
1177090759 
1067126228 
1067114297 
1119641063 
142515019  
14251506X  
101078854
1045038105 
142501247  
142501417  
14250226X  
142502332  
142502367
142502383  
142502405  
142502413  
142504653  
142504815  
139460969  
142505099
142506036
142515361
142521280
142521426
14252185X
142522686
142522740
142523178
142523461
142523593
118683020
133700305
116772476
142523852
142523933
142524107
142524212
142524336
142524344
142524395
137323298
142617946  
142589373
142589470
142589802
121234622
119465388
142591130
136438253
142591599
116796995
117017353
142592803
142592870
142593230
11893547X
142604828
128964294
142605107
142606081
133985504
142606545
117168149
142606782
142607096
142609323
142609498
142609579
14260965X
142611360
142612170 
142612359
142612677
142614394
139215336
14261811X
142618411
104303778
138334447
142624632 
142624624 
10412153X 
142624578 
119065371 
142626317
142626449
142626945
14262702X
142627704
142627887
142627917
142627984
142628050
13854638X
142628158
14262831X
142628352
142628441
142628492
142628522
117398985
142628638
119176661
142628743
116157933
14262876X
142628778
135724465
1055658262
116440619
118530496
1067130705
105857051X
1058382225 
1034658999 
1042164959
139480382
1058385712
1067127194 
1031266259
1058457861
119130599
136167306
11943654X
1058571354
118655876
117451711  
143466682
105838385X
1067129936
140194622  
1058457713
118585878
143410318 
1058385143
143338420
173181805
189414987
117145785  
1058564358
118501844
118544365  
118723510
118697390  
118655434 
123610311
118555642
118553437  
118541870
118555650 
100936040
100946305
118661469  
118513257
118541897
116055170
105659541
118707019
118554808 
1011620758
1012844161
133044440 
118697404  
11930466X
119539780 
118594710  
118655442  
173425127
124803385
1058383930
120512467
131946773
102688850
117006300
118545396  
115501258
124800424 
1042166056 
121081079 
1033143324 
184105544  
1033672416 
128363150  
103392198X 
128093250  
189538333  
1034181815 
141564830  
105160873 
1026350212 
103437270X 
1034373331 
1034373862 
1034374702 
1034375555 
1034392735 
1034624903 
1034625055 
137603304 
1035526484 
1035526646 
1035526824 
1035526972 
1035527081 
107046512
189538325  
1035621282
1035621495 
1035621827
1035621916
1035622076
1035622246
1035622440
103562253X
103562270X
1035622890
103562303X
12549372X
1035714620
1035714787
1035714957
1035715279
1035728761
1035731460
1035731770
1035732092
171613759
1035732823
1035788993 
1035789345 
1035790009
1035790238 
1035790432
189493313
1036102505
1036102874 
130357650
1036103471
130386499
1036103900
1036104184
1036104419
103610690X
1036109968
107113732
182714136
1036231038
1036231283
1036231550
1036237699 
1036238164
183070178
127849475
1036276627
1036276813
1036277003
172900271
115660461
108212084
113734557
120384132
124099157
118179918
110165268 
144049201
118591649
1042165491
11767673X 
1042165874
104216620X
1042166420 
1042166765
1042167001 
1042167443 
1042167591 
189424591
1042224218 
107134721
172362814
106150634
1013081161
119315645 
119184354
141886021
116901950
11924313X
112385109
117002291  
117060607  
133939170 
1027085415 
11913151X 
116678402 
116918691 
189416726 
140211292 
107559226 
1024268802 
1034713973 
122071697
1028329105
1026758459 
1013790049 
101646858X
122490363
131645307
133366979
130370770
121448568  
1029371989
123856760
189405643
170020061
171939883
189546824
120712873
121670481
142163910
119466201
121466949
122153960
133264580
109676548
103341896X
1013087305
124646050
115512195
120635135
120819546
123584531
172145961
119487160
118822160 
1025249704
173275621
118612468
171941764
117290548
172332095
1036441040
172140161
120717506
189530456
130533092
137071922 
174101791
140423745
143414135
1031832939
1031833331
189453842
118122835
107616181
116249374
140423923
172963397
103109024X 
116618434 
117135720
116624779  
116318694
143860968
117181692
1035153017
121215784
116851503 
111413508 
116823232 
1045172413 
11877722X  
104517324X 
1045173592
104517386X 
133844838 
1045174513 
1045174866 
1045178802
139912029  
116235489 
1045180165 
117331759  
1045180998
1045181404 
1045183156 
1045183350
11858300X
104518408X
1045184241
1045184489 
1045184616 
104233403X 
104525150X 
1045251682
119073048
1045252344 
1045255521 
128644141  
118843346
1045256250 
118926179
1045257273 
1045257435 
117277940 
1045257818 
1045257982 
1045258199 
1045258288 
1045258466 
1045258652 
1045258822 
1045259012 
1045259152
1045259233
1045259403
1058381180 
13357153X
104526072X 
104526086X 
1045261165
1045261386
11646352X  
1045263338
1045263540 
1045263982 
1045264091 
1045264237 
104526441  
119017792
119213451 
103105158
1045265225 
189406046  
135586380 
1045265322
1045265357 
1045403121 
1045403318
133550370
1045403474 
1045403857
123214513 
1045404101 
1045404225
104540442X
1045404519 
1045404683
1045404780 
1045404888 
13052025X  
126200564 
129410470 
118722050
101721072 
1045408050 
106711582X 
1045408336 
1045408433 
104540859X 
1045409189
1045409650 
189562242  
1045410179 
1045410365
141617055  
118697951 
1045411256 
101414765
18943371X
12118501X
1058382160
128944870
110055039
117438464  
125934378
189561092  
107016249  
1054323453 
118562894  
118740237  
118664573  
102156417  
118631888  
118560409
118769987  
124133673  
118707744  
118678434  
119346702  
115557741  
106691333  
113589352
123039576  
141778040  
140712933  
140713190  
119545950 
12757512X  
118562347
11861598X  
101414455 
116309644  
1051419506 
137014554
1018388095
136036147
189553758
189543906
135666732
138528241
13852808X
18942110X
171935284
13852825X
139094962
117639001 
174142684
128644796
104056428
172571863 
1146881444
1019421541
 143148613 
1212517318 
111311102X 
125178042 
1024987663 
133515265 
125432674  
122310594
118500562  
1014385547
1014441285 
1014035953 
137537980  
1014062659 
104270136  
1014279720 
101428497X 
1014414229 
118767728  
1014490413 
133036979  
101453405  
124660231  
135706734  
116455004  
123258499 
